2511.841 998.318 2592.000 1092.064 -0.837
1832.254 253.551 1896.833 347.305 -0.946
1431.065 401.437 1479.225 471.884 -0.975
594.634 1503.932 712.858 1610.868 -0.995
940.186 1521.623 1009.604 1592.155 -0.998
561.853 1387.088 613.526 1439.622 -0.998
893.021 1554.135 965.091 1623.318 -1.001
634.475 1108.944 695.580 1166.737 -1.015
1483.986 706.328 1542.519 756.922 -1.017
2084.629 812.663 2142.690 875.722 -1.020
844.565 973.203 902.946 1026.597 -1.024
807.480 1545.255 919.389 1641.796 -1.026
221.553 133.258 277.740 222.096 -1.031
563.422 1502.192 740.327 1658.154 -1.032
393.631 1554.533 837.898 1887.939 -1.036
1199.854 1479.311 1261.494 1545.074 -1.037
1042.985 1672.585 1087.678 1727.391 -1.038
970.519 945.506 1026.305 1002.099 -1.038
1088.283 1502.519 1152.685 1570.297 -1.041
1650.234 1711.532 1691.562 1763.429 -1.043
71.230 111.606 143.930 253.331 -1.043
1220.961 725.153 1313.887 790.236 -1.046
16.080 1485.611 648.831 1926.691 -1.047
1828.815 1857.405 1905.021 1934.907 -1.048
1840.796 1287.885 1898.385 1347.824 -1.048
2278.148 246.598 2342.557 362.759 -1.049
1051.689 1458.907 1156.804 1549.431 -1.050
2147.682 886.545 2210.143 960.627 -1.051
985.370 1174.793 1078.414 1297.256 -1.051
246.636 4.952 317.631 142.145 -1.051
1083.321 1203.466 1176.578 1284.826 -1.053
1152.857 1323.176 1224.783 1390.207 -1.054
314.282 1125.504 395.012 1190.302 -1.054
1766.657 795.440 1814.925 845.628 -1.055
97.285 484.320 134.579 537.114 -1.059
2204.901 692.970 2258.629 765.907 -1.059
176.780 7.931 247.684 140.490 -1.061
445.260 1335.995 504.463 1395.441 -1.063
2449.539 1392.679 2515.790 1462.460 -1.064
2415.829 1429.326 2487.086 1500.397 -1.065
2424.602 1527.568 2484.514 1590.459 -1.066
1026.997 616.429 1320.799 1122.264 -1.068
2205.931 716.999 2282.131 807.343 -1.069
2412.986 497.911 2463.504 564.428 -1.071
120.379 262.054 184.190 349.935 -1.071
2223.482 790.666 2273.929 842.021 -1.072
321.832 620.051 423.274 707.181 -1.073
1764.000 1872.357 1820.113 1936.799 -1.074
394.984 1034.656 564.945 1173.208 -1.074
1793.027 1728.255 1835.147 1781.314 -1.075
2251.396 873.004 2358.381 1030.710 -1.076
2403.591 595.067 2512.244 679.588 -1.076
2255.364 329.133 2308.846 405.499 -1.076
2241.424 847.259 2292.479 909.647 -1.077
1801.513 1133.729 1864.108 1191.364 -1.079
2233.196 815.476 2289.341 880.714 -1.079
1753.443 990.017 1824.665 1051.483 -1.079
103.566 472.758 169.235 551.103 -1.079
1077.642 376.066 1177.007 452.756 -1.080
1169.953 1238.970 1253.819 1311.562 -1.080
183.632 133.650 246.789 241.091 -1.080
1253.224 1292.470 1322.353 1357.145 -1.081
2474.841 887.163 2542.252 966.984 -1.081
2145.306 809.069 2203.271 875.933 -1.081
2413.028 261.457 2460.727 332.023 -1.081
587.807 1.000 805.713 131.765 -1.082
1076.873 2.249 1164.195 58.520 -1.083
1112.435 1397.235 1212.160 1480.950 -1.083
1877.525 1.000 1982.803 69.102 -1.083
1130.988 1314.011 1183.474 1369.396 -1.083
2464.119 1881.441 2512.245 1940.517 -1.084
1748.255 859.685 1797.849 911.477 -1.084
228.802 209.628 282.914 295.181 -1.084
1019.466 46.469 1100.045 100.035 -1.084
2500.716 974.622 2553.882 1028.858 -1.085
1768.449 1591.875 1902.356 1706.846 -1.086
1467.184 742.012 1559.139 812.046 -1.086
1900.928 259.214 2004.606 417.579 -1.087
1755.072 1035.821 1929.830 1180.942 -1.087
2228.051 1355.780 2575.713 1611.703 -1.087
1548.417 806.393 1616.165 865.786 -1.091
1998.977 1681.618 2055.425 1748.460 -1.092
908.862 1858.440 1000.473 1944.000 -1.094
1793.507 1132.621 1939.397 1361.308 -1.095
865.708 1402.836 1299.216 1712.694 -1.096
2181.335 973.514 2239.438 1030.513 -1.097
304.785 1012.699 420.624 1103.462 -1.097
866.888 1101.023 914.395 1153.232 -1.097
1351.595 11.449 1454.051 82.470 -1.099
1643.641 1040.759 1828.921 1371.800 -1.099
848.972 1845.751 950.175 1941.431 -1.099
2414.283 363.122 2459.700 420.121 -1.099
1522.169 1628.631 1603.055 1706.478 -1.100
2326.161 707.574 2582.056 1104.644 -1.101
1709.392 1854.111 1794.956 1929.809 -1.101
2105.780 912.667 2167.831 982.370 -1.102
2167.655 700.527 2271.939 858.825 -1.102
918.847 9.441 1012.592 70.772 -1.102
786.290 1883.067 849.646 1944.000 -1.102
714.994 580.731 776.878 631.588 -1.102
164.839 1170.139 220.950 1223.507 -1.103
2152.618 966.171 2204.971 1026.274 -1.104
1815.201 914.012 1872.417 964.476 -1.104
1399.023 1844.339 1472.966 1921.610 -1.104
271.165 1147.356 321.214 1189.679 -1.106
943.409 1044.811 998.378 1095.376 -1.106
1073.085 1075.146 1796.847 1617.301 -1.106
679.730 1274.535 760.324 1346.340 -1.107
1343.193 1626.603 1402.973 1695.886 -1.107
289.795 129.849 346.747 229.296 -1.108
20.438 921.601 86.577 983.720 -1.108
1235.933 1874.648 1292.363 1936.482 -1.108
942.321 1135.475 1020.402 1205.009 -1.109
380.778 804.727 447.117 862.530 -1.111
1537.522 998.514 1636.917 1078.919 -1.112
385.461 995.558 435.623 1046.450 -1.113
1355.925 239.270 1448.574 312.049 -1.114
587.576 113.276 1061.535 440.051 -1.114
2095.218 765.092 2264.299 1022.542 -1.114
487.766 965.562 547.195 1018.862 -1.114
1.000 59.314 2592.000 1925.582 -1.115
