10.264 18.154 407.854 466.749 -0.950
1986.602 215.517 2264.067 557.234 -0.954
1961.825 663.980 2352.657 1066.599 -0.967
566.508 1194.017 614.906 1285.367 -0.968
1997.616 641.994 2057.427 680.270 -0.977
1495.627 1255.045 1608.396 1297.750 -0.978
321.593 1765.797 484.580 1766.715 -0.983
1893.240 636.446 2592.000 1104.609 -0.985
1718.547 184.796 1976.330 509.759 -0.987
363.959 1557.751 406.881 1675.736 -0.988
1477.287 1111.590 1600.338 1289.623 -0.989
1716.710 1033.138 2018.098 1369.100 -0.995
1342.458 278.468 1473.382 312.849 -0.996
596.998 1587.004 634.313 1696.149 -0.999
734.475 452.783 1383.070 805.221 -0.999
442.838 1571.809 568.007 1554.419 -1.000
424.640 1576.672 560.752 1554.956 -1.001
299.927 1630.950 340.815 1723.472 -1.003
1325.567 242.651 1471.509 283.154 -1.004
2242.700 1416.120 2280.729 1509.489 -1.004
431.945 1518.141 467.944 1612.812 -1.005
427.091 1661.763 567.144 1643.622 -1.010
1666.104 613.004 1902.580 962.236 -1.010
2266.565 1420.618 2297.713 1531.868 -1.013
519.072 1409.242 659.416 1401.800 -1.018
420.565 1571.994 561.677 1560.861 -1.018
11.086 248.396 394.515 698.739 -1.023
14.774 26.714 617.843 707.353 -1.024
435.316 1570.856 553.408 1556.981 -1.025
2081.679 194.511 2463.296 527.701 -1.026
725.358 1472.228 762.742 1571.459 -1.026
120.270 948.181 178.244 1031.268 -1.029
1422.347 394.718 1476.242 468.239 -1.031
328.995 1555.890 389.639 1681.595 -1.032
1351.159 1530.147 1390.264 1654.523 -1.032
707.343 1228.973 761.904 1354.516 -1.034
1122.343 1522.405 1164.301 1609.307 -1.035
490.042 1417.058 640.603 1413.750 -1.036
293.964 1469.825 360.719 1598.848 -1.037
457.904 1381.822 613.356 1398.355 -1.038
1731.075 624.559 2064.787 997.296 -1.040
1485.227 1274.715 1638.891 1263.006 -1.040
1823.727 1374.568 1855.650 1450.161 -1.041
80.559 948.019 121.573 1021.970 -1.042
36.977 970.853 146.477 991.895 -1.043
1380.212 1174.840 1517.988 1163.515 -1.043
908.222 1507.501 955.952 1629.810 -1.044
2414.378 1414.013 2592.000 1391.718 -1.044
600.219 1401.638 675.719 1537.269 -1.044
1646.877 216.308 2491.047 657.814 -1.044
1269.057 1085.394 1426.031 1083.354 -1.045
1138.980 1424.849 1177.361 1531.324 -1.046
441.384 1574.426 562.620 1554.881 -1.047
495.959 1428.542 620.844 1414.401 -1.047
1402.846 1139.738 1546.598 1128.190 -1.047
1263.376 1456.365 1416.621 1444.861 -1.048
1177.260 1790.164 1213.606 1886.748 -1.048
1458.086 1289.767 1666.762 1310.688 -1.048
274.690 1582.445 396.588 1563.470 -1.049
1387.303 1113.775 1411.976 1196.915 -1.049
272.870 1566.121 383.415 1546.348 -1.050
266.569 800.461 444.699 1106.305 -1.050
351.725 758.961 1089.707 1418.354 -1.050
1147.821 1513.670 1201.020 1645.810 -1.051
769.799 96.992 1056.142 400.565 -1.051
638.004 1007.702 1253.142 1752.608 -1.051
479.850 1488.399 518.926 1593.971 -1.052
1069.201 1505.072 1276.092 1496.257 -1.052
442.327 1569.585 559.822 1549.815 -1.053
440.273 1568.075 572.840 1558.274 -1.053
1152.843 1609.864 1350.677 1603.964 -1.053
1287.594 1108.148 1354.544 1212.135 -1.055
520.983 1413.122 651.086 1408.504 -1.055
342.049 1424.196 372.381 1523.878 -1.056
430.434 1584.597 543.567 1560.630 -1.056
651.787 664.093 734.740 770.804 -1.056
597.340 120.208 669.382 216.620 -1.057
353.996 1762.409 494.892 1750.278 -1.058
1122.487 1526.117 1275.327 1511.238 -1.059
1519.168 328.750 1661.664 357.566 -1.059
374.287 1558.312 542.474 1572.089 -1.059
1536.102 604.074 2592.000 1845.126 -1.060
1.000 1395.844 12.066 1490.758 -1.061
1163.391 1359.039 1314.358 1339.564 -1.061
1742.498 1756.091 1905.604 1715.233 -1.061
305.919 1295.099 640.074 1719.194 -1.063
3.035 913.585 43.125 988.506 -1.065
1362.144 1084.750 1426.059 1195.214 -1.066
421.287 1572.528 536.389 1548.177 -1.066
1205.126 42.821 1528.069 402.779 -1.067
1520.964 1181.498 1673.754 1176.297 -1.067
1.000 1650.891 44.801 1757.487 -1.067
434.334 1660.288 575.134 1643.500 -1.067
2396.717 209.166 2592.000 510.808 -1.067
472.659 1569.637 594.527 1558.220 -1.068
1285.691 1086.537 1432.563 1085.074 -1.069
1285.963 1253.633 1315.885 1340.386 -1.069
30.001 1575.756 130.124 1545.947 -1.069
1057.139 1255.335 1195.313 1252.471 -1.070
1.000 874.575 270.497 1265.998 -1.070
444.317 1579.812 557.475 1551.211 -1.071
112.395 1496.009 378.665 1575.987 -1.072
1272.181 1092.673 1417.845 1081.353 -1.072
1523.165 1188.640 1681.645 1183.978 -1.073
1161.330 1356.210 1320.508 1351.677 -1.073
1259.460 754.598 1328.441 862.871 -1.075
25.771 1686.499 68.266 1788.959 -1.075
471.301 1568.586 600.886 1559.904 -1.075
4.158 1412.979 50.582 1517.457 -1.075
1090.640 1391.811 1228.267 1370.639 -1.075
535.221 1408.875 662.101 1398.528 -1.075
2339.103 1474.917 2544.627 1463.813 -1.075
1094.753 1667.449 1272.533 1653.923 -1.076
962.038 1539.552 1089.979 1507.554 -1.076
379.637 1676.624 407.789 1774.571 -1.076
636.539 283.718 679.689 330.158 -1.077
