1725.349 601.441 2592.000 1077.210 -0.370
1716.136 200.398 2422.710 534.145 -0.542
1487.501 1272.194 1629.899 1328.801 -0.645
1540.558 1164.585 1635.215 1206.739 -0.658
200.901 1543.536 311.469 1614.272 -0.667
1492.201 1237.554 1639.302 1302.427 -0.746
1447.353 1224.085 1666.590 1330.726 -0.760
1530.807 1198.336 1621.017 1245.790 -0.788
1779.558 1351.585 1910.371 1413.672 -0.851
1493.496 1151.540 1622.665 1222.593 -0.855
1415.141 1129.161 1635.573 1259.507 -0.863
1837.323 91.186 2592.000 684.549 -0.910
1206.071 570.280 1289.765 601.732 -0.924
1082.313 1067.799 1302.596 1169.933 -0.929
1715.295 1067.329 1921.882 1335.014 -0.932
2341.651 1506.099 2563.563 1634.525 -0.953
1706.689 1300.376 1808.360 1372.918 -0.957
369.591 700.155 463.026 742.795 -0.962
2254.677 1474.111 2582.329 1592.314 -0.963
595.068 1457.934 699.098 1525.525 -0.969
227.079 1747.651 284.541 1780.031 -0.970
32.104 234.143 77.331 302.094 -0.974
1592.255 721.338 1664.064 770.089 -0.985
630.247 809.298 1017.629 1111.598 -0.988
1051.634 782.887 1738.802 1095.414 -0.988
1.660 209.808 328.674 659.277 -0.989
1238.618 1081.681 1684.518 1406.329 -0.992
959.993 453.431 1224.308 805.355 -0.996
19.409 64.923 106.151 123.478 -0.997
372.357 1353.579 765.782 1648.992 -1.000
1202.781 1270.115 1244.678 1326.248 -1.002
1382.328 247.699 1480.060 310.411 -1.005
903.060 1612.818 954.399 1684.953 -1.007
17.819 105.418 77.518 186.185 -1.015
1186.088 530.795 1675.912 902.396 -1.016
1175.820 298.989 1298.296 392.956 -1.016
1430.717 384.347 1491.754 468.383 -1.022
200.974 7.997 249.312 73.083 -1.023
997.492 1672.945 1187.914 1767.434 -1.024
1646.666 1053.327 1947.945 1431.444 -1.028
1444.728 313.324 1493.624 375.093 -1.030
196.009 70.336 266.401 164.504 -1.030
1001.819 1079.102 1703.638 1591.055 -1.031
210.911 1211.139 801.775 1589.824 -1.031
706.261 1362.881 1560.719 1944.000 -1.032
290.548 725.129 404.961 804.619 -1.032
249.977 59.362 300.749 128.334 -1.033
20.029 31.005 127.755 175.601 -1.035
133.939 83.009 213.842 141.078 -1.039
149.357 1507.656 365.588 1655.151 -1.040
2054.991 1845.531 2185.649 1919.613 -1.040
271.440 71.701 336.807 165.424 -1.040
318.719 554.250 377.772 636.147 -1.041
219.340 29.540 332.879 173.983 -1.042
164.565 36.329 235.328 127.522 -1.046
226.271 1752.425 377.608 1805.387 -1.047
739.075 603.692 971.715 727.698 -1.047
1793.422 1413.111 1830.690 1462.051 -1.048
1644.866 1732.144 1705.757 1773.460 -1.050
1909.678 1927.515 1975.126 1944.000 -1.051
29.931 941.035 149.416 1023.944 -1.051
110.225 57.596 207.272 184.313 -1.054
2224.493 1456.273 2295.262 1551.180 -1.054
1674.334 128.364 1764.887 253.807 -1.059
2498.289 1903.226 2576.133 1944.000 -1.060
2183.471 1454.572 2258.311 1507.767 -1.060
1521.829 1654.166 1605.552 1711.903 -1.060
184.161 1699.896 299.401 1777.343 -1.062
1681.303 418.186 1745.344 468.222 -1.063
1241.358 61.157 1854.328 900.962 -1.063
1132.673 397.050 1215.366 455.451 -1.064
387.628 1010.745 457.973 1099.518 -1.065
59.747 1564.207 142.394 1615.375 -1.066
415.563 121.568 481.223 168.253 -1.067
1482.985 533.510 2592.000 1355.725 -1.067
79.895 74.979 206.042 250.610 -1.067
467.812 542.462 548.110 652.149 -1.067
156.296 937.298 250.312 1003.140 -1.068
485.954 1639.834 546.700 1676.275 -1.069
338.939 403.641 396.552 470.199 -1.069
1.000 1568.181 115.225 1645.155 -1.070
154.154 28.467 272.087 188.619 -1.071
1955.692 1884.380 2025.918 1944.000 -1.071
1689.540 1751.280 1740.843 1784.012 -1.071
201.516 319.948 447.759 674.398 -1.072
555.335 1618.296 663.431 1694.622 -1.072
586.277 633.743 1186.931 1088.592 -1.072
454.403 659.764 544.140 720.108 -1.072
1793.097 1901.781 1847.938 1944.000 -1.073
1929.877 1419.817 1994.157 1461.864 -1.075
1751.852 1434.095 1818.861 1479.895 -1.075
1045.603 408.676 1088.842 465.116 -1.076
1827.541 1527.889 1944.439 1603.233 -1.077
122.814 1582.639 202.437 1688.657 -1.078
1639.995 1888.428 1694.792 1944.000 -1.079
1.000 800.399 62.583 842.887 -1.079
267.137 1148.007 393.233 1233.299 -1.079
1727.073 1891.288 1784.065 1944.000 -1.081
388.806 1124.456 458.790 1170.338 -1.081
65.717 1535.944 165.045 1603.085 -1.081
621.859 499.011 684.790 547.099 -1.081
1.000 612.559 1026.859 1944.000 -1.083
3.557 2.538 173.499 132.215 -1.084
293.338 131.936 363.371 225.508 -1.084
2436.621 1923.844 2517.735 1944.000 -1.085
127.999 167.078 515.852 684.608 -1.086
1196.833 386.905 1270.269 443.162 -1.086
