1480.660 1103.816 1645.241 1260.863 -0.883
812.168 1566.448 1011.612 1644.672 -0.885
2354.018 1529.858 2466.482 1573.803 -0.891
1019.109 95.355 1729.430 499.195 -0.902
2248.625 1489.904 2385.805 1554.496 -0.902
880.044 716.351 973.123 759.208 -0.906
711.863 1049.827 1596.814 1561.168 -0.911
2207.095 142.398 2333.890 220.534 -0.923
71.375 169.924 111.952 251.578 -0.924
1471.262 1.000 1562.643 54.964 -0.927
2273.694 257.294 2347.133 348.392 -0.928
1404.071 877.043 1517.595 942.411 -0.938
962.874 1530.569 1140.884 1610.679 -0.941
2420.959 1908.623 2509.986 1933.189 -0.941
43.191 824.123 126.810 863.714 -0.945
1219.863 1540.387 1364.249 1606.326 -0.945
2204.217 247.007 2312.759 367.422 -0.948
1776.395 911.742 1833.154 943.763 -0.949
314.829 1850.464 470.796 1883.089 -0.949
535.339 1044.083 647.852 1085.458 -0.952
964.049 514.019 1702.933 863.601 -0.952
666.804 1771.035 762.262 1850.157 -0.954
129.321 673.106 2163.283 1488.057 -0.958
2077.364 421.385 2125.879 485.830 -0.960
373.817 546.608 476.631 637.775 -0.961
475.569 1657.711 568.495 1685.392 -0.963
