2191.253 229.431 2338.470 541.646 -0.283
1475.183 697.674 1653.474 877.858 -0.305
2070.785 660.315 2202.677 969.855 -0.326
1965.131 653.891 2297.986 1057.904 -0.351
1.000 15.793 259.805 708.074 -0.376
36.907 23.024 2592.000 1611.197 -0.471
1361.921 1629.348 1453.855 1748.440 -0.721
2400.385 1717.164 2592.000 1942.819 -0.723
2160.956 1745.367 2227.515 1830.477 -0.777
2488.849 1872.349 2592.000 1863.677 -0.782
6.979 1399.090 51.483 1477.077 -0.845
2346.833 1462.205 2447.827 1459.413 -0.866
965.188 1865.946 1095.863 1892.990 -0.878
524.523 1776.045 672.378 1824.242 -0.889
1510.228 1705.369 1625.771 1718.002 -0.895
17.631 1625.107 119.342 1647.369 -0.901
2484.734 8.834 2570.735 33.150 -0.937
1784.556 1883.066 1905.401 1890.092 -0.943
1707.627 1880.307 1825.054 1890.747 -0.948
561.695 1582.759 957.483 1784.512 -0.958
1898.879 1875.802 1956.743 1944.000 -0.960
1504.271 1855.060 1664.264 1891.309 -0.966
1336.107 1868.937 1434.065 1872.213 -0.974
2281.112 1604.719 2592.000 1732.294 -0.983
1076.652 1823.100 1204.312 1846.077 -0.984
2311.440 1635.565 2592.000 1936.707 -0.987
1737.764 1572.728 1973.976 1655.552 -0.992
16.934 1687.657 114.564 1706.264 -1.004
1540.240 1707.482 1594.206 1779.918 -1.006
5.387 1047.649 44.259 1124.279 -1.013
1452.103 1664.886 1511.989 1760.327 -1.022
928.049 1548.712 1048.811 1691.867 -1.025
2322.665 1374.450 2571.737 1881.609 -1.031
1601.016 1886.337 1704.805 1884.956 -1.038
2501.549 1874.226 2592.000 1865.248 -1.045
18.470 1842.095 139.696 1872.182 -1.052
2038.107 1414.209 2136.135 1412.823 -1.066
933.947 1673.248 1099.835 1727.755 -1.067
1510.286 1711.409 1637.582 1724.669 -1.068
972.674 1870.971 1023.202 1943.676 -1.069
1868.393 1858.585 1946.716 1944.000 -1.070
2490.586 1872.695 2592.000 1868.101 -1.072
324.212 1799.969 428.811 1811.122 -1.087
18.978 1653.708 213.257 1741.259 -1.088
1256.838 1565.717 1581.664 1727.243 -1.088
1341.059 1839.549 1411.411 1944.000 -1.094
1601.623 1561.622 1697.054 1669.524 -1.096
1172.365 1564.565 1241.562 1663.579 -1.107
254.857 1787.569 345.583 1795.944 -1.110
1161.645 1588.924 1469.217 1932.142 -1.112
1842.496 1841.428 1900.763 1928.070 -1.114
7.614 1588.622 58.010 1672.115 -1.117
1803.174 1875.408 1862.630 1944.000 -1.118
2409.873 1754.697 2520.793 1752.365 -1.120
9.247 1744.240 72.676 1855.593 -1.123
1572.885 1731.531 1731.373 1944.000 -1.126
2492.676 1857.005 2592.000 1850.530 -1.127
2498.889 1806.757 2592.000 1795.704 -1.134
1165.003 1542.301 1743.811 1807.886 -1.136
3.901 736.556 47.628 801.030 -1.142
2482.997 1865.063 2592.000 1863.208 -1.144
301.697 1709.847 426.028 1872.990 -1.144
1476.975 1807.867 1604.349 1817.099 -1.144
2491.486 1778.769 2592.000 1773.350 -1.145
1775.428 1837.193 1888.541 1844.936 -1.145
200.453 1761.185 315.182 1795.076 -1.149
2203.538 1752.735 2257.724 1819.883 -1.149
884.775 1892.511 983.904 1893.640 -1.150
1680.033 1770.342 1819.271 1943.448 -1.156
1286.461 1816.606 1385.871 1814.349 -1.157
2.115 1297.317 30.862 1360.055 -1.161
1954.266 1860.509 2073.169 1857.920 -1.162
2430.870 1736.418 2542.995 1733.275 -1.163
1787.678 1684.846 1864.431 1784.449 -1.164
906.122 1848.424 968.300 1942.575 -1.166
2281.912 1797.368 2390.867 1792.413 -1.166
2486.622 1771.867 2592.000 1769.397 -1.173
1137.285 1894.256 1238.286 1892.690 -1.177
2434.853 1723.893 2547.956 1722.643 -1.179
447.138 1735.800 600.266 1778.968 -1.179
1971.776 1668.868 2070.716 1776.856 -1.181
2226.345 1633.962 2284.395 1699.773 -1.182
2156.766 1761.225 2296.567 1782.236 -1.185
1902.642 1832.168 2002.517 1828.201 -1.187
188.559 1748.054 265.846 1866.414 -1.196
2500.149 1771.802 2592.000 1765.073 -1.198
1446.871 1832.112 1507.017 1911.700 -1.203
1989.104 1634.704 2122.599 1650.967 -1.203
929.351 1661.591 1002.843 1773.644 -1.208
2430.203 1770.470 2533.636 1765.434 -1.217
2262.191 1788.492 2379.839 1786.105 -1.223
1782.595 1817.855 1870.179 1944.000 -1.225
211.098 1660.097 357.002 1703.486 -1.225
196.185 1779.399 386.518 1849.631 -1.226
2114.728 1718.802 2178.866 1796.969 -1.226
2249.121 1614.567 2309.350 1684.164 -1.228
1990.473 1621.798 2121.196 1638.849 -1.229
1109.413 1594.753 1159.350 1668.520 -1.232
2385.092 1431.400 2488.595 1430.012 -1.233
2481.553 1658.062 2588.871 1656.693 -1.234
1603.809 1880.271 1703.571 1877.446 -1.235
499.394 1668.142 589.701 1677.907 -1.236
1092.200 1852.928 1156.766 1944.000 -1.237
2339.589 1461.216 2442.141 1459.626 -1.237
978.948 1743.306 1075.340 1745.835 -1.239
6.951 1252.722 61.754 1338.632 -1.240
10.984 1645.946 176.722 1858.114 -1.247
1504.918 1852.801 1571.786 1944.000 -1.248
2031.924 1420.952 2130.629 1419.917 -1.249
2353.886 1616.377 2462.792 1614.466 -1.250
415.498 1619.115 565.696 1659.948 -1.251
1821.111 1588.121 1918.866 1585.631 -1.252
1.402 1362.239 31.128 1418.522 -1.254
2438.729 1835.669 2547.081 1825.950 -1.254
1579.827 1896.606 1689.595 1894.163 -1.256
473.643 1795.770 571.066 1808.902 -1.256
2459.379 1700.328 2564.493 1696.268 -1.256
1121.731 1562.139 1192.160 1664.307 -1.260
2186.394 1867.003 2290.083 1860.717 -1.260
2004.588 1881.753 2134.750 1888.164 -1.261
2476.668 1743.335 2586.794 1740.865 -1.263
886.384 1702.666 1042.103 1748.346 -1.264
2355.985 1610.324 2462.928 1607.489 -1.265
2375.992 1795.021 2477.987 1789.342 -1.265
2413.722 1805.775 2520.391 1793.753 -1.266
2423.552 1737.024 2538.675 1733.219 -1.266
1397.070 1893.917 1499.647 1891.075 -1.267
2440.786 1736.422 2550.960 1728.397 -1.268
2399.173 1694.397 2506.383 1691.635 -1.268
2379.802 1429.422 2479.780 1427.917 -1.272
9.213 1829.202 50.284 1913.776 -1.274
2392.986 1384.039 2496.719 1381.623 -1.277
2399.390 1844.143 2517.731 1838.307 -1.278
998.383 1838.103 1070.140 1944.000 -1.279
1520.927 1710.978 1626.709 1708.000 -1.281
349.771 1519.018 903.331 1836.036 -1.282
1089.216 1569.713 1145.055 1660.847 -1.283
2422.692 1770.835 2529.784 1764.194 -1.285
2235.773 1523.827 2387.751 1699.706 -1.287
1126.436 1813.364 1173.334 1893.329 -1.288
2406.791 1755.429 2509.366 1750.921 -1.289
6.395 938.494 48.559 1007.191 -1.292
1813.857 1861.461 1976.847 1888.997 -1.294
2124.298 1728.987 2205.397 1825.374 -1.295
2259.065 1775.335 2318.594 1849.074 -1.295
1026.619 1570.900 1237.457 1654.336 -1.295
2119.102 1532.807 2219.121 1531.337 -1.296
1445.065 1711.851 1637.088 1944.000 -1.299
2188.981 1670.865 2248.275 1745.132 -1.300
2279.553 1799.578 2385.479 1796.854 -1.302
2236.089 1792.955 2369.038 1804.114 -1.303
1709.860 1707.194 1890.974 1941.545 -1.304
113.923 1671.849 417.683 1834.238 -1.306
1075.643 1658.372 1130.487 1729.167 -1.306
2435.889 1739.969 2542.068 1730.774 -1.307
2146.901 1647.585 2208.951 1717.274 -1.308
1989.978 1873.194 2094.289 1870.600 -1.309
2184.687 1748.304 2262.901 1850.461 -1.309
1412.480 1823.812 1513.708 1820.222 -1.310
2406.134 1695.070 2509.993 1686.675 -1.311
2456.942 1811.054 2571.999 1807.483 -1.312
2500.482 1777.800 2592.000 1771.779 -1.312
2027.774 1350.682 2559.048 1921.741 -1.313
791.578 1892.199 889.215 1894.361 -1.313
2.020 1565.276 67.783 1722.344 -1.315
2484.822 1868.810 2592.000 1863.991 -1.315
1584.482 1894.718 1690.185 1890.537 -1.316
1293.385 1895.156 1399.199 1894.020 -1.318
2400.722 1862.023 2513.856 1858.261 -1.318
186.523 1650.317 281.513 1666.289 -1.323
2366.762 1470.014 2479.556 1468.901 -1.323
2477.748 1737.482 2584.043 1731.012 -1.324
2441.128 1728.475 2549.702 1724.426 -1.328
2440.884 1646.526 2545.121 1639.691 -1.328
2488.328 1753.511 2525.620 1740.218 -1.329
18.075 1527.527 373.197 1710.190 -1.334
2424.188 1768.178 2534.919 1766.446 -1.337
2280.588 1795.788 2383.590 1787.955 -1.339
111.356 1854.234 210.239 1868.746 -1.339
6.078 1105.516 54.322 1185.316 -1.343
1056.317 1793.229 1125.765 1890.575 -1.343
2407.770 1794.148 2444.720 1783.467 -1.347
1958.207 1862.167 2072.295 1860.862 -1.355
1609.535 1361.708 1835.706 1916.776 -1.355
2488.874 1704.826 2592.000 1703.246 -1.356
2494.103 1768.577 2592.000 1766.830 -1.357
2433.853 1729.207 2550.708 1727.459 -1.364
2498.293 1787.001 2592.000 1778.651 -1.370
1580.090 1893.756 1680.583 1889.241 -1.370
2488.889 1835.209 2592.000 1833.395 -1.373
5.651 1315.609 65.361 1412.954 -1.374
2436.924 1729.613 2544.281 1724.676 -1.374
2414.082 1728.632 2516.650 1722.798 -1.376
2296.961 1806.438 2407.705 1798.347 -1.376
1277.645 1847.911 1379.734 1846.400 -1.380
4.009 695.921 55.234 770.492 -1.381
2074.369 1717.145 2175.656 1711.061 -1.381
9.969 1627.499 253.655 1925.828 -1.381
2418.742 1637.368 2525.780 1629.995 -1.382
1976.914 1844.404 2035.983 1915.713 -1.383
1529.097 1715.155 1628.233 1713.669 -1.384
2433.167 1886.156 2557.065 1883.986 -1.385
1870.836 1814.862 1973.246 1814.164 -1.391
1108.013 1822.109 1189.184 1938.575 -1.392
2546.516 1784.355 2585.909 1777.190 -1.393
1608.899 1815.845 1713.536 1814.038 -1.393
1989.814 1872.151 2095.809 1868.086 -1.394
2382.163 1901.376 2492.812 1885.320 -1.395
2551.023 1881.383 2584.731 1869.682 -1.397
2263.202 1793.572 2372.084 1788.099 -1.398
4.824 1193.034 50.256 1269.710 -1.402
1953.455 1859.985 2062.923 1858.716 -1.402
1067.284 1678.659 1132.943 1789.026 -1.405
2433.575 1643.444 2549.955 1639.766 -1.406
2556.083 1851.041 2591.875 1848.243 -1.406
862.087 1517.535 1020.087 1713.654 -1.406
690.133 1511.242 1150.440 1737.594 -1.409
23.847 1463.080 517.104 1793.584 -1.409
2135.548 1778.591 2245.942 1773.430 -1.410
2491.586 1700.975 2592.000 1698.181 -1.411
2246.361 1575.780 2347.478 1568.840 -1.414
830.401 1870.992 880.025 1944.000 -1.415
2461.713 1797.408 2577.244 1795.562 -1.416
2548.162 1869.110 2584.854 1861.078 -1.416
1963.068 1878.070 2020.591 1944.000 -1.419
2145.367 1747.536 2256.684 1741.196 -1.422
2270.830 1795.691 2375.726 1787.830 -1.422
2382.378 1900.013 2493.705 1888.223 -1.423
2480.394 1821.323 2592.000 1820.283 -1.423
1011.666 1483.854 1173.328 1912.263 -1.425
2220.907 1567.785 2324.113 1559.188 -1.426
2407.552 1862.988 2516.535 1860.685 -1.428
2422.511 1733.671 2541.651 1732.045 -1.428
2316.988 1753.389 2424.724 1749.320 -1.428
2001.552 1863.938 2060.690 1930.660 -1.428
2370.366 1471.848 2479.619 1470.287 -1.430
2377.160 1474.352 2479.100 1467.332 -1.430
2264.222 1676.903 2370.265 1673.379 -1.432
1.000 948.286 63.574 1104.929 -1.432
941.937 1860.245 1037.410 1863.523 -1.432
2501.432 1757.283 2592.000 1748.257 -1.434
2085.465 1718.712 2193.572 1716.204 -1.434
2499.326 1810.205 2592.000 1806.007 -1.436
2326.608 1841.044 2442.562 1839.628 -1.438
2488.242 1777.994 2592.000 1775.494 -1.440
1720.684 1801.401 1821.561 1798.986 -1.440
2467.451 1653.747 2571.539 1647.255 -1.440
2325.710 1844.024 2431.290 1836.264 -1.441
2476.559 1827.135 2588.757 1826.056 -1.441
1521.368 1714.315 1622.645 1712.701 -1.441
1991.896 1880.107 2106.476 1876.739 -1.443
2009.001 1693.926 2118.993 1691.332 -1.443
805.330 1668.886 1119.119 1828.587 -1.444
2483.588 1828.531 2590.250 1819.385 -1.444
2483.260 1747.804 2587.733 1741.920 -1.445
2353.399 1512.528 2457.160 1508.732 -1.446
1000.591 1590.726 1095.915 1589.076 -1.446
1943.810 1855.106 2053.211 1849.355 -1.448
2380.763 1819.915 2487.520 1813.954 -1.449
2406.118 1866.624 2513.390 1858.223 -1.449
1925.024 1630.930 2078.524 1817.962 -1.451
2482.355 1658.002 2592.000 1655.410 -1.451
2476.788 1745.415 2582.831 1740.117 -1.451
2383.444 1782.619 2417.827 1773.472 -1.452
2423.018 1726.857 2540.926 1724.661 -1.453
861.804 1868.619 910.888 1943.760 -1.453
2203.799 1701.871 2313.772 1699.702 -1.454
2499.823 1667.436 2592.000 1664.238 -1.455
2408.914 1815.771 2444.181 1808.151 -1.455
6.787 1427.793 58.198 1518.481 -1.457
2363.561 1516.235 2467.437 1515.172 -1.457
1995.962 1875.161 2099.121 1868.592 -1.458
2321.768 1600.121 2427.645 1598.421 -1.463
1599.423 1895.906 1704.510 1891.741 -1.463
904.597 1452.279 1518.722 1836.481 -1.463
2035.537 1862.978 2141.368 1859.876 -1.465
815.363 1882.135 921.138 1889.578 -1.467
1850.979 1645.452 1904.154 1716.923 -1.467
2033.516 1701.050 2135.961 1696.298 -1.468
2389.938 1880.981 2498.339 1875.335 -1.468
2252.228 1478.865 2356.059 1475.526 -1.468
1674.595 1556.993 2006.500 1935.016 -1.468
1838.752 1859.276 1939.524 1851.433 -1.469
2250.121 1578.214 2364.479 1576.645 -1.469
1597.708 1895.641 1706.517 1892.912 -1.470
2385.024 1876.165 2424.225 1872.886 -1.470
1709.146 1896.316 1824.872 1892.522 -1.472
2432.324 1749.982 2465.729 1747.474 -1.472
2490.113 1831.144 2592.000 1827.082 -1.475
2417.878 1769.098 2528.191 1762.098 -1.475
2310.131 1895.881 2421.155 1890.068 -1.476
2389.493 1705.646 2499.486 1699.289 -1.476
2343.319 1872.827 2448.465 1866.971 -1.476
2398.640 1833.749 2504.510 1825.779 -1.476
2389.055 1628.165 2493.172 1624.689 -1.476
1640.517 1763.137 1740.839 1758.507 -1.477
1785.143 1839.103 1884.020 1836.960 -1.477
1531.909 1892.969 1634.120 1890.520 -1.477
2326.642 1896.464 2434.483 1889.263 -1.478
899.125 1897.447 999.024 1895.078 -1.478
2256.422 1658.297 2364.006 1656.333 -1.478
1500.799 1866.005 1599.463 1862.157 -1.478
1956.208 1865.031 2059.212 1857.019 -1.479
2450.331 1647.217 2556.018 1639.261 -1.481
2398.416 1686.914 2507.411 1681.396 -1.482
2463.856 1760.904 2500.604 1752.019 -1.482
2480.750 1840.543 2592.000 1838.181 -1.483
2353.797 1613.339 2462.325 1607.872 -1.483
2490.293 1827.509 2592.000 1822.995 -1.483
1958.001 1855.799 2058.751 1851.542 -1.485
2186.642 1778.796 2295.234 1776.163 -1.487
2398.882 1887.177 2506.961 1881.701 -1.487
2034.425 1897.404 2146.870 1893.052 -1.488
2417.017 1815.653 2452.429 1807.405 -1.488
2181.288 1866.252 2291.892 1861.036 -1.489
2422.332 1746.941 2524.772 1738.488 -1.489
2392.550 1875.334 2496.866 1866.090 -1.490
2499.281 1700.668 2592.000 1692.841 -1.490
2346.165 1326.566 2446.103 1325.148 -1.490
2403.700 1630.105 2507.570 1622.880 -1.490
2395.326 1472.606 2497.478 1466.772 -1.491
2128.047 1777.403 2239.726 1775.116 -1.491
1700.307 1853.001 1805.890 1851.489 -1.492
2345.249 1865.773 2450.156 1860.581 -1.492
2390.443 1890.669 2499.916 1878.832 -1.493
2358.267 1883.351 2468.396 1872.688 -1.495
2549.968 1793.706 2585.317 1784.608 -1.495
455.330 1.000 507.084 22.034 -1.495
2425.479 1748.609 2465.065 1741.632 -1.496
4.762 877.836 56.055 956.424 -1.496
2444.341 1766.132 2483.379 1758.482 -1.496
2490.303 1839.683 2592.000 1836.406 -1.497
1892.298 1881.577 1998.719 1877.910 -1.497
2441.780 1816.567 2475.428 1804.459 -1.498
2144.718 1744.473 2250.207 1742.680 -1.499
2499.794 1852.121 2592.000 1843.173 -1.500
2372.422 1802.042 2480.503 1798.737 -1.502
3.132 824.124 68.801 905.995 -1.502
2442.506 1779.642 2550.482 1774.558 -1.503
2346.047 1510.652 2451.163 1507.130 -1.504
2130.286 1769.340 2236.559 1768.300 -1.504
1602.070 1831.739 1704.812 1830.261 -1.506
2436.158 1770.114 2544.439 1768.648 -1.506
2178.581 1761.833 2280.956 1757.706 -1.507
1585.774 1840.969 1688.039 1835.951 -1.507
2479.966 1659.602 2592.000 1658.249 -1.508
2414.117 1793.340 2517.693 1787.174 -1.508
1959.606 1854.268 2079.871 1859.809 -1.510
2204.954 1795.649 2315.324 1792.921 -1.510
2431.546 1728.841 2542.221 1725.579 -1.516
1209.631 1754.248 1303.540 1752.824 -1.517
2448.001 1814.885 2481.384 1805.110 -1.518
2146.236 1742.717 2180.703 1739.651 -1.518
2471.546 1868.613 2591.123 1866.313 -1.520
2492.418 1787.345 2592.000 1782.582 -1.521
2143.792 1751.359 2256.784 1748.126 -1.521
2473.096 1804.311 2589.932 1802.615 -1.521
2465.537 1816.307 2579.802 1808.133 -1.523
37.125 1342.242 924.771 1885.126 -1.523
2405.077 1857.120 2512.744 1852.098 -1.523
2459.124 1703.657 2568.638 1699.997 -1.525
2498.952 1835.005 2592.000 1826.298 -1.526
2366.129 1799.828 2472.570 1797.956 -1.528
2288.087 1888.477 2413.641 1886.301 -1.528
1586.815 1889.786 1689.321 1884.819 -1.528
1703.659 1857.765 1807.169 1852.592 -1.529
2198.660 1716.753 2314.372 1713.808 -1.529
1421.576 1896.773 1522.475 1889.190 -1.529
2000.480 1486.501 2099.491 1483.969 -1.530
1.000 1372.735 67.253 1486.490 -1.530
2388.019 1470.506 2487.506 1464.244 -1.530
2421.513 1632.680 2523.055 1621.915 -1.531
2145.833 1896.308 2258.458 1891.760 -1.531
2398.385 1838.137 2512.668 1833.011 -1.532
2002.302 1879.735 2109.961 1876.766 -1.533
2449.652 1726.828 2563.518 1725.214 -1.533
956.995 1850.213 1001.685 1930.751 -1.533
1595.232 1895.257 1697.269 1890.395 -1.534
785.700 1894.852 886.313 1897.233 -1.535
1817.601 1846.049 1929.332 1843.145 -1.535
2351.653 1839.702 2456.527 1836.289 -1.537
2464.934 1706.641 2501.249 1696.304 -1.537
2448.681 1737.881 2560.963 1731.470 -1.537
2484.756 1826.057 2592.000 1824.223 -1.538
2113.374 1525.346 2212.069 1521.687 -1.540
1230.109 1722.598 1327.918 1718.833 -1.540
1869.900 1752.673 1973.630 1749.673 -1.541
2481.874 1887.285 2592.000 1883.324 -1.543
2333.558 1702.121 2438.850 1694.850 -1.543
2392.167 1752.559 2517.005 1751.337 -1.543
2382.821 1659.591 2483.671 1654.544 -1.544
851.937 1807.617 1089.021 1895.277 -1.545
2335.669 1845.828 2440.669 1834.143 -1.545
387.647 1.000 457.690 39.516 -1.545
2470.733 1768.612 2586.742 1767.321 -1.546
1881.519 1864.442 1982.105 1860.799 -1.546
1864.902 1877.860 1901.608 1875.604 -1.548
1562.624 1759.441 1663.359 1757.294 -1.548
2414.466 1744.389 2530.180 1740.468 -1.548
2400.432 1754.061 2511.539 1748.627 -1.548
2501.348 1865.253 2592.000 1861.375 -1.548
2351.447 1837.040 2460.313 1834.854 -1.548
866.859 1.000 934.408 28.807 -1.549
2446.252 1728.439 2549.095 1724.264 -1.549
2356.341 1786.811 2466.121 1783.911 -1.550
2459.143 1738.362 2565.937 1736.335 -1.551
1498.718 1872.019 1601.397 1869.127 -1.552
1836.148 1648.166 1937.430 1640.481 -1.553
2479.546 1744.588 2592.000 1742.419 -1.553
2050.935 1706.818 2153.871 1700.456 -1.553
2056.810 1637.426 2159.206 1634.670 -1.553
2284.942 1801.552 2391.376 1798.215 -1.554
1601.569 1761.636 1703.436 1759.459 -1.554
1743.434 1892.621 1848.463 1891.559 -1.554
2309.593 1840.595 2417.622 1833.392 -1.554
2112.002 1729.133 2216.463 1726.340 -1.555
2425.210 1710.959 2534.442 1708.648 -1.556
2444.975 1724.477 2548.609 1718.884 -1.556
2298.618 1494.657 2400.456 1493.177 -1.557
1951.727 1862.814 2052.979 1857.870 -1.557
2370.505 1471.881 2473.733 1467.226 -1.558
1836.042 1854.842 1940.478 1852.044 -1.558
2438.019 1839.543 2542.180 1833.083 -1.558
1608.142 1833.606 1709.294 1827.648 -1.559
1783.021 1785.321 1881.624 1781.032 -1.559
2260.296 1479.174 2363.167 1474.054 -1.559
2551.884 1690.093 2587.380 1675.989 -1.559
2178.687 1551.225 2284.784 1549.718 -1.562
2184.175 1764.972 2288.638 1759.465 -1.562
2486.526 1860.254 2592.000 1856.428 -1.562
1760.677 1892.419 1866.188 1890.931 -1.563
1216.520 1822.805 1313.990 1821.549 -1.563
2135.891 1535.400 2235.253 1532.384 -1.563
2269.149 1753.745 2375.598 1751.711 -1.564
2390.504 1900.667 2505.027 1887.640 -1.564
1437.326 1759.534 1534.253 1757.145 -1.565
2388.303 1626.147 2500.863 1624.817 -1.566
2270.556 1745.581 2374.328 1743.931 -1.566
1768.244 1887.984 1875.268 1885.265 -1.567
1872.892 1447.160 1973.360 1445.277 -1.567
2463.771 1345.886 2566.707 1343.927 -1.569
1744.903 1887.556 1845.808 1883.566 -1.570
2427.375 1740.553 2537.790 1735.905 -1.571
2398.404 1881.199 2504.215 1876.518 -1.571
2465.513 1653.420 2571.788 1647.648 -1.572
2461.324 1810.139 2569.467 1804.253 -1.572
2433.973 1548.366 2538.874 1545.968 -1.573
2546.452 1689.732 2586.944 1679.555 -1.573
2365.429 1806.774 2478.551 1798.577 -1.573
2373.815 1817.537 2489.922 1814.806 -1.573
1876.966 1752.978 1978.386 1748.541 -1.574
2434.876 1502.491 2538.183 1498.202 -1.574
2468.811 1868.145 2580.211 1857.949 -1.575
2097.593 1675.031 2201.855 1670.847 -1.575
1429.812 1861.227 1530.139 1859.651 -1.575
2548.404 1854.608 2589.574 1842.458 -1.576
1878.517 1874.434 1982.884 1866.738 -1.576
2460.565 1710.080 2575.452 1704.700 -1.576
2215.420 1606.579 2317.288 1602.467 -1.576
1523.455 1893.746 1623.366 1892.091 -1.576
1990.605 1877.035 2107.133 1875.106 -1.577
2295.222 1836.544 2403.447 1827.569 -1.578
2183.539 1780.179 2291.435 1773.373 -1.578
2118.652 1386.077 2215.963 1382.333 -1.580
2343.549 1879.679 2379.377 1868.490 -1.580
2326.705 1881.710 2364.226 1870.457 -1.581
7.731 1158.614 58.726 1242.032 -1.581
2527.581 1673.077 2562.976 1663.743 -1.582
2189.177 1553.826 2299.320 1550.361 -1.583
2324.784 1813.679 2433.891 1808.157 -1.585
2404.954 1846.364 2514.393 1836.321 -1.585
2181.759 1761.403 2295.449 1759.662 -1.585
1334.172 1877.266 1436.382 1875.697 -1.586
2179.746 1780.297 2292.021 1774.473 -1.586
1960.102 1855.966 2071.230 1853.914 -1.586
2175.086 1784.515 2281.687 1781.713 -1.589
2486.408 1836.736 2592.000 1833.808 -1.590
2434.849 1640.228 2541.024 1631.340 -1.590
2497.132 1661.999 2592.000 1655.213 -1.590
2491.651 1822.617 2592.000 1820.496 -1.590
1975.030 1867.014 2078.792 1857.937 -1.591
1388.544 1770.629 1490.102 1767.193 -1.592
2370.740 1375.446 2472.296 1371.280 -1.592
1.000 1054.101 64.382 1162.921 -1.592
2265.999 1599.222 2300.875 1596.470 -1.592
2439.769 1776.309 2475.282 1766.430 -1.592
1533.289 1327.293 2588.028 1921.423 -1.592
2314.931 1872.726 2426.088 1869.988 -1.593
2272.579 1802.100 2375.328 1798.040 -1.594
2483.118 1737.250 2589.213 1735.500 -1.595
2306.790 1901.019 2419.548 1889.631 -1.597
2205.572 1692.597 2314.049 1691.360 -1.597
2436.869 1643.873 2547.879 1642.701 -1.597
1972.627 1675.253 2074.156 1670.326 -1.597
2433.324 1839.183 2545.292 1832.500 -1.598
2429.615 1886.722 2560.726 1884.740 -1.598
2286.253 1796.683 2389.114 1791.958 -1.598
1725.996 1803.500 1831.877 1801.575 -1.599
2144.744 1485.630 2245.753 1483.541 -1.599
2416.530 1634.928 2531.790 1632.695 -1.599
2409.064 1841.295 2521.094 1828.418 -1.600
1515.939 1707.077 1613.193 1704.448 -1.601
2441.956 1643.497 2558.514 1639.713 -1.601
2394.318 1430.341 2495.860 1426.956 -1.603
1877.267 1896.986 1984.073 1888.634 -1.603
2201.718 1752.676 2303.046 1751.416 -1.603
1775.081 1851.751 1885.793 1849.096 -1.603
2441.472 1723.448 2563.757 1722.060 -1.604
2436.479 1773.627 2474.587 1769.577 -1.605
2444.255 1739.453 2549.018 1734.617 -1.605
2216.925 1642.015 2316.170 1640.711 -1.606
2484.349 1849.642 2592.000 1841.280 -1.606
1833.283 1645.952 1939.064 1642.550 -1.606
2046.714 1761.528 2152.932 1758.594 -1.606
1774.206 1657.544 1873.730 1654.217 -1.606
2281.048 1806.693 2396.064 1802.644 -1.607
2302.842 1811.643 2410.584 1804.002 -1.607
2214.688 1561.841 2315.645 1559.375 -1.607
2382.939 1888.690 2493.955 1884.285 -1.608
1903.929 1888.295 2007.005 1883.610 -1.609
1744.821 1785.882 1844.105 1781.699 -1.609
2395.422 1378.161 2492.218 1374.032 -1.609
1775.870 1838.996 1878.764 1835.816 -1.609
1948.199 1770.218 2050.880 1765.949 -1.610
1536.600 1717.016 1637.448 1713.363 -1.610
1710.725 1886.844 1825.104 1885.735 -1.611
2348.178 1897.189 2461.825 1890.364 -1.611
2406.898 1771.356 2516.855 1768.850 -1.611
2519.232 1689.419 2554.866 1681.559 -1.612
2326.130 1818.713 2433.480 1812.187 -1.612
2517.920 1673.309 2555.995 1663.502 -1.612
2311.547 1602.626 2421.524 1601.055 -1.612
2308.081 1405.130 2409.232 1403.823 -1.612
2551.064 1818.429 2587.172 1804.870 -1.614
1574.145 1895.618 1680.912 1889.311 -1.614
2182.322 1767.063 2290.315 1765.344 -1.615
2432.521 1815.168 2469.096 1806.970 -1.616
2340.625 1605.441 2440.860 1600.049 -1.616
2489.269 1663.563 2592.000 1656.804 -1.616
1964.137 1772.142 2065.838 1765.278 -1.617
2498.987 1827.742 2592.000 1820.256 -1.617
2447.208 1787.078 2483.289 1775.715 -1.617
2500.695 1820.135 2592.000 1813.292 -1.617
2216.749 1810.329 2324.195 1799.751 -1.617
2368.559 1823.167 2404.232 1817.679 -1.618
660.831 1.000 736.149 34.885 -1.618
2347.256 1839.784 2462.407 1838.600 -1.619
2222.467 1810.110 2330.847 1805.184 -1.619
2485.524 1844.096 2592.000 1836.075 -1.619
2387.440 1900.630 2496.348 1888.209 -1.620
1553.475 1676.899 1651.257 1672.792 -1.620
2454.633 1860.143 2578.226 1852.005 -1.621
2462.154 1746.443 2566.340 1740.065 -1.621
2560.770 1882.107 2592.000 1868.487 -1.622
1885.500 1875.054 1989.116 1866.756 -1.622
1846.822 1806.477 1950.372 1804.717 -1.622
1853.826 1864.379 1954.747 1862.400 -1.623
2403.304 1634.757 2510.493 1633.699 -1.623
1570.960 1739.451 1668.263 1735.214 -1.623
2547.417 1750.442 2588.970 1746.643 -1.623
1782.930 1897.829 1892.089 1891.795 -1.623
760.282 1892.724 864.725 1896.777 -1.623
1728.810 1801.803 1829.869 1796.172 -1.624
1207.063 1711.727 1306.040 1709.766 -1.624
1972.604 1777.669 2074.570 1775.351 -1.624
2411.876 1658.333 2518.220 1655.747 -1.624
2407.683 1792.103 2450.948 1790.349 -1.625
2425.812 1391.430 2527.278 1388.744 -1.626
2286.766 1745.943 2391.069 1742.362 -1.626
2138.673 1771.479 2241.444 1765.924 -1.626
2550.330 1804.535 2588.430 1784.215 -1.627
2373.047 1898.683 2484.117 1888.294 -1.627
2499.764 1742.581 2592.000 1731.980 -1.628
1980.593 1865.473 2084.760 1857.755 -1.628
2000.762 1873.689 2111.311 1870.875 -1.628
2396.150 1694.034 2499.917 1686.077 -1.629
2012.303 1880.376 2122.703 1876.069 -1.629
2205.301 1628.330 2312.906 1624.563 -1.629
2331.224 1601.948 2437.538 1596.946 -1.629
2460.485 1689.347 2575.745 1688.170 -1.629
2424.739 1637.862 2530.425 1631.747 -1.630
2372.843 1809.118 2481.562 1801.680 -1.630
1546.325 1896.809 1650.887 1891.955 -1.630
879.267 1757.953 1235.997 1909.743 -1.631
2150.203 1541.054 2249.692 1537.742 -1.632
2018.751 1755.489 2122.241 1748.701 -1.633
2399.821 1816.128 2435.559 1807.816 -1.634
1539.166 1848.426 1643.531 1845.619 -1.634
2402.117 1793.365 2443.075 1786.804 -1.634
2546.677 1553.200 2586.539 1548.812 -1.634
2487.169 1821.376 2592.000 1815.608 -1.634
1985.649 1588.445 2087.874 1584.207 -1.634
1877.399 1.000 1937.727 24.243 -1.634
2230.395 1573.096 2331.672 1570.451 -1.635
1398.220 1.000 1456.679 22.850 -1.636
2426.494 1740.365 2466.117 1738.768 -1.636
1901.893 1827.317 2004.282 1823.679 -1.636
2469.087 1658.933 2573.765 1653.592 -1.637
2268.243 1423.714 2370.735 1422.521 -1.638
2427.482 1738.800 2472.186 1733.500 -1.638
1925.282 1897.589 2030.989 1889.267 -1.638
2373.647 1882.267 2487.018 1878.450 -1.638
728.644 1.000 783.201 43.942 -1.639
2482.270 1769.257 2592.000 1765.995 -1.639
2551.458 1728.023 2584.802 1716.996 -1.639
2358.899 1802.143 2465.536 1794.359 -1.640
2475.146 1717.168 2581.119 1707.840 -1.640
1977.897 1887.285 2088.515 1884.238 -1.640
2384.946 1281.842 2421.398 1279.363 -1.640
2443.722 1836.338 2552.409 1827.208 -1.641
2326.707 1847.846 2447.204 1844.579 -1.641
2129.685 1652.388 2232.194 1649.146 -1.641
2500.429 1759.688 2592.000 1758.260 -1.642
1867.990 1748.259 1968.916 1743.430 -1.642
2375.864 1478.565 2482.500 1474.846 -1.643
2492.351 1869.380 2592.000 1858.178 -1.643
2435.550 1741.783 2473.541 1738.838 -1.643
2452.814 1229.294 2557.128 1226.271 -1.643
464.865 1.000 555.048 39.729 -1.643
2417.440 1765.010 2526.563 1756.940 -1.643
2332.745 1873.859 2446.634 1866.657 -1.643
1332.993 1745.407 1433.529 1743.674 -1.644
2253.940 1678.231 2363.998 1676.290 -1.644
2477.596 1809.344 2583.155 1805.050 -1.645
1538.440 1855.647 1640.188 1853.116 -1.645
2364.308 1464.833 2463.894 1456.252 -1.645
2398.331 1862.001 2514.072 1860.086 -1.646
2087.716 1870.213 2198.170 1867.847 -1.646
2423.350 1737.313 2525.308 1733.400 -1.646
2466.009 1821.410 2573.406 1812.316 -1.646
2462.456 1859.492 2589.478 1858.082 -1.646
2349.111 1609.763 2454.275 1607.199 -1.646
1845.883 1865.808 1950.290 1862.296 -1.647
1634.614 6.268 1709.193 34.718 -1.647
2035.418 1747.709 2137.892 1740.922 -1.647
2499.233 1749.535 2592.000 1738.501 -1.648
2329.264 1623.880 2365.327 1616.612 -1.648
2438.059 1305.202 2539.500 1302.469 -1.648
2213.658 1725.458 2323.296 1723.810 -1.648
2078.511 1718.493 2185.976 1716.742 -1.649
1993.546 1613.360 2096.085 1609.287 -1.649
1358.914 1893.693 1459.933 1890.977 -1.649
2427.309 1841.432 2538.168 1834.244 -1.650
1731.271 1855.746 1831.919 1853.191 -1.650
2372.434 1618.152 2476.697 1617.098 -1.650
2193.670 1761.818 2296.172 1759.399 -1.651
2273.908 1742.291 2381.561 1740.418 -1.652
1818.248 1872.041 1924.941 1868.993 -1.652
2366.519 1893.871 2473.772 1890.186 -1.652
2350.148 1842.926 2459.311 1840.826 -1.653
1104.552 1895.366 1204.161 1893.986 -1.654
2376.648 1820.351 2500.308 1818.558 -1.654
2364.329 1787.863 2475.570 1784.416 -1.654
2074.640 1770.845 2191.074 1767.587 -1.654
1783.350 1886.756 1894.791 1885.680 -1.654
1878.138 1878.686 1981.720 1876.036 -1.654
2390.612 1695.122 2502.644 1693.570 -1.654
2304.677 1895.075 2410.437 1887.030 -1.654
2451.206 1739.624 2559.055 1736.703 -1.655
2374.655 1786.611 2485.931 1781.960 -1.655
1773.495 1.000 1875.273 42.130 -1.657
2397.617 1842.657 2506.365 1830.098 -1.657
2470.326 1762.065 2573.023 1759.874 -1.657
2425.440 1534.726 2529.988 1531.121 -1.657
2345.318 1470.978 2449.604 1464.461 -1.658
2393.779 1814.861 2427.668 1796.586 -1.659
2482.591 1858.321 2592.000 1850.520 -1.659
2458.383 1769.113 2568.863 1767.487 -1.659
2305.531 1787.810 2406.523 1781.043 -1.660
2514.928 1681.421 2549.596 1670.729 -1.660
2330.027 1667.373 2438.267 1665.218 -1.660
2298.477 1400.107 2400.282 1398.829 -1.661
2390.513 1852.141 2496.015 1846.408 -1.661
2094.965 1752.986 2206.165 1750.403 -1.661
2470.408 1872.782 2575.609 1865.077 -1.663
1998.991 1490.964 2105.084 1488.401 -1.663
2213.527 1652.821 2318.545 1647.667 -1.664
1473.735 1683.106 1572.898 1681.034 -1.664
2420.558 1805.583 2525.142 1795.676 -1.664
2498.513 1745.891 2532.419 1733.559 -1.664
2088.974 1767.318 2195.788 1766.217 -1.664
2433.301 1743.441 2466.035 1737.557 -1.665
2415.765 1733.663 2529.088 1731.945 -1.665
2318.828 1899.305 2428.287 1888.691 -1.665
2042.364 1896.691 2149.328 1889.143 -1.665
1962.965 1858.153 2069.018 1854.025 -1.666
980.805 1.949 1062.274 42.349 -1.666
2304.012 1754.259 2407.591 1747.885 -1.666
1838.312 1887.167 1940.551 1886.054 -1.666
1231.313 1895.293 1334.160 1893.285 -1.667
1712.806 1886.711 1817.511 1884.202 -1.667
2399.465 1817.080 2505.572 1812.821 -1.667
2184.505 1793.754 2288.308 1789.628 -1.667
1953.510 1337.437 2047.359 1334.903 -1.668
1827.427 1423.157 1922.335 1420.742 -1.668
2016.903 1644.365 2119.378 1638.716 -1.668
2259.128 1391.182 2361.420 1389.488 -1.668
2423.091 1746.084 2537.064 1740.751 -1.668
2301.938 1701.135 2407.224 1693.177 -1.669
1159.616 1.000 1251.255 41.902 -1.669
1112.258 1896.364 1213.910 1893.453 -1.669
826.851 1.000 887.908 25.208 -1.669
2280.098 1745.871 2389.146 1742.277 -1.670
1977.541 1675.385 2080.118 1672.648 -1.670
2477.124 1656.500 2592.000 1654.765 -1.671
2201.646 1802.956 2306.528 1795.722 -1.671
2370.958 1467.021 2475.964 1464.060 -1.671
1893.921 1833.352 1997.251 1827.648 -1.671
2444.420 1725.441 2559.822 1717.400 -1.672
2427.137 1775.455 2465.852 1772.870 -1.672
2098.197 1723.889 2212.620 1721.528 -1.672
2390.528 1880.294 2507.630 1876.333 -1.672
2551.968 1848.828 2587.849 1837.551 -1.672
1968.482 1477.567 2068.384 1475.643 -1.673
2206.468 1707.385 2311.054 1705.085 -1.674
2478.302 1848.495 2585.835 1842.156 -1.674
2412.582 1770.745 2518.480 1763.248 -1.674
1352.220 1777.848 1457.566 1776.785 -1.674
2367.259 1887.828 2473.691 1882.762 -1.675
1847.686 1871.398 1951.057 1870.248 -1.676
2370.218 1476.313 2473.069 1472.449 -1.676
2469.294 1827.688 2583.282 1826.351 -1.676
2551.357 1858.280 2587.598 1842.115 -1.677
2430.356 1850.980 2539.409 1842.675 -1.677
1182.813 1371.047 1698.099 1905.493 -1.678
2485.024 1817.607 2590.844 1812.709 -1.678
2363.825 1512.966 2465.592 1506.156 -1.679
2281.954 1889.360 2385.878 1880.454 -1.680
2445.275 1730.680 2557.789 1729.236 -1.680
2264.888 1.000 2306.125 32.005 -1.680
2244.484 1735.285 2355.282 1732.691 -1.680
2477.812 1857.364 2583.115 1850.341 -1.680
1562.345 1809.048 1663.342 1807.146 -1.680
2513.360 1373.064 2552.449 1370.594 -1.681
1952.669 1856.080 2059.951 1854.520 -1.681
2417.208 1882.328 2528.764 1875.777 -1.682
2402.880 1875.883 2526.216 1874.256 -1.682
2549.702 1760.748 2585.283 1750.691 -1.682
2043.821 1706.248 2155.492 1703.210 -1.683
1562.414 1744.876 1668.636 1743.468 -1.683
2547.430 1160.312 2588.328 1158.414 -1.683
2366.385 1873.588 2477.023 1864.461 -1.683
1370.931 1863.485 1472.378 1859.294 -1.684
2393.587 1808.669 2430.618 1804.043 -1.684
2111.238 1653.383 2217.286 1650.711 -1.684
2485.826 1864.630 2592.000 1855.826 -1.685
1948.447 1857.950 2051.395 1853.699 -1.685
2309.616 1597.932 2410.366 1593.354 -1.685
2468.792 1883.461 2576.400 1872.404 -1.686
2220.091 1.000 2283.438 24.682 -1.687
2342.488 1771.615 2460.682 1769.804 -1.687
2410.900 1828.102 2519.862 1825.696 -1.687
1601.550 1841.992 1712.674 1839.981 -1.687
1813.114 1847.313 1916.668 1844.664 -1.688
2448.184 1801.909 2483.321 1785.411 -1.689
2442.261 1718.430 2550.993 1716.948 -1.689
2361.955 1620.502 2466.697 1617.681 -1.689
2301.205 1693.463 2407.844 1689.419 -1.689
2408.605 1870.499 2516.433 1868.404 -1.689
1799.199 1738.195 1902.563 1734.377 -1.690
2488.083 1808.339 2522.351 1800.102 -1.690
2097.998 1763.776 2202.627 1757.351 -1.690
1515.873 1769.730 1615.782 1766.522 -1.690
2374.390 1745.682 2477.702 1742.536 -1.691
2484.441 1803.414 2591.506 1796.252 -1.691
381.504 1891.254 483.553 1897.036 -1.691
2280.341 1643.552 2392.914 1640.413 -1.692
2349.343 1771.127 2457.443 1764.904 -1.692
2305.026 1617.138 2412.710 1615.311 -1.693
2263.618 1794.903 2377.105 1791.915 -1.693
2460.687 1770.151 2565.085 1765.851 -1.694
2238.598 1571.747 2340.327 1569.077 -1.695
2028.060 1746.056 2133.939 1742.475 -1.695
2339.882 1880.431 2452.877 1876.198 -1.695
2555.641 1691.420 2592.000 1685.796 -1.695
2472.343 1880.888 2507.817 1868.224 -1.696
1912.875 1456.794 2010.485 1453.859 -1.696
2114.819 1725.696 2215.937 1717.854 -1.696
1791.652 1817.647 1891.260 1814.072 -1.696
2393.254 1808.572 2427.956 1799.873 -1.696
