592.370 129.479 790.489 577.302 -0.878
1339.917 1349.782 2451.879 1944.000 -0.879
2047.177 197.149 2379.875 568.433 -0.879
1945.173 378.735 2022.267 508.446 -0.915
545.497 421.543 1042.203 745.476 -0.926
2291.498 1021.899 2423.144 1131.688 -0.928
1093.330 523.086 1699.527 1300.469 -0.929
1025.241 1495.400 1102.410 1592.989 -0.930
1018.949 92.759 1686.164 453.238 -0.930
1518.975 1282.402 1616.089 1369.350 -0.931
249.998 852.247 413.743 1175.309 -0.931
1626.613 1053.697 2574.339 1479.269 -0.934
191.116 1438.188 360.471 1498.191 -0.938
297.655 12.367 618.978 687.268 -0.941
1844.562 667.410 1916.442 783.190 -0.949
1599.794 35.958 2592.000 580.704 -0.950
1691.840 6.945 2535.318 1638.686 -0.952
786.340 727.585 1050.180 1029.025 -0.962
372.849 950.585 1785.321 1750.866 -0.979
63.785 1511.980 177.290 1665.191 -0.986
1041.256 456.588 1097.557 549.523 -0.991
1393.419 143.043 1678.906 768.523 -0.992
44.940 367.836 119.284 536.342 -0.994
2531.514 1825.649 2592.000 1939.532 -0.997
166.077 1098.310 246.769 1213.435 -0.998
213.904 796.832 476.026 1219.127 -1.000
943.384 1.000 1902.655 1944.000 -1.002
72.738 654.928 665.826 1426.535 -1.002
85.239 577.600 152.347 644.357 -1.004
1.000 8.489 236.265 558.326 -1.005
12.208 1594.168 90.399 1676.753 -1.006
498.947 727.602 1073.668 1066.756 -1.009
767.979 418.494 1074.942 1021.574 -1.011
2541.439 1724.548 2592.000 1829.613 -1.013
2516.064 748.179 2582.327 843.927 -1.016
756.003 128.301 1051.702 472.180 -1.016
1.000 1298.058 43.505 1372.565 -1.019
2501.934 1413.968 2592.000 1540.600 -1.020
8.101 1.000 383.342 709.960 -1.021
2517.156 739.016 2592.000 920.851 -1.025
1.000 1590.539 128.363 1829.850 -1.026
130.579 1409.967 239.010 1550.500 -1.027
17.707 1516.483 83.850 1601.472 -1.035
62.922 1601.946 798.238 1944.000 -1.038
18.702 769.227 74.256 856.205 -1.038
1.000 876.489 107.570 932.016 -1.040
1.000 1059.635 39.553 1138.032 -1.041
1.000 1192.297 47.787 1279.296 -1.042
587.703 413.233 989.596 1275.032 -1.043
770.553 18.241 866.680 123.871 -1.044
572.550 62.962 699.085 115.035 -1.051
875.866 1820.100 968.442 1939.196 -1.052
626.939 71.858 676.546 171.990 -1.055
756.420 10.103 1122.752 718.499 -1.055
39.002 934.083 99.187 1023.242 -1.058
610.714 1.000 673.942 118.171 -1.060
34.611 1058.309 104.923 1166.906 -1.063
18.224 1205.698 96.823 1284.301 -1.067
1.000 1026.834 63.197 1143.741 -1.068
88.667 2.312 1025.789 677.083 -1.069
2442.800 1790.222 2549.761 1921.675 -1.069
1.000 780.845 61.950 907.255 -1.070
1.000 1248.185 52.956 1331.627 -1.071
821.299 1800.735 1044.006 1865.451 -1.076
1.000 1438.707 75.320 1557.495 -1.078
38.992 735.669 90.788 819.514 -1.084
1.000 1125.796 69.802 1253.502 -1.084
243.651 1512.606 456.906 1602.808 -1.085
2502.501 945.490 2585.250 1084.478 -1.086
1.000 1354.894 1230.182 1944.000 -1.087
34.728 572.558 1086.309 1258.196 -1.089
2442.111 1614.994 2592.000 1944.000 -1.091
