1.000 1.000 331.162 191.520 -0.292
1.000 1.000 2592.000 555.620 -0.307
2504.889 1543.392 2592.000 1587.909 -0.323
2431.613 1462.024 2592.000 1660.822 -0.325
2527.604 1419.155 2592.000 1446.199 -0.334
1.000 1.000 548.167 1219.951 -0.336
1.000 491.575 -198.551 840.083 -0.337
2584.018 1.000 2568.061 31.877 -0.339
1.000 1.000 -245.349 556.206 -0.339
1308.063 1.000 948.138 184.337 -0.340
1070.166 1.000 983.930 184.503 -0.341
2315.471 1441.297 2592.000 1676.205 -0.342
1.000 434.999 -254.538 867.441 -0.343
1.000 417.378 -801.684 1048.093 -0.343
1823.283 1.000 2592.000 1283.003 -0.344
1.000 483.663 -43.925 530.437 -0.346
1.000 160.972 -1643.444 1435.807 -0.346
1.000 202.703 -589.105 1144.202 -0.347
1.000 5.842 -17.596 45.762 -0.347
1.000 1.000 -747.861 950.796 -0.347
1.000 456.641 -207.435 937.036 -0.350
1.000 335.228 -503.557 1151.729 -0.351
1.000 452.786 -217.152 827.768 -0.351
1.000 8.597 -82.025 72.981 -0.353
1.000 9.182 -88.019 78.212 -0.353
1.000 172.493 -1761.506 1538.853 -0.354
1.000 9.840 -31.733 79.605 -0.354
922.362 1.000 2568.181 1116.554 -0.356
2747.232 1.000 2592.000 38.484 -0.356
1.000 6.229 -18.965 49.039 -0.358
1.000 145.853 -33.418 210.583 -0.358
1.000 32.529 -60.320 80.736 -0.358
1.000 488.138 -169.210 790.320 -0.359
1.000 32.120 -67.065 77.026 -0.359
1.000 1.000 -21.723 117.806 -0.361
3038.330 1.000 2592.000 81.454 -0.362
1.000 481.464 -54.733 523.165 -0.362
2524.633 1395.175 2592.000 1433.784 -0.363
2498.763 1415.062 2592.000 1456.777 -0.363
1.000 423.026 -344.585 826.008 -0.364
1.000 31.029 -126.960 203.117 -0.364
3233.993 1.000 2592.000 75.853 -0.364
1.000 7.542 -71.216 63.546 -0.364
1.000 225.873 -779.327 1103.276 -0.365
1.000 277.979 -959.806 1358.269 -0.365
2636.845 1.000 2592.000 28.573 -0.366
1.000 40.176 -66.603 84.927 -0.366
1.000 20.580 -69.715 170.527 -0.366
1.000 596.814 -86.617 776.952 -0.367
2615.954 1.000 2592.000 23.715 -0.368
2617.542 1.000 2592.000 22.173 -0.368
1.000 617.260 -90.444 703.312 -0.368
1.000 481.951 -77.423 527.352 -0.369
1.000 19.232 -64.947 159.114 -0.369
1.000 477.053 -37.806 514.770 -0.369
91.520 1.000 82.498 0.576 -0.369
1.000 28.981 -118.358 189.522 -0.369
1.000 7.067 -66.347 59.297 -0.369
1.000 8.051 -76.433 68.100 -0.370
1.000 511.590 -154.563 792.425 -0.370
1.000 485.252 -232.844 887.173 -0.370
2524.461 1.000 2499.876 53.607 -0.370
1.000 6.386 -11.829 71.534 -0.371
1.000 36.846 -20.299 85.498 -0.371
1.000 25.233 -86.171 209.921 -0.371
2292.613 1297.671 2592.000 1574.954 -0.371
1.000 582.220 -238.002 781.431 -0.371
1228.516 1.000 1130.019 211.924 -0.372
2450.331 1607.476 2592.000 1797.709 -0.372
1.000 1.000 -462.771 426.756 -0.372
2182.631 1186.502 2592.000 1838.683 -0.372
1494.782 1.000 1273.576 178.329 -0.373
1.000 394.710 -401.269 859.434 -0.373
1659.550 1.000 1613.118 8.485 -0.373
1.000 453.479 -42.481 502.247 -0.374
1.000 534.296 -57.920 593.146 -0.376
166.230 1.000 152.665 0.992 -0.376
1.000 7.269 -13.808 82.157 -0.378
1.000 485.995 -45.636 538.288 -0.378
286.997 1.000 272.350 0.620 -0.378
1.000 485.928 -23.322 530.206 -0.378
1.000 142.410 -34.919 232.066 -0.378
2658.429 1.000 2592.000 52.500 -0.379
1.000 1185.252 393.866 1944.000 -0.379
1.000 1.000 -801.644 1019.031 -0.379
1.000 34.409 -18.841 79.779 -0.379
1658.208 1.000 1654.274 6.393 -0.379
97.712 1.000 88.313 0.611 -0.380
1.000 92.848 -30.859 149.815 -0.380
1320.986 1.000 1150.293 -39.260 -0.380
2609.475 1.000 2592.000 50.429 -0.380
1.000 50.019 -173.823 419.747 -0.381
1.000 12.528 -46.222 57.844 -0.382
2600.073 536.771 2592.000 580.922 -0.382
207.334 1.000 195.165 0.571 -0.382
1.000 584.299 -257.465 798.602 -0.382
432.276 1.000 379.529 21.276 -0.382
3495.663 1.000 2592.000 91.483 -0.382
2638.174 1.000 2592.000 19.517 -0.382
1.000 1.000 -520.711 638.844 -0.383
1.000 446.513 -149.781 910.568 -0.383
1.000 1.000 -27.164 50.560 -0.383
1348.421 1.000 558.998 303.725 -0.383
1.000 412.058 -889.340 999.882 -0.383
1.000 64.002 -906.631 1075.713 -0.383
3420.906 1.000 2592.000 221.986 -0.383
1.000 18.682 -75.824 78.525 -0.384
1.000 50.649 -67.991 200.014 -0.384
1.000 39.459 -21.863 91.628 -0.384
1.000 6.587 -183.510 297.212 -0.384
1.000 175.045 -367.554 1185.321 -0.384
2698.462 1.000 2592.000 42.134 -0.385
1.000 148.327 -30.381 208.462 -0.385
1.000 16.322 -65.817 68.372 -0.385
2622.644 1.000 2592.000 40.317 -0.385
1.000 583.680 -278.488 814.214 -0.385
2552.554 1.000 2504.513 49.188 -0.385
1.000 627.622 -73.374 700.740 -0.385
1918.415 1.000 1805.153 9.608 -0.386
1.000 511.905 -4.319 556.790 -0.386
1.000 17.461 -70.647 73.273 -0.386
2535.598 1.000 2492.361 56.400 -0.386
1.000 437.405 -295.827 786.836 -0.386
1.000 265.678 -46.956 309.365 -0.387
1.000 27.012 -92.462 224.981 -0.387
2605.452 1.000 2592.000 41.059 -0.387
1.000 57.391 -199.890 482.148 -0.387
1.000 61.478 -214.343 516.747 -0.387
1.000 150.222 -1533.288 1339.662 -0.387
1.000 65.858 -229.834 553.829 -0.387
2663.100 1.000 2592.000 29.817 -0.387
1.000 1.000 -547.802 1112.565 -0.388
2783.689 1.000 2592.000 829.960 -0.388
247.447 1.000 228.905 16.224 -0.388
2610.211 278.519 2592.000 364.144 -0.388
1.000 624.296 -81.517 703.623 -0.388
1.000 46.700 -162.083 391.644 -0.388
2595.783 292.648 2592.000 383.105 -0.388
1.000 15.705 -52.475 129.259 -0.388
1.000 53.577 -186.405 449.867 -0.388
1.000 1.000 -66.555 131.602 -0.389
1.000 469.837 -10.132 514.028 -0.389
1.000 40.770 -16.985 82.910 -0.389
1.000 7.028 -196.787 318.537 -0.389
1.000 1377.346 -323.300 1867.967 -0.389
322.153 1.000 293.828 15.891 -0.390
1.000 582.518 -75.959 656.510 -0.390
2677.183 1.000 2592.000 63.132 -0.390
1.000 15.259 -61.310 63.800 -0.390
1.000 52.832 -21.276 97.489 -0.390
2617.503 235.501 2592.000 286.394 -0.390
1.000 518.874 -37.244 573.387 -0.390
164.005 1.000 85.212 21.759 -0.390
1.000 598.789 -60.683 661.381 -0.390
1.000 523.141 -181.461 847.037 -0.391
1.000 1.000 -20.450 23.636 -0.391
1.000 471.565 -600.456 1058.620 -0.392
247.865 1.000 234.529 0.580 -0.392
1.000 1.000 -116.773 268.714 -0.392
1.000 266.205 -51.494 313.411 -0.392
2674.670 1.000 2592.000 58.950 -0.392
290.127 1.000 284.132 21.812 -0.392
1.000 529.714 -141.113 790.704 -0.393
1.000 249.453 -725.615 1408.656 -0.393
2619.700 297.765 2592.000 369.433 -0.393
2620.154 292.256 2592.000 341.147 -0.393
1.000 352.987 -1028.698 1030.603 -0.393
1.000 454.101 -47.464 507.013 -0.393
1.000 86.757 -303.741 730.751 -0.393
1.000 23.624 -95.859 153.958 -0.393
1.000 1.000 1360.316 1125.765 -0.393
1.000 48.306 -50.408 94.997 -0.393
2681.625 1.000 2582.872 21.611 -0.393
1.000 472.598 -272.223 797.356 -0.394
1.000 26.927 -20.868 75.771 -0.394
1.000 96.430 -82.143 148.544 -0.394
2598.989 1.000 2560.738 29.685 -0.394
334.503 1.000 295.025 32.276 -0.394
226.032 1.000 218.398 2.335 -0.394
1.000 1.000 -22.024 25.326 -0.394
1.000 75.584 -264.230 636.168 -0.395
1.000 520.159 -45.239 564.075 -0.395
244.402 1.000 226.940 1.285 -0.395
1.000 620.743 -55.636 753.914 -0.395
2656.330 1.000 2592.000 37.732 -0.395
2574.991 1.000 2522.720 29.925 -0.395
1.000 1.000 -461.810 319.804 -0.395
90.328 1.000 46.351 11.705 -0.395
1.000 22.324 -56.643 67.435 -0.395
1.000 30.865 -24.191 87.024 -0.395
1836.723 1.000 1789.176 3.950 -0.396
2601.761 1.000 2592.000 37.240 -0.396
1.000 28.828 -22.472 81.203 -0.396
1564.107 1042.496 2592.000 1944.000 -0.396
1.000 522.084 -58.620 581.171 -0.396
1.000 6.176 -171.121 277.315 -0.396
1.000 599.650 -67.557 667.576 -0.396
1.000 453.301 -53.386 496.863 -0.397
1.000 35.388 -28.009 99.950 -0.397
1321.368 1.000 1320.220 7.938 -0.397
3251.916 1.000 2592.000 645.846 -0.397
1.000 240.491 -2236.311 1703.392 -0.397
2595.516 1.000 2592.000 81.306 -0.397
1.000 130.219 -9.699 169.171 -0.397
1.000 14.683 -48.862 120.609 -0.397
1.000 489.645 -67.271 532.351 -0.397
2189.132 1.000 2178.659 38.868 -0.397
1.000 280.144 -41.865 320.257 -0.398
1.000 24.265 -63.557 71.405 -0.398
1.000 520.258 -65.184 584.373 -0.398
1.000 27.151 -31.873 72.645 -0.398
1.000 1.000 -69.771 76.579 -0.398
2650.151 1.000 2540.033 50.296 -0.398
2615.521 1.000 2562.084 29.934 -0.398
2611.319 1.000 2592.000 28.878 -0.398
1.000 80.977 -283.301 681.821 -0.398
1.000 516.615 -181.608 742.616 -0.398
1.000 1.000 -65.000 71.457 -0.398
1176.285 1.000 1100.215 9.850 -0.398
1.000 33.048 -26.034 93.263 -0.398
2644.805 1.000 2592.000 24.808 -0.398
324.872 1.000 308.025 18.900 -0.398
1.000 499.616 -292.607 996.414 -0.399
2600.577 1.000 2568.251 34.000 -0.399
593.246 1.000 590.358 7.730 -0.399
1.000 509.940 -53.289 564.605 -0.399
1.000 1.000 -25.246 47.180 -0.399
1.000 70.553 -246.436 593.572 -0.399
957.401 1.000 604.454 180.494 -0.399
1.000 11.528 -23.356 133.404 -0.399
2600.690 1.000 2592.000 43.944 -0.399
1.000 198.076 -2023.659 1767.664 -0.399
2627.395 1.000 2592.000 27.709 -0.400
3043.366 1.000 2592.000 91.751 -0.400
1.000 577.801 -219.985 762.978 -0.400
1.000 76.029 -29.303 129.364 -0.400
326.855 1.000 323.790 20.590 -0.400
155.450 1.000 142.540 0.932 -0.400
1.000 1.000 -18.631 11.546 -0.400
1.000 60.458 -557.967 425.920 -0.400
2594.197 1.000 2592.000 36.137 -0.400
1.000 7.758 -14.905 88.047 -0.400
1.000 520.267 -42.873 559.315 -0.400
3841.840 1.000 2592.000 572.813 -0.400
1.000 46.494 -55.258 91.137 -0.401
2562.965 1.000 2555.511 51.178 -0.401
1143.558 1.000 543.439 173.368 -0.401
1.000 1.000 -204.765 398.748 -0.401
210.978 1.000 198.519 0.603 -0.401
1.000 140.884 -43.638 196.899 -0.401
1.000 1.000 -18.981 22.060 -0.401
2720.117 1.000 2592.000 30.581 -0.401
279.522 1.000 248.360 17.352 -0.402
1.000 533.346 -64.434 597.207 -0.402
1128.207 1.000 940.147 155.218 -0.402
2602.692 504.878 2592.000 549.647 -0.402
1407.928 1.000 1359.805 5.218 -0.402
2426.776 1.000 2396.363 31.729 -0.402
2613.549 220.340 2592.000 290.507 -0.402
317.392 1.000 290.237 14.837 -0.402
2604.937 1.000 2592.000 64.340 -0.403
1.000 475.757 -55.248 531.085 -0.403
1.000 579.204 -51.811 703.433 -0.403
1.000 326.242 -16.020 394.919 -0.403
1866.291 1.000 1843.924 25.767 -0.403
1.000 507.170 -65.934 571.538 -0.403
1.000 1.000 -61.999 122.796 -0.404
2606.262 1.000 2524.691 19.427 -0.404
2503.471 1621.627 2592.000 1620.488 -0.404
1.000 47.735 -26.379 94.479 -0.404
1.000 1.000 -64.328 116.032 -0.404
1.000 597.553 -75.097 671.254 -0.405
177.407 1.000 142.126 28.592 -0.405
854.876 1.000 799.435 4.828 -0.405
1.000 87.267 -33.880 148.586 -0.405
2213.567 1.000 2210.509 14.763 -0.405
24.781 1.000 11.513 36.294 -0.405
1.000 49.670 -22.311 90.162 -0.405
1.000 197.544 -36.883 271.368 -0.405
2491.735 1.000 2472.333 32.909 -0.405
1.000 507.412 -2.225 548.691 -0.405
1.000 1.000 -830.431 1202.162 -0.405
1.000 26.235 -107.844 111.011 -0.405
1.000 486.662 -50.977 543.396 -0.405
1.000 488.661 -214.834 750.350 -0.405
2098.809 1.000 2077.888 10.521 -0.406
1.000 503.954 -91.998 557.119 -0.406
1817.514 1.000 1680.152 83.493 -0.406
1.000 1.000 -74.885 82.068 -0.406
1.000 599.941 -95.214 793.803 -0.406
2607.248 495.838 2592.000 548.513 -0.406
1.000 448.812 -62.820 509.320 -0.406
1.000 19.991 -81.372 84.154 -0.406
1.000 455.652 -36.067 495.656 -0.406
1.000 82.266 -60.435 127.637 -0.406
2648.121 1.000 2592.000 30.740 -0.406
2597.626 1.000 2592.000 774.387 -0.406
2655.285 1.000 2548.934 43.875 -0.406
1.000 676.077 -16.778 725.959 -0.407
1.000 1.000 -141.023 153.061 -0.407
647.704 1.000 483.647 144.740 -0.407
2636.169 1.000 2592.000 52.730 -0.407
2617.077 269.568 2592.000 329.999 -0.407
2623.256 1.000 2592.000 25.230 -0.407
2631.872 1.000 2592.000 22.054 -0.407
1.000 447.016 -36.562 487.188 -0.407
2597.729 505.160 2592.000 561.024 -0.407
1.000 48.569 -202.527 207.072 -0.407
1.000 118.564 -77.841 187.209 -0.407
1.000 608.874 -87.557 686.212 -0.408
2624.614 225.171 2592.000 327.637 -0.408
1.000 1.000 -151.251 164.040 -0.408
2614.935 1.000 2592.000 32.510 -0.408
1.000 1.000 -24.909 39.502 -0.408
418.782 1.000 376.241 27.566 -0.408
1.000 484.890 -0.135 536.346 -0.408
1.000 589.707 -20.806 631.981 -0.408
2052.091 1.000 2041.349 16.522 -0.408
1.000 22.609 -48.192 266.713 -0.408
1.000 1.000 -31.321 750.330 -0.408
1.000 116.883 -67.118 232.495 -0.408
1.000 291.891 -438.180 1002.651 -0.408
2618.467 1.000 2592.000 33.955 -0.408
2593.391 1.000 2592.000 32.670 -0.408
2596.262 430.825 2592.000 496.911 -0.408
2636.992 1.000 2592.000 25.082 -0.408
2052.528 1.000 1973.227 88.054 -0.408
1.000 140.095 -22.007 202.628 -0.408
2604.345 1.000 2592.000 68.909 -0.408
2634.422 1.000 2592.000 21.166 -0.409
1.000 1.000 -242.383 138.935 -0.409
2689.358 1.000 2592.000 21.413 -0.409
1.000 92.952 -325.647 783.193 -0.409
2619.341 1.000 2592.000 81.424 -0.409
2770.834 1.000 2592.000 57.972 -0.409
1.000 22.473 -109.044 117.008 -0.409
1.000 1.000 -26.804 42.331 -0.409
2616.799 1.000 2592.000 67.078 -0.409
1.000 436.888 -28.135 476.045 -0.409
1.000 439.543 -21.746 476.580 -0.410
2629.830 1.000 2564.134 24.567 -0.410
2601.088 388.405 2592.000 577.750 -0.410
2608.338 1.000 2545.218 26.679 -0.410
378.267 1.000 290.090 16.906 -0.410
147.486 1.000 114.551 25.672 -0.410
2607.737 1.000 2592.000 38.901 -0.410
1.000 229.567 -91.838 391.964 -0.410
1552.481 1.000 1380.745 126.236 -0.410
1.000 272.087 -42.327 312.356 -0.410
2609.176 205.008 2592.000 274.243 -0.410
1.000 631.558 -48.810 754.772 -0.410
2597.497 415.791 2592.000 482.168 -0.411
1.000 1.000 -190.954 372.052 -0.411
1.000 610.026 -14.738 704.411 -0.411
392.720 1.000 362.365 15.907 -0.411
1.000 142.261 -36.726 211.934 -0.411
1.000 592.068 -83.364 672.021 -0.411
1.000 1.000 -508.764 374.246 -0.411
1.000 146.149 -96.815 212.502 -0.411
2637.174 211.962 2592.000 280.568 -0.411
1.000 585.622 -68.361 653.820 -0.411
2244.038 1.000 2215.008 40.723 -0.411
2593.516 1.000 2592.000 505.485 -0.412
2631.711 238.561 2592.000 290.611 -0.412
1.000 54.252 -72.977 214.362 -0.412
1.000 452.448 -0.027 500.435 -0.412
2626.657 1.000 2592.000 15.729 -0.412
1.000 247.947 -656.117 761.948 -0.412
1.000 1.000 -55.088 84.566 -0.412
2597.001 1.000 2592.000 41.642 -0.412
2629.066 1.000 2592.000 22.635 -0.412
691.382 1.000 651.732 0.878 -0.412
1.000 604.932 -37.224 662.435 -0.412
2385.965 1.000 2359.812 9.426 -0.412
1.000 266.790 -94.056 346.903 -0.412
1.000 264.030 -42.789 304.456 -0.412
2594.154 312.486 2592.000 402.559 -0.413
1.000 518.210 -54.017 564.655 -0.413
1.000 53.653 -22.885 109.370 -0.413
1.000 461.619 -342.770 1034.518 -0.413
2607.375 295.513 2592.000 364.223 -0.413
1.000 130.898 -10.997 172.838 -0.413
1.000 585.700 -61.433 648.546 -0.413
856.160 1.000 612.978 219.308 -0.413
1.000 272.374 -408.737 935.512 -0.413
1.000 1.000 -495.062 342.751 -0.413
1.000 126.958 -13.536 170.534 -0.413
1.000 65.854 -33.288 117.877 -0.413
1.000 1.000 -11.883 23.638 -0.413
1956.788 1.000 1820.872 77.967 -0.413
2635.153 256.299 2592.000 306.565 -0.414
1.000 608.881 -11.378 696.152 -0.414
2633.606 232.814 2592.000 278.484 -0.414
1.000 66.642 -28.257 111.706 -0.414
2617.535 324.149 2592.000 372.422 -0.414
1.000 70.059 -32.166 127.469 -0.414
2644.129 1.000 2592.000 43.954 -0.414
1.000 479.375 -921.114 1203.929 -0.414
2616.672 243.572 2592.000 297.825 -0.414
1.000 1.000 -162.213 175.807 -0.414
1082.061 1.000 995.209 12.163 -0.414
2632.719 1.000 2592.000 11.878 -0.414
1.000 99.408 -128.708 160.398 -0.414
2611.079 250.409 2592.000 319.993 -0.414
1.000 43.266 -15.372 89.779 -0.414
1.000 86.150 -39.943 156.910 -0.414
2602.251 272.700 2590.369 322.860 -0.415
1.000 83.027 -40.072 132.516 -0.415
1.000 1.000 -23.142 36.863 -0.415
1940.191 1.000 1895.084 6.753 -0.415
1.000 196.692 -678.252 960.470 -0.415
1.000 176.521 -512.654 996.098 -0.415
2645.503 1.000 2592.000 56.834 -0.415
236.309 1.000 185.164 41.644 -0.415
1.000 1246.461 -720.828 1944.000 -0.415
1.000 50.996 -224.225 198.704 -0.415
1.000 1.000 -136.054 118.738 -0.415
2397.845 1.000 2316.675 2.870 -0.415
1399.868 1.000 1381.159 7.186 -0.415
1.000 14.968 -40.920 82.235 -0.415
2628.229 1.000 2592.000 20.622 -0.415
2635.089 286.801 2592.000 330.175 -0.416
1.000 56.592 -22.910 104.480 -0.416
2603.671 340.617 2592.000 408.452 -0.416
1519.882 1.000 1517.217 16.296 -0.416
1.000 122.969 -8.493 170.339 -0.416
2612.729 1.000 2592.000 22.799 -0.416
1.000 609.151 -33.398 689.725 -0.416
1.000 620.516 -74.160 713.598 -0.416
1.000 1.000 -45.656 43.415 -0.416
1123.822 1.000 840.981 251.936 -0.416
1.000 576.647 -89.405 654.609 -0.416
1.000 50.918 -68.486 179.764 -0.416
1.000 561.257 -247.000 861.912 -0.416
58.113 1.000 55.524 31.282 -0.416
2602.336 275.579 2592.000 331.893 -0.416
1250.115 1.000 1212.876 27.512 -0.416
2098.528 1.000 2089.143 13.927 -0.416
2630.314 444.627 2592.000 496.375 -0.416
2595.579 531.337 2592.000 586.693 -0.416
1.000 85.687 -29.808 159.028 -0.416
2618.990 1.000 2592.000 37.434 -0.417
2982.356 1.000 2592.000 341.495 -0.417
2909.086 1.000 2580.948 10.144 -0.417
1.000 431.216 -6.377 465.771 -0.417
1.000 88.339 -89.941 160.827 -0.417
1.000 459.134 -42.589 495.763 -0.417
467.801 1.000 364.366 25.563 -0.417
1.000 421.342 -696.857 1098.075 -0.417
1.000 512.902 -58.272 556.942 -0.417
1.000 396.675 -8.356 431.900 -0.417
303.174 1.000 286.949 20.573 -0.417
828.403 1.000 582.653 137.769 -0.417
1.000 1.000 -71.438 141.041 -0.417
2621.897 1.000 2592.000 320.099 -0.418
698.336 1.000 665.654 30.674 -0.418
2621.470 1.000 2592.000 26.535 -0.418
1.000 267.325 -777.801 1509.753 -0.418
1.000 132.931 -181.857 527.682 -0.418
2565.731 1.000 2467.517 37.079 -0.418
360.937 1.000 341.811 27.107 -0.418
103.360 1.000 98.913 18.161 -0.418
1.000 1.000 -37.596 75.626 -0.418
2622.365 1.000 2592.000 66.265 -0.418
1.000 581.423 -59.979 823.312 -0.418
2667.126 1.000 2550.852 9.057 -0.418
1.000 563.202 -187.869 723.196 -0.418
1.000 126.119 -15.182 173.040 -0.418
1.000 295.262 -566.443 741.142 -0.418
1.000 1.000 -80.366 87.951 -0.418
2618.500 1.000 2592.000 30.573 -0.418
1.000 1.000 -28.834 45.362 -0.418
1.000 442.064 -60.826 496.427 -0.418
1286.560 1.000 1256.171 4.340 -0.418
2393.451 1.000 2354.171 31.282 -0.418
1.000 528.307 -17.924 595.719 -0.418
2618.319 1.000 2592.000 48.927 -0.418
1.000 504.814 -197.548 748.009 -0.418
1.000 1.000 -173.962 188.418 -0.418
1.000 265.441 -56.433 316.445 -0.419
1.000 1.000 -12.842 25.328 -0.419
1.000 460.161 -37.415 504.922 -0.419
1.000 98.637 -76.048 147.070 -0.419
1.000 548.614 -4.735 596.746 -0.419
536.390 1.000 303.770 65.776 -0.419
2667.482 1.000 2592.000 50.841 -0.419
1.000 149.818 -27.594 205.682 -0.419
2650.740 1.000 2592.000 14.939 -0.419
2212.176 1.000 2205.070 41.621 -0.419
2610.454 250.008 2592.000 298.995 -0.419
2630.895 1.000 2592.000 21.112 -0.419
1.000 21.393 -87.319 90.187 -0.419
1.000 265.369 -36.209 330.155 -0.419
2344.426 1.000 2304.035 7.405 -0.419
1.000 578.963 -1.803 618.863 -0.420
2227.551 1.000 2181.832 37.366 -0.420
2629.821 220.981 2592.000 278.984 -0.420
2591.803 1.000 2578.288 34.621 -0.420
1.000 501.455 -73.185 571.285 -0.420
2604.178 426.629 2592.000 484.015 -0.420
1.000 1.000 -187.064 173.374 -0.420
2608.852 1087.450 2592.000 1142.363 -0.420
168.703 1.000 79.299 24.976 -0.420
1.000 465.820 -71.215 507.844 -0.420
1.000 415.509 -0.488 453.135 -0.420
1.000 1.000 -289.694 661.512 -0.420
2628.629 427.152 2592.000 466.933 -0.420
952.073 1.000 942.976 9.544 -0.420
1.000 680.144 -73.862 741.135 -0.420
1.000 352.716 -199.934 516.791 -0.420
1.000 1.000 -137.807 208.085 -0.420
1.000 312.212 -126.855 418.803 -0.420
1.000 37.292 -25.671 108.518 -0.421
2657.698 1.000 2592.000 61.550 -0.421
1.000 97.291 -28.084 150.214 -0.421
277.353 1.000 210.471 21.912 -0.421
1.000 19.038 -62.912 91.074 -0.421
1.000 588.093 -53.251 812.876 -0.421
2637.694 238.517 2592.000 298.099 -0.421
1.000 93.499 -36.418 159.244 -0.421
1629.534 1.000 1594.359 3.151 -0.421
1.000 272.138 -161.091 637.559 -0.421
1388.492 1.000 1362.549 2.069 -0.421
758.601 1.000 580.706 169.487 -0.421
1.000 529.433 -49.950 577.864 -0.421
2623.372 299.512 2592.000 355.993 -0.421
2624.648 1.000 2592.000 107.327 -0.421
1.000 509.872 -59.320 569.196 -0.422
1.000 51.129 -28.379 101.254 -0.422
1.000 180.042 -759.902 772.557 -0.422
1.000 1.000 -29.251 50.376 -0.422
222.642 1.000 174.858 11.734 -0.422
1.000 448.992 -29.609 486.976 -0.422
1.000 618.990 -77.035 733.309 -0.422
2602.521 1.000 2592.000 29.037 -0.422
1.000 387.993 -315.540 1496.667 -0.422
1.000 599.990 -91.434 686.376 -0.422
2613.632 280.592 2592.000 334.127 -0.422
2605.457 846.387 2592.000 867.321 -0.422
1770.308 1.000 1729.287 23.127 -0.422
1.000 50.659 -31.663 222.494 -0.422
1.000 275.037 -5.048 315.742 -0.422
1.000 154.085 -89.036 306.749 -0.422
2602.462 284.306 2592.000 332.778 -0.422
2638.040 1.000 2592.000 30.383 -0.422
2648.227 245.068 2592.000 287.511 -0.422
2633.760 246.253 2592.000 340.634 -0.422
2637.179 217.970 2592.000 284.543 -0.422
1.000 412.611 -620.293 1417.922 -0.422
1.000 99.591 -349.126 839.398 -0.422
1.000 1.000 -214.515 231.948 -0.422
2623.481 1.000 2592.000 52.391 -0.422
2708.540 1.000 2532.946 41.182 -0.423
1.000 1.000 -59.148 90.628 -0.423
2617.644 1.000 2592.000 33.425 -0.423
2595.027 445.860 2592.000 511.655 -0.423
2638.273 1.000 2592.000 18.256 -0.423
1.000 70.398 -179.052 221.496 -0.423
2636.673 240.987 2592.000 283.584 -0.423
1.000 1.000 -36.198 861.889 -0.423
1.000 1.000 -289.787 1248.183 -0.423
1.000 142.110 -40.008 194.145 -0.423
1.000 467.590 -233.576 749.175 -0.423
1.000 133.666 -137.089 243.719 -0.423
2636.111 330.937 2592.000 382.183 -0.423
2611.711 259.525 2592.000 308.373 -0.423
2634.927 1.000 2592.000 27.145 -0.423
1.000 137.033 -61.859 185.429 -0.423
2609.845 265.444 2592.000 334.736 -0.423
1.000 1.000 -178.067 347.143 -0.424
218.495 1.000 210.512 20.576 -0.424
2618.152 256.480 2592.000 317.164 -0.424
1.000 496.626 -45.027 548.713 -0.424
2399.106 1.000 2371.241 4.115 -0.424
85.744 1.000 77.073 0.544 -0.424
2639.069 1.000 2592.000 53.955 -0.424
2495.558 1.000 2489.506 17.539 -0.424
1.000 1.000 -186.554 201.935 -0.424
1.000 1.000 -19.955 32.104 -0.424
2619.748 1.000 2592.000 45.696 -0.424
2611.262 237.779 2592.000 275.438 -0.424
1435.761 1.000 1402.142 0.588 -0.424
1.000 1.000 -483.547 724.355 -0.424
1.000 1.000 -420.761 630.600 -0.424
2640.226 1.000 2592.000 21.924 -0.424
2597.983 285.305 2592.000 337.159 -0.424
2608.610 280.479 2592.000 349.479 -0.424
1.000 551.322 -7.281 603.644 -0.424
2629.641 1.000 2592.000 56.628 -0.424
1.000 1.000 -31.009 48.611 -0.425
2606.185 1.000 2592.000 93.739 -0.425
1.000 269.792 -101.837 355.993 -0.425
1.000 261.249 -218.634 745.432 -0.425
1.000 1.000 -219.568 427.361 -0.425
1363.020 1.000 1304.745 16.123 -0.425
1.000 339.100 -650.892 851.334 -0.425
1.000 48.476 -27.258 112.785 -0.425
1.000 206.748 -873.119 887.420 -0.425
1.000 39.310 -4.529 96.945 -0.425
2595.569 501.206 2592.000 535.391 -0.425
2305.590 1.000 2287.144 11.254 -0.425
200.834 1.000 191.738 27.044 -0.425
2613.383 1.000 2592.000 50.312 -0.425
1.000 1.000 -63.499 97.126 -0.426
1.000 544.284 -55.233 595.813 -0.426
1.000 547.541 -49.161 594.827 -0.426
1.000 1.000 -211.910 137.503 -0.426
1.000 1.000 -90.415 137.317 -0.426
1.000 345.772 -216.237 522.274 -0.426
1.000 1.000 -169.498 303.757 -0.426
1.000 1.000 -318.518 477.929 -0.426
1.000 630.125 -5.660 685.467 -0.426
1.000 529.511 -71.577 598.796 -0.426
1.000 273.919 -3.621 311.540 -0.426
1.000 501.274 -4.928 546.365 -0.426
1.000 281.085 -34.302 324.489 -0.426
1.000 635.804 -48.474 719.126 -0.426
1.000 430.053 -430.261 1138.135 -0.426
1729.561 1.000 1704.564 6.857 -0.426
1.000 70.967 -27.241 120.707 -0.426
2611.393 1.000 2575.667 31.770 -0.426
1.000 1.000 -21.493 34.401 -0.426
2615.324 1.000 2592.000 54.001 -0.426
1.000 1.000 -147.804 223.013 -0.426
92.846 1.000 43.182 13.429 -0.426
1.000 118.936 -500.845 509.730 -0.426
1.000 573.716 -24.271 609.581 -0.426
1.000 30.648 -103.125 147.891 -0.426
2087.558 1.000 2070.026 10.028 -0.426
2631.516 1.000 2592.000 35.401 -0.426
1.000 483.220 -20.181 539.076 -0.426
1.000 231.373 -612.080 710.929 -0.426
1.000 1288.708 -468.517 1944.000 -0.426
2599.879 478.983 2592.000 535.354 -0.426
838.086 1.000 814.916 23.432 -0.426
1.000 488.352 -62.521 534.870 -0.426
1.000 1.000 -128.479 194.156 -0.427
1.000 493.582 -43.356 540.164 -0.427
2609.865 1.000 2591.602 16.277 -0.427
2619.679 253.492 2592.000 304.696 -0.427
1.000 1.000 -392.484 588.377 -0.427
2663.791 1.000 2590.905 21.972 -0.427
2593.785 523.409 2592.000 607.086 -0.427
1.000 263.198 -61.808 318.301 -0.427
1.000 558.798 -116.899 714.754 -0.427
2192.260 1.000 2181.965 15.139 -0.427
2623.647 249.731 2592.000 299.447 -0.427
2450.037 1.000 2425.354 36.358 -0.427
2614.448 1.000 2592.000 36.861 -0.427
2014.204 1.000 1989.903 5.955 -0.427
1.000 440.238 -26.321 484.984 -0.427
2622.151 1.000 2592.000 131.977 -0.427
190.084 1.000 182.776 20.705 -0.427
1.000 163.554 -224.234 649.631 -0.427
1.000 284.750 -753.901 875.234 -0.427
2601.816 1.000 2592.000 31.073 -0.428
2176.431 1.000 2125.519 3.273 -0.428
1614.163 1.000 1591.351 22.841 -0.428
1.000 419.828 -717.216 895.575 -0.428
1582.271 1.000 1501.220 113.817 -0.428
1.000 146.445 -8.162 229.843 -0.428
2633.341 218.722 2592.000 271.158 -0.428
1.000 474.170 -47.643 519.719 -0.428
1.000 676.409 -12.943 722.043 -0.428
1.000 235.962 -54.041 297.587 -0.428
1.000 1.000 -968.575 1448.614 -0.428
2667.776 1.000 2592.000 51.642 -0.428
2607.033 1.000 2592.000 47.096 -0.428
1.000 88.356 -77.454 151.194 -0.428
1583.880 1.000 1581.310 13.800 -0.428
2623.861 1.000 2592.000 54.434 -0.428
1.000 568.932 -16.394 647.690 -0.428
1.000 100.119 -70.395 145.128 -0.428
2353.922 1.000 2339.847 30.010 -0.428
2621.027 281.624 2592.000 330.722 -0.429
500.731 1.000 237.382 75.517 -0.429
1.000 73.841 -46.181 121.263 -0.429
2622.727 1.000 2592.000 58.292 -0.429
2464.474 1.000 2440.483 85.130 -0.429
1.000 1801.787 847.863 1944.000 -0.429
1.000 111.144 -76.147 173.540 -0.429
2482.381 1.000 2439.946 24.212 -0.429
2603.565 494.247 2592.000 539.222 -0.429
1.000 86.752 -36.759 132.723 -0.429
2593.834 242.435 2592.000 298.758 -0.429
879.391 1.000 846.220 20.981 -0.429
1.000 309.844 -117.200 408.914 -0.429
2602.301 213.294 2592.000 305.290 -0.429
3878.907 1.000 2592.000 638.785 -0.429
1.000 240.621 -2.019 296.844 -0.429
1.000 1.000 -297.089 445.930 -0.430
2451.900 1.000 2431.898 91.191 -0.430
1.000 81.896 -23.234 141.164 -0.430
2551.052 1.000 2529.090 10.647 -0.430
1380.590 1.000 1290.761 14.671 -0.430
1.000 192.933 -814.549 827.999 -0.430
2595.564 1.000 2592.000 66.167 -0.430
2615.175 1.000 2592.000 23.303 -0.430
2615.031 324.064 2592.000 369.971 -0.430
2619.281 302.887 2592.000 351.572 -0.430
2637.879 1.000 2592.000 56.466 -0.430
2612.912 438.707 2592.000 472.170 -0.430
1.000 32.816 -110.633 158.498 -0.430
2608.427 1.000 2592.000 87.507 -0.430
2602.419 508.183 2592.000 575.772 -0.430
1.000 588.764 -15.957 683.560 -0.430
1724.533 1.000 1714.504 7.500 -0.430
2626.971 285.963 2592.000 327.710 -0.430
2627.493 1.000 2592.000 57.776 -0.430
1.000 47.645 -72.091 101.463 -0.431
1766.114 1.000 1618.121 95.823 -0.431
2651.598 1.000 2575.931 41.298 -0.431
2614.646 256.706 2592.000 309.715 -0.431
1.000 1.000 -451.066 675.854 -0.431
2609.284 206.275 2589.057 269.033 -0.431
1.000 1.000 -19.947 16.474 -0.431
1.000 150.447 -25.037 202.339 -0.431
1.000 613.678 -66.753 681.332 -0.431
1.000 577.639 -2.400 612.803 -0.431
2593.350 470.239 2592.000 504.461 -0.431
1.000 281.536 -9.823 332.836 -0.431
2599.422 321.326 2592.000 369.080 -0.431
1290.762 1.000 1142.536 109.893 -0.431
1.000 57.749 -59.262 104.739 -0.431
354.352 1.000 323.993 17.027 -0.431
1.000 586.454 -132.876 704.529 -0.431
1.000 124.082 -80.129 547.703 -0.431
1.000 477.235 -12.176 540.849 -0.431
1.000 525.826 -6.042 574.400 -0.431
1.000 1.000 -990.974 1065.407 -0.432
1.000 1.000 -52.239 121.126 -0.432
1.000 105.830 -3.329 154.579 -0.432
2618.708 278.473 2592.000 361.060 -0.432
2608.431 405.083 2592.000 467.798 -0.432
1.000 589.043 -12.515 676.698 -0.432
1.000 1289.559 917.438 1944.000 -0.432
2593.404 537.502 2592.000 565.659 -0.432
3241.856 1.000 2592.000 312.075 -0.432
1.000 569.597 -12.304 610.963 -0.432
2140.161 1.000 2096.647 4.381 -0.432
2623.157 255.682 2592.000 328.166 -0.432
2603.052 1.000 2592.000 53.872 -0.432
2596.029 264.897 2592.000 366.707 -0.432
2207.697 1.000 2161.076 34.899 -0.432
2637.336 1.000 2592.000 50.387 -0.432
2642.214 1.000 2527.828 57.671 -0.432
2483.952 1.000 2426.724 30.518 -0.432
2635.488 1.000 2592.000 28.393 -0.432
1.000 97.368 -20.562 156.779 -0.432
1.000 1.000 -13.870 27.139 -0.432
1.000 377.247 -390.453 689.165 -0.432
2592.577 291.970 2576.637 386.238 -0.432
2594.374 45.535 2592.000 545.668 -0.432
2597.709 327.458 2592.000 382.160 -0.432
2605.773 286.661 2592.000 356.838 -0.432
4582.588 1.000 2592.000 792.254 -0.432
1.000 539.104 -75.845 605.162 -0.432
1.000 491.624 -6.541 557.094 -0.432
2612.003 1.000 2592.000 61.129 -0.432
1.000 1.000 -349.405 376.740 -0.432
2622.700 1.000 2592.000 40.995 -0.432
2639.885 1.000 2592.000 32.515 -0.433
1.000 335.924 -73.451 497.258 -0.433
2612.524 1.000 2576.612 280.538 -0.433
1.000 1.000 -774.720 1121.664 -0.433
1.000 87.145 -81.436 147.537 -0.433
2647.302 1.000 2592.000 47.061 -0.433
2626.308 1.000 2592.000 98.443 -0.433
2117.288 1.000 2046.550 -2.152 -0.433
2647.580 1.000 2592.000 94.218 -0.433
2649.077 1.000 2592.000 16.684 -0.433
2032.198 1.000 2022.544 7.898 -0.433
1.000 221.555 -935.892 951.107 -0.433
1.000 106.707 -374.291 899.638 -0.433
2424.957 1.000 2404.544 38.916 -0.433
1.000 257.348 -54.963 303.411 -0.433
1.000 82.780 -47.026 164.427 -0.433
2595.377 373.929 2592.000 419.208 -0.433
1.000 800.532 -27.932 902.891 -0.433
1.000 610.028 -32.020 662.773 -0.433
724.426 1.000 709.525 3.950 -0.433
2633.932 240.692 2592.000 289.347 -0.433
2606.800 438.760 2592.000 478.584 -0.433
1.000 69.684 -23.934 129.189 -0.434
1.000 80.620 -97.307 158.607 -0.434
1.000 1.000 -119.776 181.161 -0.434
1.000 1683.333 -114.961 1944.000 -0.434
1.000 207.511 -159.664 292.633 -0.434
2277.887 1.000 2261.706 38.883 -0.434
1.000 316.422 -607.205 794.329 -0.434
1.000 1.000 -439.858 1002.615 -0.434
2603.327 478.064 2592.000 514.322 -0.434
2133.574 1.000 2124.767 8.448 -0.434
451.030 1.000 417.735 31.994 -0.434
1.000 611.877 -59.933 674.216 -0.434
1.000 545.200 -240.124 745.129 -0.434
1.000 326.180 -488.966 712.956 -0.434
2654.855 252.289 2592.000 328.872 -0.434
1.000 1.000 -246.633 266.424 -0.434
1.000 567.887 -21.066 605.738 -0.434
1.000 1.000 -264.441 285.539 -0.434
2632.443 319.029 2592.000 361.778 -0.434
1.000 572.197 -73.619 638.663 -0.434
2640.622 1.000 2592.000 23.839 -0.434
1.000 1.000 -8.200 14.935 -0.434
1.000 75.500 -24.788 121.706 -0.434
2602.133 1.000 2592.000 115.249 -0.434
1.000 131.291 -22.306 171.974 -0.434
1353.726 1.000 1347.412 28.156 -0.434
2028.877 1.000 1951.369 82.189 -0.434
1.000 505.258 -71.114 554.177 -0.435
1.000 605.689 -56.670 654.132 -0.435
1187.958 1.000 801.011 356.162 -0.435
364.115 1.000 329.554 26.324 -0.435
327.277 1.000 292.908 37.023 -0.435
2599.612 265.467 2592.000 317.705 -0.435
1.000 115.110 -23.311 190.016 -0.435
1.000 864.453 -127.141 1218.392 -0.435
2710.090 1.000 2592.000 97.385 -0.435
1.000 1.000 -310.593 708.984 -0.435
1.000 627.706 -65.949 695.088 -0.435
2633.532 1.000 2592.000 100.187 -0.435
2602.826 290.778 2592.000 335.942 -0.435
1.000 515.483 -72.381 585.040 -0.435
2623.382 1.000 2592.000 43.889 -0.435
1.000 118.810 -177.077 407.260 -0.435
1.000 69.830 -238.841 339.639 -0.435
2611.972 1.000 2592.000 34.438 -0.435
1.000 1.000 -18.519 29.960 -0.435
2642.876 1.000 2592.000 21.966 -0.435
1021.918 1.000 1011.117 9.519 -0.435
1802.095 1.000 1684.896 63.394 -0.435
1.000 149.612 -157.062 1045.100 -0.435
816.469 1.000 804.908 26.280 -0.435
1.000 1.000 -374.589 403.773 -0.435
2617.062 516.437 2592.000 559.422 -0.435
2676.972 1.000 2592.000 55.049 -0.435
2898.993 1.000 2592.000 501.781 -0.435
2603.824 1.000 2592.000 39.865 -0.435
1.000 305.155 -808.117 938.046 -0.435
3107.823 1.000 2592.000 125.362 -0.435
1.000 172.306 -332.250 625.259 -0.435
1.000 78.052 -22.108 121.118 -0.435
1.000 1.000 -158.519 239.012 -0.436
2613.795 1.000 2592.000 57.628 -0.436
1.000 583.143 -55.120 641.047 -0.436
2632.558 234.012 2592.000 297.750 -0.436
1464.587 1.000 1457.165 7.911 -0.436
2641.915 240.574 2592.000 324.024 -0.436
1408.480 1.000 787.162 157.926 -0.436
2595.850 198.250 2580.514 261.151 -0.436
2649.146 1.000 2592.000 17.598 -0.436
2644.868 1.000 2592.000 34.764 -0.436
2633.305 1.000 2592.000 54.615 -0.436
1.000 568.130 -81.595 640.265 -0.436
2621.595 241.667 2592.000 334.375 -0.436
1.000 534.438 -9.758 598.501 -0.436
2507.736 1.000 2444.590 21.775 -0.436
1.000 581.931 -6.743 656.855 -0.437
2650.237 251.174 2592.000 279.395 -0.437
2611.703 335.010 2592.000 394.172 -0.437
2599.967 385.721 2592.000 452.682 -0.437
2669.293 1.000 2592.000 37.151 -0.437
281.564 1.000 220.703 -7.362 -0.437
1.000 357.182 -184.838 509.702 -0.437
2607.149 255.679 2592.000 321.814 -0.437
1968.619 1.000 1946.642 14.249 -0.437
1.000 146.410 -63.256 199.723 -0.437
1.000 142.613 -2.389 174.929 -0.437
1195.391 1.000 982.799 178.262 -0.437
487.834 1.000 486.592 189.211 -0.437
2612.312 1.000 2592.000 32.445 -0.437
1.000 1.000 -84.261 128.128 -0.437
1344.966 1.000 1280.367 2.864 -0.437
1.000 612.588 -74.235 685.997 -0.437
2654.079 1.000 2592.000 18.235 -0.437
2654.564 1.000 2592.000 49.029 -0.437
238.788 1.000 192.483 16.791 -0.437
1.000 1.000 -97.011 147.166 -0.437
1308.080 1.000 1302.414 33.240 -0.437
2636.011 249.044 2592.000 291.484 -0.437
1.000 365.878 -132.658 681.451 -0.437
1.000 136.293 -79.805 318.828 -0.437
2593.112 426.591 2592.000 489.413 -0.437
2629.796 351.256 2592.000 393.381 -0.437
1.000 1.000 -366.102 548.982 -0.437
1.000 486.486 -614.255 1265.680 -0.437
2616.619 809.294 2592.000 849.241 -0.437
278.888 1.000 264.832 0.558 -0.438
2712.956 1.000 2592.000 28.579 -0.438
2615.451 227.966 2592.000 280.608 -0.438
156.170 1.000 137.776 19.704 -0.438
317.726 1271.607 1521.244 1944.000 -0.438
1248.484 1.000 1232.204 2.570 -0.438
2596.441 306.221 2592.000 378.593 -0.438
1.000 1.000 -170.003 256.160 -0.438
2077.226 1.000 2068.529 16.437 -0.438
1.000 1.000 -587.226 1192.411 -0.438
2625.349 1.000 2592.000 105.460 -0.438
2605.522 596.922 2592.000 620.671 -0.438
1.000 124.482 -6.440 175.030 -0.438
2610.778 340.923 2592.000 377.216 -0.438
2703.707 1.000 2592.000 19.050 -0.438
1.000 284.715 -50.433 331.562 -0.438
2617.384 294.587 2592.000 376.861 -0.438
2630.152 254.782 2592.000 299.185 -0.438
2588.139 194.434 2577.705 266.361 -0.438
1782.740 1.000 1755.962 2.972 -0.438
1.000 1161.420 -841.010 1944.000 -0.438
2597.509 248.508 2592.000 298.495 -0.438
604.681 1.000 451.358 135.054 -0.438
2898.147 1.000 2403.014 -13.363 -0.438
2594.043 254.926 2592.000 319.132 -0.438
155.671 1.000 100.394 11.142 -0.438
1762.550 1.000 1754.338 33.813 -0.438
2927.532 1.000 2183.932 275.949 -0.438
2610.680 1.000 2592.000 46.988 -0.438
1.000 163.736 -432.372 502.731 -0.438
2626.823 298.076 2592.000 348.973 -0.438
1090.039 1.000 954.784 102.515 -0.438
2093.080 1.000 2064.332 6.263 -0.438
1.000 1.000 -68.163 104.090 -0.439
1.000 136.693 -28.951 202.007 -0.439
1892.622 1.000 1857.568 29.052 -0.439
1171.585 1.000 1100.673 23.381 -0.439
1663.531 1.000 1479.740 135.289 -0.439
1901.848 1.000 1861.306 8.021 -0.439
1.000 1.000 -401.581 432.747 -0.439
912.983 1.000 893.940 20.521 -0.439
1.000 507.857 -75.938 552.755 -0.439
909.971 1.000 836.601 17.986 -0.439
2642.550 1.000 2592.000 16.812 -0.439
1912.911 1.000 1903.680 9.952 -0.439
2155.080 1.000 2150.312 44.548 -0.439
1.000 1.000 -195.502 294.237 -0.439
2632.526 228.642 2592.000 280.884 -0.439
2622.780 13.052 2592.000 71.396 -0.439
2622.285 1.000 2592.000 16.808 -0.439
2491.758 1.000 2445.466 49.174 -0.439
2548.150 1.000 2529.084 32.559 -0.439
1476.663 1.000 1400.787 106.202 -0.440
1.000 619.862 -24.090 675.379 -0.440
2609.635 1.000 2592.000 49.569 -0.440
2514.765 1.000 2505.733 33.781 -0.440
343.070 1.000 167.366 77.492 -0.440
2601.985 1.000 2592.000 107.577 -0.440
1.000 149.852 -120.872 292.100 -0.440
1.000 136.917 -66.974 189.005 -0.440
1.000 547.390 -8.723 622.984 -0.440
1.000 1.000 -101.452 595.603 -0.440
2604.906 325.583 2592.000 393.709 -0.440
2621.852 1.000 2592.000 71.845 -0.440
1.000 557.567 -69.969 626.308 -0.440
2594.175 857.059 2592.000 898.756 -0.440
2605.792 1.000 2592.000 43.958 -0.440
1.000 274.907 -6.654 318.943 -0.440
1.000 1.000 -332.992 759.864 -0.440
1.000 1.000 -182.311 274.539 -0.440
1.000 1.000 -430.511 463.800 -0.440
1.000 586.646 -9.455 667.690 -0.440
202.231 1.000 182.343 51.086 -0.440
2619.227 243.391 2592.000 304.329 -0.440
2607.057 451.722 2592.000 497.522 -0.440
2617.946 30.445 2592.000 386.048 -0.440
1.000 1.000 -277.095 416.074 -0.440
1.000 1.000 -655.070 603.484 -0.440
1423.950 1.000 1417.750 8.915 -0.440
1.000 627.229 -19.578 678.058 -0.440
1.000 637.092 -34.887 754.574 -0.440
1.000 1.000 -280.646 497.123 -0.441
1.000 440.545 -22.754 481.693 -0.441
2372.477 1.000 2343.626 31.717 -0.441
2609.900 503.038 2592.000 601.830 -0.441
1.000 472.687 -13.308 516.169 -0.441
1603.743 1.000 1599.063 13.189 -0.441
1.000 571.931 -36.965 619.567 -0.441
2012.704 1.000 1502.618 103.720 -0.441
1.000 118.338 -14.468 167.401 -0.441
1.000 1.000 -653.295 702.939 -0.441
1.000 98.893 -46.102 180.229 -0.441
1.000 209.558 -165.803 288.624 -0.441
1.000 444.046 -53.916 487.788 -0.441
1.000 260.412 -212.222 404.059 -0.441
1.000 104.166 -48.981 159.725 -0.441
1.000 1.000 -111.656 169.035 -0.441
2608.305 1.000 2592.000 81.217 -0.441
2604.242 1.000 2592.000 37.167 -0.441
2614.177 1.000 2592.000 76.951 -0.441
1.000 441.692 -8.908 496.518 -0.441
1.000 253.469 -28.553 340.972 -0.441
1.000 134.036 -47.532 206.412 -0.441
1.000 1.000 2592.000 1555.495 -0.441
332.148 1.000 157.117 49.855 -0.441
1.000 1122.609 -26.620 1898.739 -0.441
2649.241 211.194 2592.000 257.360 -0.441
2622.773 260.362 2592.000 309.872 -0.441
2609.171 329.802 2592.000 377.672 -0.441
2613.247 287.312 2592.000 337.201 -0.441
1.000 508.343 -139.025 1056.414 -0.442
2612.216 1.000 2579.556 34.002 -0.442
1.000 137.373 -61.294 218.430 -0.442
2637.478 1.000 2592.000 25.618 -0.442
1382.852 1.000 1358.366 8.618 -0.442
2662.488 1.000 2592.000 18.815 -0.442
1.000 391.957 -17.632 470.564 -0.442
2672.503 1.000 2592.000 48.805 -0.442
2560.260 1.000 2544.232 38.715 -0.442
1596.383 1.000 1527.768 21.603 -0.442
2598.357 1.000 2592.000 179.676 -0.442
1257.374 1.000 1238.024 8.993 -0.442
2617.677 291.836 2592.000 338.368 -0.442
2616.354 307.950 2592.000 354.170 -0.442
2601.135 279.522 2592.000 332.059 -0.442
1.000 1.000 -73.162 111.554 -0.442
1947.087 1.000 1902.774 3.222 -0.442
2610.311 501.475 2592.000 531.351 -0.442
2609.895 273.248 2592.000 338.169 -0.442
1.000 462.817 -66.748 508.604 -0.442
1.000 617.026 -218.607 846.991 -0.442
2594.939 1.000 2592.000 179.878 -0.442
1.000 142.282 -33.576 187.176 -0.442
316.285 1.000 251.468 11.993 -0.443
2626.312 1.000 2592.000 32.678 -0.443
541.113 1.000 512.331 18.479 -0.443
904.593 1.000 896.650 2.346 -0.443
2669.008 1.000 2592.000 14.506 -0.443
1872.229 1.000 1870.311 16.215 -0.443
2643.571 241.014 2592.000 304.704 -0.443
1.000 553.530 -80.964 601.497 -0.443
2626.266 217.838 2592.000 268.171 -0.443
1.000 499.576 -50.734 542.241 -0.443
299.171 1.000 282.737 1.303 -0.443
1.000 61.048 -27.810 110.981 -0.443
2645.898 1.000 2592.000 31.204 -0.443
1.000 215.908 -570.991 663.327 -0.443
2646.760 1.000 2592.000 44.793 -0.443
77.585 1.000 71.311 52.644 -0.443
303.552 1.000 240.384 21.353 -0.443
2668.008 1.181 2592.000 34.406 -0.443
1.000 237.802 -43.247 388.899 -0.443
2606.368 1.000 2585.126 25.258 -0.443
2600.175 1.000 2592.000 192.524 -0.443
2648.230 1.000 2592.000 63.901 -0.443
677.651 1.000 574.935 137.793 -0.443
2425.087 1.000 2401.122 36.353 -0.443
2616.517 233.917 2592.000 287.368 -0.443
2635.775 1.000 2592.000 25.129 -0.443
2640.754 1.000 2592.000 36.148 -0.443
1728.693 1.000 1690.884 26.484 -0.443
2685.584 1.000 2592.000 39.478 -0.443
1.000 420.287 -1.068 453.594 -0.443
1.000 1.000 -200.596 185.810 -0.443
2071.283 1.000 1825.206 316.558 -0.444
1.000 582.796 -2.776 630.266 -0.444
1.000 497.135 -56.142 558.441 -0.444
2612.972 293.404 2592.000 353.980 -0.444
363.451 1.000 328.758 15.342 -0.444
2764.809 1.000 2592.000 49.144 -0.444
1.000 248.013 -5.106 286.137 -0.444
2535.073 1.000 2483.319 27.816 -0.444
2647.495 232.457 2592.000 278.210 -0.444
2642.390 346.324 2592.000 374.748 -0.444
458.609 1.000 443.702 22.241 -0.444
2647.601 1.000 2592.000 541.729 -0.444
2624.757 69.475 2592.000 137.153 -0.444
2290.141 1.000 2284.048 13.712 -0.444
1.000 716.375 -135.628 1073.184 -0.444
2594.322 1.000 2592.000 21.632 -0.444
2368.102 1.000 2333.619 6.034 -0.444
1.000 29.281 -38.420 114.918 -0.444
1535.461 1.000 1473.258 15.108 -0.444
1.000 1665.957 -131.237 1944.000 -0.445
1.000 170.317 -35.118 239.446 -0.445
2607.306 1.000 2592.000 113.827 -0.445
2612.136 359.979 2592.000 423.568 -0.445
1.000 346.177 -156.848 710.163 -0.445
2652.030 1.000 2592.000 359.125 -0.445
461.317 1.000 382.698 63.095 -0.445
1787.293 1.000 1781.433 7.633 -0.445
1.000 1134.064 -589.315 1944.000 -0.445
2648.928 1.000 2592.000 13.223 -0.445
2610.152 1.000 2592.000 22.049 -0.445
2651.535 1.000 2592.000 15.962 -0.445
2593.760 352.580 2584.659 439.426 -0.445
1391.498 1.000 1045.814 93.123 -0.445
2599.675 454.394 2592.000 559.602 -0.445
2630.420 1.000 2592.000 37.246 -0.445
2633.533 1.000 2592.000 32.775 -0.445
1.000 1.000 -258.439 388.217 -0.445
2599.858 275.908 2592.000 313.873 -0.445
2664.779 1.000 2592.000 32.430 -0.445
1.000 570.057 -19.951 655.263 -0.445
1.000 541.619 -689.963 1216.020 -0.445
2552.852 1.000 2493.406 2.329 -0.445
1.000 412.847 -41.284 452.454 -0.445
2594.066 529.445 2592.000 557.759 -0.445
2598.870 331.404 2592.000 377.508 -0.445
217.568 1.000 209.735 23.769 -0.445
1.000 552.202 -23.745 593.100 -0.445
2424.759 1.000 2413.594 104.650 -0.445
1.000 551.595 -10.161 608.459 -0.445
1.000 313.326 -137.285 428.005 -0.445
2634.688 676.150 2592.000 742.379 -0.445
290.660 1.000 202.393 10.638 -0.446
2649.850 16.804 2592.000 58.807 -0.446
1.000 147.855 -282.481 370.619 -0.446
2666.135 1.000 2592.000 169.030 -0.446
2687.844 1.000 2592.000 90.303 -0.446
2620.324 259.609 2592.000 306.766 -0.446
2618.330 1.000 2592.000 62.632 -0.446
1.000 611.274 -23.963 661.158 -0.446
2635.604 256.096 2592.000 311.422 -0.446
2617.085 264.526 2592.000 319.738 -0.446
174.989 1.000 165.587 36.739 -0.446
1.000 127.440 -536.898 546.308 -0.446
1.000 645.602 -293.970 1325.129 -0.446
2649.519 266.440 2592.000 304.874 -0.446
2548.994 1.000 2534.304 10.597 -0.446
2604.079 397.584 2592.000 433.778 -0.446
2674.764 1.000 2592.000 49.707 -0.446
1.000 183.550 -632.732 896.156 -0.446
500.416 1.000 490.663 87.801 -0.446
1.000 114.516 -88.441 186.496 -0.446
1.000 553.079 -129.093 735.141 -0.447
2607.931 441.091 2592.000 487.097 -0.447
1278.992 1.000 1203.182 14.747 -0.447
1.000 236.188 -597.936 1395.961 -0.447
1.000 122.498 -116.561 454.280 -0.447
2609.255 247.819 2592.000 291.492 -0.447
2676.171 1.000 2592.000 23.869 -0.447
2639.815 1.000 2555.323 18.129 -0.447
2597.725 1.244 2592.000 54.846 -0.447
2001.482 1.000 1977.402 3.814 -0.447
1411.754 1.000 775.376 899.455 -0.447
1.000 1.000 -341.486 512.224 -0.447
1.000 432.669 -50.715 629.847 -0.447
1.000 257.098 -492.925 645.214 -0.447
1.000 228.409 -2.718 284.869 -0.447
182.957 1.000 167.125 27.740 -0.447
2604.341 289.862 2592.000 355.333 -0.447
252.935 1.000 175.763 9.091 -0.447
1.000 69.363 -154.112 231.500 -0.447
3670.336 1.000 2592.000 588.201 -0.447
1.000 55.775 -789.077 936.475 -0.447
2608.095 336.465 2592.000 387.928 -0.447
2600.826 1.000 2592.000 391.558 -0.447
1.000 1.000 -104.080 157.722 -0.447
1.000 568.473 -122.660 678.205 -0.448
355.022 1.000 270.027 33.164 -0.448
1.000 1.000 -410.303 935.480 -0.448
2485.330 1.000 2410.011 23.514 -0.448
2606.932 230.335 2592.000 291.492 -0.448
2597.419 1.000 2592.000 18.033 -0.448
1.000 129.434 -54.554 239.907 -0.448
1.000 77.351 -82.499 126.921 -0.448
2682.526 1.000 2592.000 23.914 -0.448
2594.344 341.037 2592.000 386.266 -0.448
2657.789 1.394 2592.000 46.633 -0.448
2756.323 594.405 2592.000 1944.000 -0.448
1700.907 1.000 1663.715 7.146 -0.448
2593.455 284.276 2592.000 343.565 -0.448
327.152 1.000 197.924 14.072 -0.448
2610.367 1.000 2592.000 38.293 -0.448
2395.405 1.000 2383.254 15.331 -0.448
1.000 1.000 -127.226 778.704 -0.448
1.000 66.498 -63.917 111.030 -0.448
2318.281 1.000 2283.777 8.545 -0.448
1.000 77.478 -43.438 141.200 -0.448
2632.886 370.202 2592.000 420.687 -0.448
2618.663 1.000 2592.000 18.474 -0.448
1.000 225.058 -58.312 285.276 -0.448
2426.735 1.000 2393.441 29.647 -0.448
2600.698 316.683 2592.000 361.345 -0.448
1.000 1.000 -36.581 69.622 -0.448
2619.117 1.000 2592.000 19.751 -0.448
2634.754 239.247 2592.000 281.465 -0.448
1.000 630.832 -15.555 677.350 -0.448
1.000 634.531 -89.454 720.247 -0.448
2638.565 241.785 2592.000 271.455 -0.449
1.000 394.727 -321.410 770.699 -0.449
2027.070 1.000 1972.010 20.405 -0.449
2617.805 347.179 2592.000 375.748 -0.449
2284.471 1.000 2262.513 37.578 -0.449
1.000 349.999 -88.145 571.273 -0.449
1.000 1.000 -56.779 116.342 -0.449
1.000 229.169 -87.058 365.946 -0.449
2616.269 1.000 2592.000 27.165 -0.449
2593.792 1.000 2592.000 38.439 -0.449
2289.297 1.000 2276.308 8.807 -0.449
1.000 121.990 -7.662 176.413 -0.449
2012.328 1.000 1996.161 7.867 -0.449
1.000 1.000 -30.199 42.894 -0.449
2597.014 221.862 2592.000 270.315 -0.449
2623.999 1.000 2592.000 121.040 -0.449
2692.004 1.000 2592.000 12.262 -0.449
1413.696 1.000 1408.965 11.254 -0.449
1.000 404.368 -361.206 694.359 -0.449
1845.820 1.000 1796.929 3.557 -0.449
2624.786 83.899 2592.000 131.096 -0.449
1.000 287.855 -38.845 328.963 -0.449
2598.711 268.595 2592.000 298.961 -0.449
1.000 363.407 -697.715 912.431 -0.449
1.000 414.284 -43.006 458.619 -0.449
2570.086 1.000 2478.043 19.157 -0.449
1.000 273.800 -11.833 319.916 -0.449
2221.052 1.000 2187.485 29.378 -0.449
1.000 1688.328 -81.172 1944.000 -0.449
1701.491 1.000 1507.112 144.975 -0.449
2618.408 313.518 2592.000 361.997 -0.449
1.000 84.231 -353.717 360.462 -0.450
2616.656 1.000 2592.000 26.482 -0.450
2649.206 329.369 2592.000 417.361 -0.450
199.319 81.517 176.887 123.006 -0.450
2605.253 413.541 2592.000 471.181 -0.450
1.000 79.503 -65.374 128.323 -0.450
387.251 1.000 385.344 37.239 -0.450
2742.808 787.512 2592.000 1077.770 -0.450
2250.660 1.000 2212.438 3.255 -0.450
2598.093 468.850 2592.000 559.854 -0.450
2615.201 1.000 2592.000 82.426 -0.450
2412.187 1.000 2405.850 112.113 -0.450
2634.862 1.000 2592.000 23.719 -0.450
3364.760 1.000 2592.000 277.679 -0.450
1.000 111.062 -45.054 178.840 -0.450
1.000 473.761 -65.298 532.050 -0.450
2609.507 290.704 2592.000 333.374 -0.450
1.000 404.291 -418.584 738.622 -0.450
1.000 299.660 -367.207 591.682 -0.450
1.000 601.093 -48.064 653.991 -0.450
2594.728 521.388 2592.000 549.858 -0.450
2625.137 469.676 2592.000 508.633 -0.450
364.970 1.000 335.339 81.818 -0.450
2597.169 295.225 2592.000 346.886 -0.450
350.227 1.000 246.200 52.089 -0.450
1.000 908.214 -198.422 1414.994 -0.451
2647.382 209.213 2590.486 263.470 -0.451
1.000 291.130 -24.371 435.912 -0.451
265.995 1.000 217.078 26.109 -0.451
2605.103 28.046 2592.000 360.238 -0.451
2627.152 1.000 2592.000 65.026 -0.451
2081.234 1.000 2019.107 42.518 -0.451
1.000 360.665 -41.512 402.510 -0.451
1.000 136.081 -72.497 192.138 -0.451
729.397 1.000 699.878 6.179 -0.451
2787.465 1.000 2592.000 71.789 -0.451
2607.664 544.644 2592.000 574.935 -0.451
1195.149 1.000 1122.908 20.033 -0.451
271.345 1.000 219.690 22.678 -0.451
2625.727 1.000 2592.000 129.679 -0.451
762.463 1.000 728.384 2.137 -0.451
1.000 374.616 -561.894 818.957 -0.451
2602.195 1.000 2592.000 94.579 -0.451
2607.403 387.364 2592.000 445.511 -0.451
1.000 255.326 -116.716 345.941 -0.451
1.000 1.000 -310.692 1337.763 -0.451
2650.238 1.000 2592.000 54.136 -0.451
2346.484 1.000 2310.950 4.942 -0.451
1800.447 1.000 1798.361 10.426 -0.451
2051.261 1.000 2032.468 119.370 -0.451
2640.236 47.740 2592.000 101.371 -0.451
1.000 201.002 -52.552 299.680 -0.451
759.285 1.000 733.860 -0.346 -0.451
602.176 1.000 598.372 25.647 -0.451
946.485 1.000 909.987 20.347 -0.451
1.000 45.260 -25.334 105.238 -0.451
1.000 265.073 -78.817 458.427 -0.452
2594.707 231.804 2592.000 288.333 -0.452
1.000 272.112 -22.250 325.192 -0.452
1.000 1.000 -900.603 481.380 -0.452
2604.828 565.894 2592.000 611.599 -0.452
2602.618 1.000 2592.000 33.552 -0.452
2481.219 1.000 2466.644 34.704 -0.452
2086.193 1.000 2047.480 2.914 -0.452
1.000 525.516 -175.189 674.772 -0.452
469.828 1.000 386.442 30.101 -0.452
1.000 504.946 -262.013 720.787 -0.452
2614.087 300.639 2592.000 337.712 -0.452
1.000 221.841 -153.775 346.985 -0.452
2630.376 405.889 2592.000 446.083 -0.452
1.000 232.006 -125.104 342.970 -0.452
1.000 362.771 -7.134 416.594 -0.452
2630.765 1.000 2592.000 23.337 -0.452
