1760.113 1043.917 1951.854 1343.203 0.219
1851.461 209.564 2329.604 1010.173 0.156
1667.433 1070.994 2068.970 1666.685 0.033
963.683 1075.894 1455.959 1907.202 -0.115
2220.062 682.884 2446.385 1061.615 -0.219
1431.909 384.433 1480.657 471.225 -0.238
1199.218 425.727 1375.971 700.514 -0.322
564.964 1381.199 618.074 1484.548 -0.363
134.755 1469.836 363.405 1599.542 -0.415
2431.727 918.325 2527.015 1080.893 -0.437
1397.380 1309.521 1631.010 1704.641 -0.485
1451.496 663.030 1934.806 1395.529 -0.592
226.711 675.447 837.867 1585.605 -0.622
919.988 1061.675 1011.346 1108.917 -0.674
2405.081 209.666 2477.739 266.673 -0.682
422.267 1652.730 523.190 1699.237 -0.691
49.481 237.209 117.580 348.478 -0.712
176.386 148.319 219.949 229.938 -0.714
36.651 120.422 105.707 230.607 -0.753
2389.156 1892.439 2497.988 1944.000 -0.764
1558.730 1865.210 1693.795 1934.742 -0.768
95.429 704.829 194.680 771.877 -0.781
2074.667 241.415 2592.000 1084.511 -0.813
1199.193 270.196 1313.768 375.710 -0.817
28.410 185.454 92.668 290.942 -0.826
1171.383 224.208 1307.543 328.464 -0.841
2257.911 1400.653 2374.347 1467.081 -0.853
1.000 931.974 144.414 1019.969 -0.861
1728.435 497.881 1918.184 798.969 -0.873
1194.125 819.039 1239.457 898.080 -0.885
20.984 1528.605 147.695 1603.467 -0.885
317.672 1617.898 412.345 1657.785 -0.888
1124.074 363.421 1400.976 815.148 -0.891
2270.314 1397.743 2348.470 1535.249 -0.897
1924.955 1788.787 2006.652 1822.704 -0.903
524.469 1529.534 741.830 1654.915 -0.903
1.000 621.362 338.268 1210.320 -0.906
2339.561 1482.455 2443.125 1528.849 -0.910
462.913 523.820 537.270 653.138 -0.916
2372.185 172.754 2481.314 274.416 -0.917
587.665 984.054 1589.273 1944.000 -0.918
477.235 1578.173 555.623 1606.014 -0.921
971.622 656.675 1061.914 708.545 -0.922
2368.180 1379.079 2592.000 1529.522 -0.927
757.073 713.625 1087.840 1252.110 -0.933
145.431 152.430 184.224 219.499 -0.933
2493.967 12.284 2585.916 90.930 -0.934
1683.841 890.728 2592.000 1668.145 -0.942
420.845 1579.970 552.689 1646.636 -0.944
886.488 670.258 969.939 731.367 -0.952
1363.643 1363.636 1899.573 1944.000 -0.954
761.244 623.506 860.400 690.003 -0.954
1861.939 1465.028 2564.774 1911.958 -0.955
831.678 649.803 925.236 703.997 -0.963
23.749 71.783 78.501 166.972 -0.980
500.188 1644.515 577.112 1671.668 -0.982
1900.787 1913.332 1982.461 1939.783 -0.984
68.101 1656.958 121.109 1771.160 -0.988
389.715 1635.275 467.259 1663.450 -0.991
45.840 1513.728 252.862 1732.229 -0.991
1.000 1232.316 85.765 1277.802 -0.993
1575.473 456.004 1681.562 536.805 -0.994
14.761 359.237 68.655 414.523 -0.994
404.883 1674.159 501.650 1757.680 -0.995
1059.613 607.114 1270.452 958.840 -0.998
324.211 623.454 428.865 700.259 -0.998
834.322 485.313 2031.988 1865.410 -1.000
1105.479 223.315 1316.792 395.243 -1.000
1.000 1741.201 71.765 1811.305 -1.001
1828.071 187.071 1884.785 256.333 -1.003
1320.361 274.353 1376.392 338.055 -1.003
73.672 27.127 1107.965 1282.560 -1.004
43.295 314.682 85.452 393.842 -1.006
1.000 1612.253 87.573 1702.223 -1.012
1939.360 1898.424 2042.224 1944.000 -1.012
348.721 1591.028 458.286 1689.845 -1.015
1387.634 97.653 1565.313 311.262 -1.019
1428.944 301.247 1508.679 393.756 -1.023
2570.859 92.464 2592.000 199.816 -1.023
1.000 1279.244 93.747 1377.544 -1.024
1.000 493.543 58.697 558.233 -1.025
50.303 1811.256 142.380 1882.281 -1.026
1776.772 294.425 1847.219 378.124 -1.026
1669.450 112.288 1862.639 361.572 -1.027
109.622 1453.494 360.508 1726.650 -1.027
460.994 1545.480 605.943 1693.637 -1.030
2472.726 1911.225 2592.000 1944.000 -1.031
2473.972 1873.274 2592.000 1944.000 -1.031
1229.253 283.086 1476.980 485.087 -1.032
1.000 238.767 54.907 297.666 -1.032
156.114 1.000 1984.959 1821.818 -1.033
2547.438 76.270 2590.421 135.211 -1.037
2327.795 1890.404 2426.054 1944.000 -1.037
2181.960 1916.863 2286.817 1944.000 -1.038
1.384 129.055 48.481 182.074 -1.038
1.000 1668.586 46.524 1738.497 -1.040
1.000 376.387 54.005 435.936 -1.041
12.129 350.402 90.814 440.500 -1.041
1.000 433.513 61.135 502.250 -1.044
2166.015 1899.804 2328.147 1944.000 -1.044
4.583 1.000 66.616 66.280 -1.045
305.115 1797.177 425.500 1908.185 -1.046
1848.412 1908.124 1994.505 1944.000 -1.049
2101.334 15.088 2168.738 101.556 -1.049
329.319 1741.397 644.583 1944.000 -1.051
2357.149 75.879 2417.524 154.327 -1.051
2.288 56.688 56.100 116.684 -1.051
2347.317 138.170 2430.983 241.597 -1.052
1.000 1846.477 101.870 1944.000 -1.053
1984.977 1889.729 2094.165 1944.000 -1.053
2232.678 62.768 2309.786 159.438 -1.053
183.419 1812.166 281.867 1892.197 -1.054
1.000 195.337 107.481 378.932 -1.055
3.986 1362.605 96.044 1439.161 -1.055
1808.104 1866.504 2146.616 1944.000 -1.056
2067.546 1899.792 2229.639 1944.000 -1.061
2371.675 43.421 2590.898 318.859 -1.062
1.000 1605.365 122.816 1843.959 -1.063
38.187 486.398 98.915 548.900 -1.064
1.000 1557.920 70.868 1631.830 -1.065
49.487 1344.131 137.227 1417.015 -1.065
138.864 1908.101 280.092 1944.000 -1.068
27.728 1.000 131.680 110.957 -1.069
8.771 1.000 160.765 158.883 -1.071
59.013 1830.354 312.119 1944.000 -1.072
1.769 398.804 78.548 484.650 -1.072
2063.373 52.463 2133.124 111.757 -1.074
2226.446 29.900 2278.178 97.844 -1.076
1.000 1488.166 74.800 1563.937 -1.079
2161.277 92.180 2216.309 160.751 -1.079
2290.149 2.165 2363.066 96.888 -1.079
2005.904 85.076 2057.506 151.604 -1.079
28.933 1238.152 121.327 1320.238 -1.081
2028.325 25.045 2090.440 106.324 -1.082
17.770 1461.602 118.857 1551.137 -1.082
2184.769 74.088 2232.526 135.024 -1.083
88.457 1715.964 590.776 1944.000 -1.084
13.837 547.104 125.975 666.734 -1.085
2013.225 176.811 2066.233 237.664 -1.086
2248.171 156.626 2298.634 222.703 -1.088
1.000 533.775 30.273 591.169 -1.088
2007.934 47.045 2069.070 127.446 -1.089
1568.731 320.164 2592.000 1944.000 -1.090
1.000 1178.519 88.772 1272.898 -1.091
1.000 355.507 94.029 567.247 -1.091
2160.154 88.361 2241.745 186.415 -1.091
2197.669 149.760 2282.266 256.813 -1.091
12.277 1414.218 103.445 1492.186 -1.091
1.000 1509.889 465.963 1944.000 -1.093
2163.968 92.182 2399.006 376.075 -1.095
2163.024 35.659 2227.455 119.045 -1.095
1976.860 129.225 2039.989 206.143 -1.096
87.664 1384.024 187.467 1471.129 -1.097
2050.323 43.554 2128.778 145.361 -1.099
1.000 157.475 50.534 222.603 -1.100
2213.681 18.379 2296.628 123.584 -1.101
1960.010 22.010 2024.389 104.826 -1.101
1.000 170.941 141.863 685.117 -1.105
1956.363 74.713 2023.363 160.672 -1.106
1.000 1243.960 50.605 1312.958 -1.107
1.000 97.699 79.516 231.668 -1.107
2420.599 2.818 2479.157 80.097 -1.107
2114.398 114.256 2160.861 176.182 -1.107
2048.833 161.819 2121.187 248.774 -1.108
1930.736 17.852 2225.406 359.219 -1.111
1.000 66.844 140.861 257.745 -1.111
1.000 1255.164 123.759 1657.108 -1.112
2266.721 37.536 2329.472 117.812 -1.117
2332.134 24.603 2395.956 108.902 -1.118
103.308 1295.065 190.630 1365.256 -1.120
2555.103 1.000 2592.000 23.361 -1.128
1.000 1189.898 287.952 1683.243 -1.130
2356.560 1.000 2427.789 70.137 -1.130
1.000 654.647 307.917 1782.315 -1.134
2147.886 1.000 2556.857 213.015 -1.149
1672.174 1.000 2465.524 526.727 -1.151
2579.049 1.000 2592.000 70.117 -1.161
1.000 1703.586 994.561 1944.000 -1.163
2025.522 1948.642 2127.055 1944.000 -1.320
1088.058 1947.109 1182.374 1944.000 -1.348
1778.394 1947.725 1874.068 1944.000 -1.352
2381.837 1945.649 2470.043 1944.000 -1.359
2064.037 1949.665 2152.377 1944.000 -1.371
2012.390 1946.616 2100.533 1944.000 -1.371
2351.565 1946.715 2472.244 1944.000 -1.377
2057.189 1946.756 2155.287 1944.000 -1.378
