1207.397 519.041 1366.379 589.015 -0.832
593.655 104.873 956.076 445.066 -0.836
2060.930 980.543 2235.633 1054.071 -0.867
780.781 1026.462 859.897 1139.717 -0.871
601.521 399.542 1019.080 664.700 -0.903
2167.786 211.698 2221.500 293.019 -0.929
1048.294 58.957 1714.886 487.469 -0.931
1781.846 835.095 1802.124 947.161 -0.941
168.854 1.000 641.343 752.658 -0.943
1698.506 1367.930 1842.050 1745.718 -0.954
1911.776 362.643 1985.503 550.408 -0.957
2030.288 1336.786 2592.000 1930.743 -0.957
1190.360 1281.472 1247.403 1394.850 -0.962
1211.391 772.044 1441.787 873.271 -0.963
1911.324 692.570 2076.602 770.291 -0.967
641.349 720.707 777.330 967.300 -0.967
1785.187 971.293 2025.966 1070.765 -0.969
1.000 792.941 657.230 1203.365 -0.973
1678.165 608.765 1773.031 719.585 -0.974
2359.316 233.101 2530.699 317.859 -0.974
2235.340 243.494 2399.226 607.029 -0.979
2552.619 463.103 2589.800 599.646 -0.981
1280.048 1423.644 1293.431 1533.436 -0.985
1309.723 1219.690 1347.630 1360.288 -0.987
2413.844 226.810 2485.899 407.253 -0.988
1953.399 993.780 2128.142 1375.641 -0.989
2057.705 696.387 2247.644 762.438 -0.989
196.069 718.391 895.112 1318.329 -0.991
2422.819 392.141 2473.808 549.633 -0.991
940.175 1454.332 1200.277 1555.616 -0.992
2118.570 763.824 2167.717 924.654 -0.992
2102.703 341.468 2124.806 442.864 -0.994
809.508 1512.124 1069.816 1620.449 -0.997
2037.515 688.864 2079.054 838.394 -0.998
2290.461 625.892 2347.244 730.768 -0.998
1992.991 221.364 2102.828 495.631 -1.001
1113.600 1316.641 1321.620 1386.218 -1.002
766.620 1255.229 806.300 1390.587 -1.002
1028.289 167.579 1878.386 1736.370 -1.004
2112.062 183.666 2312.893 624.363 -1.007
565.318 1432.675 600.517 1584.147 -1.011
18.395 1.000 127.978 187.792 -1.013
1.000 827.992 323.894 1591.890 -1.013
482.576 1559.056 561.625 1706.930 -1.013
2063.405 203.668 2504.932 590.396 -1.015
1591.091 612.348 2377.119 1944.000 -1.016
811.055 115.709 1104.556 712.021 -1.018
915.069 1674.757 1156.320 1756.955 -1.026
1817.102 191.028 1983.460 581.252 -1.027
1899.574 539.757 1921.631 648.078 -1.029
2561.933 70.201 2589.447 166.937 -1.033
178.929 824.086 1215.901 1694.930 -1.036
582.253 421.502 803.360 882.467 -1.036
1.000 434.080 2429.262 1944.000 -1.040
556.654 114.163 825.607 718.104 -1.042
30.098 176.482 99.730 291.704 -1.044
1918.604 117.399 1973.261 257.100 -1.048
2466.925 746.843 2587.403 1060.682 -1.051
2397.850 72.526 2431.392 200.469 -1.058
2504.725 208.504 2592.000 450.037 -1.059
2502.408 1098.581 2517.481 1237.166 -1.059
576.803 1.000 1027.865 700.114 -1.067
51.947 342.184 84.093 430.310 -1.069
88.557 1.000 237.975 270.987 -1.070
1850.539 84.988 1898.064 206.966 -1.072
1940.022 199.141 2127.804 617.424 -1.072
40.741 1.000 288.186 455.500 -1.076
2436.084 1077.214 2592.000 1135.087 -1.080
2529.586 431.171 2586.655 618.175 -1.084
2352.386 1100.517 2581.191 1527.221 -1.084
2431.549 293.263 2589.265 631.224 -1.088
2564.602 610.526 2583.088 717.789 -1.090
