799.447 116.064 1328.433 859.020 -0.874
1692.227 1024.940 1823.254 1414.000 -0.994
1260.626 1267.972 1324.013 1392.189 -0.995
338.559 520.507 372.778 651.659 -1.011
1383.429 1466.400 1378.933 1492.730 -1.022
2486.107 877.178 2526.650 938.051 -1.056
2452.336 673.593 2462.717 716.931 -1.065
503.913 876.823 539.776 935.320 -1.070
1400.089 285.728 1527.755 453.533 -1.073
1948.721 253.550 1981.590 304.584 -1.073
2542.059 1455.515 2529.701 1471.923 -1.075
1519.395 814.654 1558.803 867.381 -1.075
2561.644 785.649 2565.821 820.244 -1.086
1748.296 259.821 1861.222 605.225 -1.089
1356.231 253.945 1545.824 526.775 -1.095
1042.630 1568.459 1089.307 1911.670 -1.096
943.267 695.244 1801.729 1722.852 -1.099
559.602 1498.009 741.963 1715.058 -1.104
652.439 1129.756 679.281 1183.611 -1.106
1843.826 706.914 2438.583 1378.903 -1.109
1900.132 1126.117 1890.251 1157.729 -1.110
1791.348 1396.129 1825.277 1702.887 -1.110
470.603 886.844 559.454 1002.280 -1.113
311.053 1.000 360.323 70.429 -1.114
2253.198 357.459 2356.530 568.768 -1.115
2343.956 182.139 2388.292 291.262 -1.116
2541.054 1463.272 2526.823 1478.272 -1.122
11.934 185.049 95.836 381.681 -1.122
2275.684 1454.316 2265.987 1478.578 -1.123
1428.564 1449.258 1419.638 1478.652 -1.123
2206.145 436.881 2252.250 568.231 -1.123
2533.641 245.135 2587.779 385.336 -1.124
1.000 1.000 51.142 56.143 -1.124
2338.999 1838.674 2317.753 1848.653 -1.124
2528.374 314.555 2592.000 494.972 -1.125
142.771 199.495 213.211 358.425 -1.128
2299.948 279.739 2431.768 626.586 -1.129
2257.411 600.364 2291.571 671.436 -1.133
1965.085 399.166 2023.819 557.642 -1.137
2487.361 1.000 2522.756 42.075 -1.137
7.784 451.473 65.248 632.017 -1.137
1939.541 410.639 1988.895 494.511 -1.137
2460.071 674.061 2456.943 702.157 -1.137
2.175 109.592 68.838 232.846 -1.142
2241.634 616.785 2301.700 700.902 -1.143
1600.557 1.000 2053.053 632.939 -1.144
628.399 1457.581 644.124 1501.123 -1.145
10.547 108.721 130.304 365.366 -1.147
