1.000 644.199 691.007 1251.593 -0.558
1.000 232.615 94.542 300.400 -0.736
7.149 352.495 113.743 408.292 -0.738
1562.709 1233.758 1617.046 1355.284 -0.762
1240.219 1027.372 1788.912 1592.425 -0.789
1.000 1755.418 76.387 1783.756 -0.836
1642.171 1765.134 1713.765 1806.586 -0.839
2088.102 678.154 2190.099 811.913 -0.845
1104.424 1482.160 1217.374 1536.218 -0.873
1155.010 1411.338 1359.907 1708.053 -0.888
1069.182 447.036 1261.113 568.817 -0.921
539.382 1335.898 594.700 1467.066 -0.922
16.990 578.599 1059.586 1613.914 -0.928
1711.568 1055.565 2086.549 1411.684 -0.936
1696.202 883.610 2043.762 1217.504 -0.939
1066.723 1676.941 1060.759 1772.027 -0.950
2260.863 564.647 2592.000 782.424 -0.959
182.207 121.838 273.976 173.139 -0.970
