1087.189 138.751 1708.721 1647.501 -0.860
613.616 128.089 783.063 417.807 -0.869
2124.016 709.243 2226.457 997.575 -0.916
2241.168 429.103 2294.275 532.374 -0.917
2145.066 211.207 2183.556 286.225 -0.925
1919.279 685.197 1968.160 763.525 -0.931
2000.626 688.406 2077.138 853.313 -0.932
2005.371 230.782 2092.767 415.408 -0.938
1773.643 845.659 1822.301 912.258 -0.945
1825.987 1183.912 1934.925 1333.144 -0.948
1704.482 1055.112 1818.349 1400.921 -0.956
1757.206 718.776 1834.984 931.992 -0.956
565.556 127.444 810.766 628.293 -0.961
2475.724 223.788 2592.000 562.862 -0.962
328.391 1.000 611.456 652.994 -0.962
2402.137 224.055 2513.955 575.285 -0.962
140.585 1.000 206.635 120.178 -0.963
2179.855 215.024 2333.823 526.658 -0.965
2078.940 252.163 2145.591 407.655 -0.967
1590.330 1655.051 1650.987 1763.812 -0.967
2542.990 766.851 2587.330 839.066 -0.980
32.341 181.201 116.871 358.937 -0.982
1791.962 1075.899 1939.422 1334.448 -0.984
2295.430 313.358 2382.023 547.627 -0.986
1913.267 376.666 1977.045 527.445 -0.986
15.184 1.000 99.136 129.371 -0.987
1820.394 181.421 1968.400 496.591 -0.988
3.530 360.899 48.549 453.235 -0.988
2032.904 840.615 2090.542 988.926 -0.990
1766.082 642.682 1907.914 922.821 -0.992
1852.880 218.519 2105.172 986.166 -0.992
592.271 404.400 814.786 857.761 -0.995
2528.579 1484.558 2592.000 1690.342 -0.997
2006.007 649.949 2236.570 1389.385 -0.998
90.384 352.200 117.529 473.251 -1.000
1761.126 541.227 2123.716 1331.771 -1.002
2063.183 220.767 2166.615 543.030 -1.003
2110.996 204.004 2362.022 999.682 -1.004
760.143 125.136 1041.393 633.587 -1.005
1687.684 92.378 1957.722 1002.861 -1.007
4.644 238.125 48.606 422.215 -1.011
47.960 418.770 95.742 514.218 -1.014
177.794 67.005 210.210 165.750 -1.018
1665.140 896.046 1865.367 1653.318 -1.020
1031.018 483.787 1139.668 827.094 -1.021
2163.654 79.544 2592.000 1626.440 -1.021
56.901 131.404 99.847 205.531 -1.026
6.143 1.000 123.364 379.169 -1.029
1.970 1.000 229.300 682.241 -1.030
1614.754 522.133 1918.907 1452.246 -1.031
168.382 849.889 253.847 984.953 -1.036
641.603 1036.744 686.689 1113.394 -1.039
400.819 891.745 467.992 1013.414 -1.041
1443.390 1617.187 1490.634 1694.214 -1.047
251.295 137.935 282.311 247.805 -1.048
1935.739 242.921 2321.446 1380.430 -1.049
791.499 112.736 1085.296 1089.670 -1.050
542.704 1038.078 626.652 1164.116 -1.054
618.921 1.000 1813.066 1756.175 -1.056
322.664 1363.619 361.331 1527.541 -1.071
1697.049 118.241 2117.761 1662.583 -1.073
1758.633 1.000 2491.488 1450.154 -1.089
1773.064 1803.908 1862.603 1920.899 -1.092
193.408 1.000 306.103 309.699 -1.092
266.357 878.996 460.497 1245.487 -1.096
2340.560 1755.971 2397.156 1823.743 -1.100
252.310 1.000 711.236 812.662 -1.102
536.512 787.739 594.754 892.750 -1.104
3.925 1522.173 96.186 1899.893 -1.108
1426.077 1614.427 1535.275 1944.000 -1.108
209.500 838.068 446.053 1447.111 -1.110
215.096 491.402 259.831 650.448 -1.118
1730.241 1791.065 1784.117 1862.048 -1.120
81.556 997.557 130.847 1093.573 -1.129
103.448 1509.201 156.049 1720.098 -1.130
2421.753 1778.007 2484.312 1850.173 -1.130
571.192 683.935 644.237 944.456 -1.131
2428.677 1636.204 2498.854 1742.830 -1.134
136.943 1.000 329.003 779.821 -1.134
1577.470 1764.041 1643.871 1858.569 -1.137
328.838 708.975 618.858 1745.445 -1.138
98.004 1711.535 183.009 1847.946 -1.142
1.000 1.000 1215.427 1569.346 -1.147
1224.344 1601.425 1454.495 1925.967 -1.162
2555.652 1664.517 2592.000 1806.038 -1.165
