1744.499 581.374 2592.000 1185.125 -0.863
35.805 84.405 2592.000 1841.092 -0.872
2486.066 1875.807 2592.000 1944.000 -0.949
1502.344 1913.539 1713.506 1927.361 -0.996
300.911 1872.674 510.083 1891.581 -1.001
2421.876 30.003 2530.448 63.615 -1.005
576.615 1844.936 794.445 1872.147 -1.011
930.975 1906.468 1181.413 1942.593 -1.012
840.754 53.510 919.146 106.439 -1.015
1085.127 18.059 1171.038 71.356 -1.015
1535.950 1919.604 1733.334 1939.511 -1.018
1525.977 22.103 1643.807 54.156 -1.021
812.812 1909.738 1007.463 1933.334 -1.023
1785.817 17.585 1880.383 47.786 -1.024
2393.671 38.405 2528.364 80.945 -1.025
1488.842 1907.619 1691.316 1937.353 -1.025
1476.142 1815.877 1588.970 1909.792 -1.026
2345.067 1895.025 2592.000 1932.213 -1.026
341.505 16.159 456.245 42.825 -1.028
1545.197 1800.826 1673.962 1902.020 -1.028
888.121 1888.045 1062.353 1902.102 -1.029
1068.858 10.118 1191.943 86.227 -1.031
1876.089 1.000 1959.272 32.353 -1.032
2431.621 1.701 2537.557 37.310 -1.032
1.000 1839.207 220.119 1857.852 -1.033
80.186 1876.508 270.206 1896.462 -1.034
921.406 1858.518 1129.456 1879.782 -1.034
1.000 1866.627 188.668 1878.880 -1.034
390.196 1868.550 583.690 1883.880 -1.035
2288.109 1.000 2380.756 32.688 -1.036
1328.788 1859.352 1519.807 1883.308 -1.038
1714.148 1920.659 1904.303 1938.994 -1.038
191.062 1907.715 429.039 1931.107 -1.038
430.805 1840.242 695.242 1869.760 -1.039
1391.150 1922.071 1568.347 1935.446 -1.040
800.893 33.114 919.436 60.032 -1.040
1692.055 1872.228 2020.300 1930.718 -1.043
388.497 1855.548 691.363 1895.961 -1.044
6.315 1818.857 113.628 1916.372 -1.044
986.157 16.840 1079.787 80.740 -1.045
1775.510 59.651 1894.251 91.285 -1.045
491.065 1841.652 810.421 1884.576 -1.046
665.463 1835.584 845.152 1847.828 -1.046
1710.637 5.416 1815.942 30.262 -1.047
1337.563 1887.814 1522.191 1912.144 -1.047
720.870 48.153 830.830 70.501 -1.047
2459.100 1795.808 2592.000 1901.469 -1.048
1626.973 51.466 1722.268 81.802 -1.048
243.593 1881.401 420.156 1896.835 -1.050
1246.360 1910.612 1516.172 1944.000 -1.051
2253.893 15.161 2542.517 86.781 -1.052
1392.523 1.000 1522.791 27.942 -1.052
1418.391 1901.719 1593.378 1921.125 -1.053
50.647 1857.298 218.957 1874.041 -1.053
1014.110 1839.160 1182.709 1855.739 -1.054
1975.737 1909.118 2178.118 1928.695 -1.055
2040.373 1894.737 2209.488 1908.102 -1.055
2084.038 1906.247 2260.508 1929.433 -1.056
166.945 1872.836 372.228 1891.279 -1.056
999.634 60.260 1105.247 93.324 -1.057
1447.581 20.292 1594.099 54.319 -1.057
2175.210 1899.034 2395.113 1928.945 -1.057
1978.435 1819.686 2282.885 1864.844 -1.058
1268.218 14.856 1378.297 49.970 -1.058
1142.696 1836.373 1256.811 1926.704 -1.058
266.664 1847.611 453.094 1861.782 -1.058
546.484 60.464 663.300 86.808 -1.060
2281.963 1860.708 2487.825 1896.452 -1.061
1894.786 1920.495 2073.790 1936.296 -1.062
333.226 44.393 449.892 73.932 -1.063
623.506 1797.388 735.008 1887.511 -1.063
108.052 1853.952 636.042 1944.000 -1.063
1397.632 51.205 1516.411 81.441 -1.064
1187.505 1858.908 1379.437 1883.562 -1.064
1273.679 1835.076 1515.123 1874.603 -1.065
1144.514 1922.190 1319.784 1933.912 -1.065
672.305 14.010 748.921 67.871 -1.066
2428.927 1850.667 2572.048 1944.000 -1.066
1521.881 21.571 1622.838 88.159 -1.067
1601.775 46.640 1817.169 104.446 -1.069
1217.210 1866.263 1438.698 1899.200 -1.069
2145.666 16.530 2520.453 124.378 -1.069
1889.840 22.001 1998.302 52.229 -1.070
1378.228 22.736 1490.107 50.919 -1.070
554.133 38.073 632.378 94.338 -1.071
457.816 61.631 575.133 92.788 -1.072
332.208 29.950 474.223 62.009 -1.073
1498.254 6.700 1611.638 33.241 -1.073
500.616 19.454 637.448 59.881 -1.073
586.626 32.914 693.043 62.357 -1.073
690.779 1929.218 922.874 1944.000 -1.073
865.137 35.274 1027.766 77.779 -1.074
286.726 1838.597 474.539 1846.481 -1.075
1071.322 1922.823 1285.228 1944.000 -1.075
1061.544 1908.723 1325.108 1944.000 -1.075
582.651 1822.905 899.308 1868.195 -1.076
395.038 71.017 534.116 95.654 -1.076
2282.102 1912.893 2444.600 1937.439 -1.076
857.223 1893.642 1114.860 1931.516 -1.077
2180.279 1849.439 2418.162 1882.575 -1.077
1988.108 1888.129 2189.734 1910.766 -1.077
718.783 31.546 860.621 68.969 -1.078
703.769 60.510 798.301 87.872 -1.078
2271.374 1831.323 2442.961 1854.515 -1.078
1190.299 60.113 1305.807 93.297 -1.078
315.968 1834.094 544.341 1858.216 -1.078
2278.071 1871.100 2592.000 1916.787 -1.078
410.619 21.561 564.614 55.515 -1.078
1505.295 1892.700 1759.524 1931.711 -1.079
1984.662 1896.346 2229.349 1923.114 -1.079
574.378 1823.705 1061.791 1912.408 -1.080
220.017 1786.471 1212.494 1944.000 -1.081
1694.443 1848.352 1953.861 1886.462 -1.081
1314.430 45.797 1464.900 85.091 -1.081
1218.388 27.587 1672.946 133.095 -1.082
2034.289 44.390 2156.520 77.251 -1.083
1922.298 1801.486 2334.306 1887.812 -1.083
1873.370 65.824 1967.244 94.293 -1.083
1693.226 23.435 2068.396 106.326 -1.084
1.000 1825.534 270.524 1861.781 -1.084
777.475 37.808 871.507 101.734 -1.084
1555.702 1907.772 1860.452 1944.000 -1.084
1204.044 1895.675 1369.777 1912.758 -1.085
2276.953 1754.898 2592.000 1944.000 -1.086
594.134 18.996 731.389 56.283 -1.087
812.649 1.379 975.976 30.163 -1.087
3.532 63.261 72.181 112.024 -1.087
1313.087 7.754 1452.017 45.263 -1.087
1549.680 1.000 1708.523 30.455 -1.088
