1008.022 1420.666 1260.135 1441.104 -0.963
3.616 716.961 130.892 790.388 -0.990
336.772 304.737 501.133 333.775 -1.005
1.000 1428.376 200.708 1495.426 -1.007
2000.055 79.564 2592.000 162.116 -1.014
518.019 1533.678 769.630 1581.731 -1.026
1.000 934.460 131.676 987.535 -1.038
1.000 1376.364 303.666 1485.014 -1.042
1.000 745.903 195.965 807.008 -1.048
1437.389 487.054 1692.446 475.753 -1.049
2256.254 100.389 2592.000 91.591 -1.051
765.496 797.479 1030.945 829.416 -1.052
1.000 1322.146 201.162 1396.694 -1.054
1977.472 117.694 2592.000 205.028 -1.056
2262.315 115.597 2592.000 96.613 -1.056
1.000 1493.962 137.910 1550.197 -1.059
2364.935 98.347 2592.000 42.947 -1.062
327.865 812.505 651.334 893.412 -1.068
368.772 976.741 567.245 1018.014 -1.070
1323.197 1065.800 1669.861 1089.849 -1.071
2252.259 102.937 2592.000 94.478 -1.072
59.172 1525.025 349.931 1612.401 -1.072
2130.389 1539.008 2485.627 1509.806 -1.072
