65.853 813.265 411.112 841.839 -0.704
113.512 797.607 452.611 799.454 -0.963
358.866 426.772 892.790 1090.796 -0.972
1582.970 900.865 2033.480 1475.753 -0.985
1799.570 841.322 1870.844 945.132 -1.016
1388.255 1227.191 1876.247 1773.748 -1.025
1125.749 344.126 1593.854 962.752 -1.030
636.546 257.587 1530.439 1254.167 -1.035
1357.135 722.512 1994.197 1459.627 -1.037
1032.716 1386.300 1127.136 1489.993 -1.037
1468.696 1.000 1563.440 80.232 -1.039
1744.309 1743.412 1910.968 1944.000 -1.043
460.455 1650.302 565.588 1747.740 -1.046
854.846 1309.314 1239.022 1740.587 -1.051
55.543 738.483 605.938 1373.842 -1.052
931.332 1.000 1315.464 385.982 -1.059
2285.244 400.305 2422.012 609.019 -1.066
2482.656 764.890 2557.497 904.548 -1.067
1987.754 1819.036 2109.127 1944.000 -1.067
2359.813 174.870 2442.802 330.971 -1.070
1309.091 1561.561 1406.524 1685.034 -1.070
1990.484 228.079 2053.076 338.272 -1.072
2061.686 158.169 2222.173 404.980 -1.074
2382.074 1403.313 2495.232 1563.141 -1.079
1849.433 215.255 1981.338 404.841 -1.079
2003.443 1376.129 2108.413 1504.922 -1.079
1182.016 1364.013 1323.127 1516.156 -1.079
2159.147 185.888 2322.697 419.334 -1.083
1773.648 157.339 1916.622 367.144 -1.083
1889.258 658.653 1953.618 763.319 -1.084
1986.264 659.744 2060.164 786.282 -1.084
1960.148 435.158 2034.725 554.553 -1.084
