1.000 1615.445 163.924 1666.698 -0.939
1.000 835.628 1797.224 1288.584 -0.941
1.000 779.231 123.532 827.408 -0.945
19.401 709.302 155.919 780.725 -0.947
1.000 730.184 180.587 824.284 -0.952
1884.810 91.884 2006.327 174.719 -0.955
934.207 1497.569 1127.459 1580.267 -0.955
1.000 1753.053 165.848 1806.258 -0.956
925.144 1651.758 1089.205 1704.398 -0.956
1.000 1716.891 170.966 1769.321 -0.960
2247.786 1127.717 2385.481 1188.163 -0.961
871.448 1576.654 1245.443 1737.386 -0.962
1.000 1845.396 177.569 1910.832 -0.965
2453.979 1859.434 2592.000 1911.315 -0.967
1.000 1357.384 153.275 1420.367 -0.967
1476.044 119.631 1558.096 172.339 -0.968
1057.663 1406.632 1208.941 1468.909 -0.974
1806.696 1205.504 1933.725 1254.706 -0.974
1991.801 1907.286 2154.726 1944.000 -0.974
2432.342 1907.652 2592.000 1944.000 -0.976
1168.264 1756.737 1332.411 1810.129 -0.977
1.000 1217.837 441.965 1398.136 -0.978
890.235 330.087 984.182 379.568 -0.979
449.378 1387.597 599.753 1436.118 -0.979
809.975 1735.334 1028.944 1818.295 -0.981
1208.583 581.207 1313.377 632.658 -0.982
1125.569 1859.194 1350.832 1944.000 -0.983
2422.648 1873.348 2592.000 1944.000 -0.984
844.946 1436.410 1011.002 1504.018 -0.984
2322.903 1232.304 2452.043 1285.555 -0.986
2266.374 56.141 2517.304 232.839 -0.988
907.378 522.564 1020.633 590.971 -0.990
1249.407 1593.093 1404.177 1650.396 -0.991
2400.800 1261.644 2529.291 1325.645 -0.994
705.294 1746.668 911.964 1820.501 -0.994
1536.089 288.763 1631.608 356.060 -0.995
1981.354 1039.140 2137.678 1120.724 -0.995
874.091 1354.504 1054.513 1433.659 -0.995
465.124 1362.195 608.520 1413.271 -0.996
1479.482 570.365 1596.953 631.318 -0.997
1468.213 1396.502 1646.320 1468.438 -0.998
715.923 1801.366 900.806 1868.275 -0.999
2314.709 664.672 2432.768 727.814 -1.001
2298.327 1857.954 2466.752 1916.062 -1.002
2259.904 1450.321 2453.021 1534.853 -1.002
1236.853 1493.408 1444.193 1574.366 -1.003
2381.386 1187.152 2570.809 1288.219 -1.003
1530.163 661.672 1637.975 716.491 -1.003
2108.728 1652.508 2296.553 1729.500 -1.005
1481.988 1549.577 1685.164 1621.763 -1.005
2387.547 1707.947 2570.072 1770.549 -1.006
2431.151 643.142 2554.636 716.354 -1.006
1298.241 319.714 1433.577 391.244 -1.007
2212.806 1490.349 2434.113 1599.176 -1.007
1905.165 1228.731 2050.659 1282.420 -1.007
1210.368 535.253 1328.878 600.505 -1.007
611.689 138.258 701.058 196.073 -1.009
1775.335 191.482 1863.543 239.444 -1.010
2448.069 709.237 2551.298 770.817 -1.012
1263.392 120.012 1364.495 181.915 -1.014
2277.540 638.779 2379.176 691.661 -1.015
1.000 1402.678 172.953 1464.286 -1.015
650.827 463.426 771.972 533.069 -1.016
1780.839 1498.436 1974.807 1576.002 -1.016
913.895 1896.398 1111.394 1944.000 -1.018
33.626 1464.748 118.645 1490.298 -1.018
2345.196 1559.526 2527.374 1630.281 -1.018
2289.822 1157.431 2411.532 1208.819 -1.018
1331.810 114.218 1433.241 187.021 -1.018
970.297 1445.655 1125.376 1511.366 -1.018
953.026 16.044 1046.493 74.369 -1.019
1.000 1574.775 173.734 1625.291 -1.019
1749.756 1646.606 1910.062 1710.536 -1.020
590.353 32.154 670.538 88.025 -1.021
739.372 1539.622 916.279 1610.967 -1.021
882.564 193.245 967.139 242.671 -1.021
1635.323 1553.389 1819.073 1629.424 -1.022
1322.764 551.314 1416.565 599.811 -1.022
95.128 1472.023 250.766 1524.722 -1.022
1103.512 1789.675 1286.197 1849.639 -1.023
1.000 1463.417 157.686 1521.229 -1.023
170.092 1473.197 348.897 1544.138 -1.023
2008.321 1818.114 2167.924 1870.143 -1.023
832.005 360.968 918.625 417.373 -1.024
532.051 1363.227 702.260 1425.880 -1.024
1974.256 963.483 2227.947 1036.705 -1.025
15.575 1505.515 312.653 1631.363 -1.025
1556.096 1912.676 1729.225 1944.000 -1.025
1364.057 708.149 1495.375 781.427 -1.026
1155.756 231.685 1376.236 361.270 -1.026
360.089 520.001 470.674 573.932 -1.026
2298.042 1687.992 2446.276 1741.216 -1.026
901.532 1767.242 1096.627 1836.350 -1.027
2152.768 1748.891 2592.000 1944.000 -1.027
437.506 149.391 526.423 197.594 -1.027
159.099 1391.302 307.583 1444.595 -1.027
1324.805 525.285 1420.959 573.472 -1.027
1494.038 207.278 1631.280 310.466 -1.027
238.850 682.016 355.138 732.225 -1.027
1070.445 1530.254 1263.211 1597.337 -1.028
30.574 761.036 227.765 864.443 -1.028
638.072 326.291 741.997 390.316 -1.028
2211.935 1273.645 2347.241 1334.408 -1.028
1.000 1178.448 518.998 1554.718 -1.028
512.222 658.925 635.545 712.242 -1.029
716.810 1698.522 906.120 1769.744 -1.030
1545.168 112.324 1635.542 170.759 -1.030
1428.239 1526.400 1591.003 1587.734 -1.030
1966.529 182.821 2040.016 243.867 -1.030
2080.709 1287.779 2240.220 1365.596 -1.031
377.895 1654.513 567.094 1725.417 -1.031
1104.711 21.377 1171.886 66.127 -1.031
2345.042 1388.806 2501.954 1456.722 -1.031
373.686 449.074 493.002 503.438 -1.032
1463.547 362.118 1633.914 470.049 -1.032
1.000 1900.885 178.879 1944.000 -1.032
2322.028 637.542 2478.788 726.243 -1.032
401.700 665.534 2268.440 1944.000 -1.033
227.295 1842.363 408.360 1902.790 -1.033
356.363 405.816 483.274 479.774 -1.035
2229.497 1186.782 2358.738 1251.202 -1.035
2324.234 621.468 2555.727 751.810 -1.036
395.418 160.942 480.381 205.907 -1.036
1757.874 81.355 1836.302 146.088 -1.037
1406.747 531.264 1522.403 602.373 -1.037
497.624 527.121 628.613 593.749 -1.038
469.868 343.271 610.065 414.940 -1.038
1921.576 174.392 2010.065 232.685 -1.038
2076.365 1369.044 2509.734 1488.464 -1.039
857.822 592.529 1020.440 672.610 -1.039
1389.163 248.563 1504.554 320.219 -1.039
2081.112 72.859 2151.593 125.457 -1.040
389.915 500.086 519.630 545.460 -1.041
2170.078 96.192 2238.922 144.742 -1.042
1.890 54.661 97.675 120.341 -1.042
620.691 278.357 730.379 342.367 -1.042
1992.004 170.948 2067.466 221.503 -1.042
1861.931 595.822 1970.986 663.252 -1.043
1113.831 518.568 1220.741 575.216 -1.043
1949.583 105.425 2060.856 191.046 -1.043
2054.670 604.367 2163.037 661.018 -1.044
59.553 1803.175 250.529 1863.953 -1.046
762.375 361.150 870.675 415.609 -1.046
407.737 247.055 560.002 321.695 -1.047
1.000 1659.321 192.785 1714.307 -1.048
1.000 686.615 268.813 819.193 -1.048
1077.660 99.243 1183.446 160.799 -1.048
1638.706 304.481 1717.598 349.939 -1.048
2212.741 93.685 2298.191 153.886 -1.049
157.272 1650.076 340.901 1718.071 -1.049
2321.519 1273.415 2466.020 1335.866 -1.050
83.264 1870.367 271.153 1940.861 -1.050
1226.411 182.961 1304.975 238.011 -1.050
1704.671 578.988 1821.312 641.589 -1.051
930.402 42.695 1052.193 116.674 -1.051
2148.355 261.912 2285.527 348.845 -1.052
1.000 1738.636 223.270 1819.610 -1.052
2227.298 1657.075 2385.031 1723.105 -1.052
1586.409 585.779 1684.440 634.785 -1.054
2240.049 620.536 2341.001 670.083 -1.054
1520.376 614.276 1631.993 671.411 -1.054
1520.213 517.839 1611.673 570.785 -1.054
828.526 163.904 950.834 254.037 -1.055
1347.053 8.899 1433.220 82.400 -1.055
423.403 453.490 591.243 539.168 -1.055
1.000 1686.334 181.220 1746.083 -1.055
376.398 346.492 481.861 393.783 -1.056
883.184 13.711 956.837 59.759 -1.056
2222.793 1234.217 2360.351 1299.752 -1.057
861.676 43.723 954.283 112.086 -1.057
756.028 1.675 829.554 51.810 -1.057
692.705 602.794 872.238 650.376 -1.058
2018.473 550.233 2265.844 685.409 -1.058
1251.617 374.758 1351.559 428.078 -1.058
1217.251 489.505 1315.270 549.364 -1.058
365.375 38.965 462.603 110.589 -1.058
2368.664 1503.761 2524.453 1565.776 -1.059
1362.416 121.140 1494.133 219.661 -1.060
1389.037 582.977 1505.726 649.583 -1.060
1227.217 352.886 1366.535 439.001 -1.060
2330.837 1650.092 2481.483 1713.726 -1.060
2388.679 876.778 2491.801 926.056 -1.061
2221.517 1096.819 2401.269 1183.656 -1.061
223.793 1735.223 458.832 1811.703 -1.061
1509.558 31.008 1613.790 99.175 -1.061
2439.698 1022.136 2570.319 1097.182 -1.061
302.272 1552.725 481.019 1604.336 -1.061
1695.136 12.446 1757.202 60.488 -1.062
1065.691 313.912 1219.913 348.593 -1.062
796.717 38.661 894.591 94.754 -1.063
1.000 188.685 83.467 239.720 -1.063
817.813 115.779 965.185 210.686 -1.063
1082.250 384.322 1185.006 454.538 -1.063
298.057 1643.033 464.645 1693.725 -1.064
1064.310 289.929 1145.963 328.831 -1.064
201.470 1872.745 392.590 1941.610 -1.064
806.748 454.003 935.252 509.525 -1.064
423.935 60.971 510.398 110.208 -1.064
453.508 93.599 595.194 175.480 -1.065
403.557 321.818 513.911 372.296 -1.066
1725.895 131.793 1799.169 189.558 -1.066
336.888 68.528 425.772 130.832 -1.066
625.374 39.318 744.204 119.341 -1.066
2143.469 65.917 2223.407 125.090 -1.066
1561.345 166.458 1634.511 213.395 -1.067
425.129 15.177 521.187 71.888 -1.067
33.374 1620.295 572.130 1772.843 -1.067
1536.776 535.052 1636.468 591.557 -1.068
516.926 190.450 601.258 230.178 -1.068
127.020 1742.614 365.798 1832.316 -1.068
1241.119 390.792 1396.817 479.175 -1.068
819.392 272.356 915.875 323.768 -1.069
1430.367 107.829 1533.930 172.811 -1.069
440.531 213.998 536.207 266.848 -1.069
487.599 208.753 604.678 270.089 -1.069
1710.908 518.582 1865.019 608.856 -1.070
2298.272 1518.003 2524.404 1633.433 -1.070
2400.859 1316.126 2538.780 1381.225 -1.070
1.000 1695.839 334.229 1855.709 -1.070
805.526 627.873 934.692 692.410 -1.070
629.893 556.112 743.267 609.907 -1.071
1414.147 218.643 1497.471 275.385 -1.071
2020.372 101.124 2146.486 184.541 -1.072
2095.044 84.756 2173.602 146.907 -1.072
2186.855 57.490 2282.459 126.235 -1.073
278.691 1562.558 502.670 1635.384 -1.073
508.830 572.762 626.990 637.924 -1.074
2201.462 1143.882 2351.279 1215.346 -1.074
847.901 532.383 963.474 585.768 -1.074
375.631 550.672 492.079 618.651 -1.074
486.101 168.619 579.279 220.817 -1.074
297.000 1857.914 483.363 1919.528 -1.075
913.411 490.172 1014.433 534.885 -1.075
334.473 110.009 453.251 180.855 -1.075
2350.552 1256.274 2547.820 1344.047 -1.075
518.770 630.700 633.317 682.267 -1.075
1265.151 176.857 1356.862 230.332 -1.075
2272.577 1027.483 2539.896 1103.885 -1.075
1081.349 206.151 1170.772 259.699 -1.075
494.502 283.065 608.262 334.788 -1.076
2244.132 1613.106 2398.384 1661.634 -1.076
1436.870 315.634 1525.816 365.462 -1.076
1245.547 106.478 1401.343 211.781 -1.076
2154.069 88.196 2257.918 166.765 -1.076
1064.845 149.745 1139.913 194.978 -1.076
1071.874 230.213 1166.272 287.484 -1.076
694.853 33.713 789.289 98.517 -1.077
357.171 584.709 537.321 670.992 -1.077
2270.796 1712.550 2438.648 1773.379 -1.077
594.930 362.719 686.840 417.765 -1.077
607.944 600.809 732.785 658.955 -1.078
442.948 32.513 586.450 122.297 -1.078
1401.174 12.519 1483.142 75.488 -1.078
346.495 269.379 475.856 338.072 -1.078
1879.577 69.715 2088.757 233.917 -1.079
1248.384 16.526 1357.590 84.768 -1.079
380.084 94.004 525.366 174.864 -1.080
1032.919 603.197 1133.064 656.532 -1.080
2226.692 146.508 2293.428 196.339 -1.081
196.626 1518.649 484.183 1624.620 -1.081
2211.018 1501.760 2592.000 1690.649 -1.081
1536.202 142.624 1609.332 196.180 -1.081
1809.779 85.373 1887.249 130.133 -1.081
1074.996 339.535 1167.475 391.286 -1.082
1974.024 86.967 2252.666 151.239 -1.082
2318.015 1320.621 2458.643 1378.864 -1.082
2250.473 1194.533 2436.720 1306.253 -1.082
1425.520 609.136 1561.274 689.644 -1.082
887.718 283.401 1002.633 356.443 -1.082
254.817 722.829 393.137 784.974 -1.082
2407.511 1100.226 2575.093 1129.507 -1.083
333.782 9.205 438.802 80.262 -1.083
943.414 136.675 1018.184 189.134 -1.083
1511.773 169.129 1585.770 210.370 -1.083
2158.422 1040.215 2586.618 1260.296 -1.083
2152.958 210.123 2224.875 268.678 -1.083
1107.409 109.472 1227.991 182.604 -1.083
722.476 11.719 804.003 64.377 -1.084
1426.747 299.727 1551.600 384.432 -1.084
1315.182 48.562 1394.516 106.531 -1.084
1941.203 578.926 2034.770 642.033 -1.084
615.898 206.594 763.030 299.945 -1.084
368.912 218.174 457.332 266.215 -1.084
1854.205 551.738 1981.698 629.511 -1.084
2200.103 1688.870 2364.065 1747.622 -1.084
421.860 520.325 541.860 569.361 -1.084
1323.683 509.043 1463.005 601.063 -1.084
2375.966 4.571 2588.351 45.106 -1.085
1052.002 305.463 1199.201 390.611 -1.086
1208.595 51.587 1308.408 114.767 -1.086
1519.068 591.730 1682.776 676.005 -1.086
1765.382 5.990 1833.474 55.990 -1.086
936.352 335.343 1029.528 393.043 -1.086
787.321 339.805 909.385 413.333 -1.086
2457.837 948.172 2564.131 1000.424 -1.087
2065.884 60.626 2267.622 218.337 -1.087
349.998 228.886 503.263 311.560 -1.087
2219.294 30.021 2363.082 123.780 -1.087
503.980 410.638 606.080 457.563 -1.088
1593.248 452.642 1717.406 512.139 -1.088
787.193 485.816 946.390 568.105 -1.088
970.287 631.511 1073.095 678.227 -1.088
2155.853 1183.518 2549.126 1412.044 -1.088
351.681 312.614 454.851 368.073 -1.088
1604.398 164.681 1714.220 234.114 -1.089
782.394 236.727 883.730 301.144 -1.089
1031.745 6.108 1138.697 72.638 -1.090
1474.366 92.214 1604.566 166.314 -1.090
937.135 166.403 1026.695 211.173 -1.091
904.183 191.733 1030.242 261.704 -1.092
1606.159 505.529 1699.219 552.871 -1.092
2366.714 39.993 2590.543 87.348 -1.092
1027.529 368.126 1124.815 430.965 -1.093
2310.823 1427.108 2552.655 1555.006 -1.093
791.213 246.345 946.016 329.669 -1.093
601.828 315.965 749.579 412.152 -1.093
1445.724 29.978 1518.106 80.412 -1.094
2232.927 725.386 2328.367 773.083 -1.094
1537.084 178.745 1612.829 227.565 -1.094
131.828 1814.922 353.370 1899.954 -1.095
2276.007 13.453 2591.411 97.280 -1.095
1536.924 269.976 1679.757 366.043 -1.096
1685.881 75.388 1813.849 171.723 -1.096
2345.408 1674.441 2525.631 1756.086 -1.097
2395.096 583.757 2583.873 619.591 -1.098
1305.525 81.373 1532.231 214.864 -1.098
1357.319 597.678 1519.206 703.528 -1.098
1769.831 127.234 1862.551 198.183 -1.098
790.228 575.235 891.777 621.133 -1.098
460.721 390.282 557.291 440.312 -1.099
2425.302 741.485 2556.778 800.676 -1.099
865.630 408.877 1020.638 444.801 -1.099
1158.311 21.024 1250.059 72.885 -1.100
1.000 1713.888 457.651 1927.412 -1.100
1073.647 455.067 1173.012 499.413 -1.100
403.329 196.813 491.031 251.832 -1.101
1137.718 576.289 1345.755 698.070 -1.102
364.331 415.079 526.117 511.866 -1.102
1060.220 173.217 1156.770 230.091 -1.103
1.000 461.666 118.667 528.142 -1.103
735.810 32.617 844.847 117.376 -1.103
863.085 462.788 986.137 523.306 -1.103
951.860 117.864 1057.485 182.012 -1.103
1957.446 607.980 2068.277 669.105 -1.103
1518.657 132.877 1633.754 215.786 -1.104
2304.516 785.822 2553.760 926.970 -1.104
1835.610 193.068 1904.524 252.200 -1.104
117.601 755.448 327.768 863.925 -1.104
619.355 527.897 724.675 578.045 -1.105
1564.005 513.917 1718.862 607.194 -1.105
1096.922 8.441 1190.641 77.243 -1.106
758.622 606.696 897.807 688.803 -1.106
1467.458 14.686 1552.664 79.397 -1.106
398.753 373.043 494.342 417.967 -1.107
64.248 1310.449 717.790 1667.001 -1.107
1350.775 199.545 1437.110 251.840 -1.107
840.613 310.151 1010.372 415.020 -1.107
941.846 458.856 1035.002 511.255 -1.108
1400.512 215.563 1640.498 372.894 -1.108
1.000 427.226 1354.962 1165.674 -1.108
2017.913 12.550 2082.261 68.915 -1.109
1034.570 110.541 1132.051 169.462 -1.109
2190.508 1340.239 2592.000 1552.899 -1.109
1200.811 316.557 1409.170 449.758 -1.110
1315.431 21.987 1484.807 125.909 -1.110
344.444 183.441 432.575 235.462 -1.110
673.187 169.418 754.422 228.966 -1.111
901.176 157.852 1001.505 226.282 -1.111
1977.591 1330.703 2592.000 1681.840 -1.111
382.469 189.186 533.876 290.008 -1.111
410.563 361.174 558.901 450.300 -1.113
2227.715 184.025 2290.966 234.019 -1.115
2039.117 38.756 2098.160 86.671 -1.115
1135.273 23.760 1255.969 119.868 -1.115
2412.846 972.076 2522.466 1023.908 -1.116
369.849 277.511 510.171 370.633 -1.116
1.000 1558.292 781.207 1944.000 -1.116
2189.070 1673.018 2400.143 1768.206 -1.116
1671.344 38.554 1734.439 84.080 -1.117
1110.222 163.754 1191.943 221.152 -1.118
688.767 378.559 782.790 427.226 -1.118
751.816 135.538 877.826 207.264 -1.118
1774.388 55.456 1843.413 110.591 -1.119
444.844 170.360 641.321 224.683 -1.119
2193.079 704.890 2549.850 929.291 -1.119
1251.955 204.840 1331.881 253.469 -1.120
939.914 264.890 1030.503 307.844 -1.120
1594.805 24.500 1675.720 82.030 -1.120
1603.779 118.618 1680.115 184.793 -1.120
1471.763 526.003 1613.381 601.848 -1.120
1440.376 24.603 1539.625 106.924 -1.121
1630.909 57.462 1700.782 107.171 -1.122
1530.803 1.529 1597.693 57.441 -1.122
2351.624 580.217 2473.640 657.553 -1.122
1084.488 98.938 1293.360 220.050 -1.122
394.506 312.050 546.606 404.791 -1.124
1693.199 263.871 1768.602 310.695 -1.124
2015.642 1059.470 2592.000 1405.306 -1.125
2462.643 215.040 2528.194 268.713 -1.125
1922.854 15.667 2000.258 73.403 -1.125
936.859 235.519 1032.833 288.013 -1.125
1081.537 64.705 1169.714 119.498 -1.125
2151.737 30.662 2216.590 81.882 -1.126
703.514 108.340 879.448 221.561 -1.126
805.552 393.381 900.352 442.459 -1.127
1058.987 178.878 1203.739 273.366 -1.127
451.152 288.580 611.360 366.608 -1.127
2237.031 592.832 2380.147 681.929 -1.128
1439.624 98.925 1642.955 225.683 -1.128
1912.013 632.579 2030.698 694.659 -1.128
1645.302 242.862 1717.871 284.139 -1.128
1512.272 6.636 1675.492 109.281 -1.129
1343.325 479.151 1442.060 529.302 -1.130
886.521 237.649 998.782 309.777 -1.130
1668.414 568.901 1760.469 617.954 -1.130
1773.850 25.678 1843.470 81.150 -1.130
2294.430 929.200 2413.404 991.196 -1.131
2128.350 3.341 2189.048 64.120 -1.131
1835.559 36.014 1978.936 150.542 -1.131
800.653 108.990 1022.528 250.002 -1.134
2182.725 425.326 2295.714 494.253 -1.134
1395.301 400.154 1543.273 494.172 -1.135
2180.636 490.659 2313.263 567.744 -1.135
590.342 161.110 691.929 221.822 -1.136
2173.494 169.762 2294.502 265.835 -1.137
1851.581 558.186 2052.259 678.824 -1.137
969.726 18.932 1096.254 95.267 -1.137
924.335 100.321 1288.968 301.693 -1.138
1757.944 619.610 1878.041 684.561 -1.138
1469.011 444.384 1681.446 578.349 -1.139
1942.864 510.925 2560.494 901.891 -1.139
1364.330 299.580 1567.525 427.654 -1.140
759.858 1.000 892.634 91.833 -1.141
1807.873 174.453 1913.945 251.313 -1.141
2190.707 884.811 2565.045 1115.943 -1.142
1286.874 185.858 1395.641 250.565 -1.142
350.348 299.698 603.837 420.508 -1.144
1335.073 65.832 1677.928 296.650 -1.144
1373.209 532.033 1639.853 677.065 -1.145
676.423 80.669 767.202 141.193 -1.145
611.740 159.682 753.406 233.348 -1.145
2092.948 1575.478 2592.000 1923.930 -1.145
1060.278 48.637 1628.324 415.906 -1.146
2050.289 173.055 2167.799 255.937 -1.147
1303.882 487.049 1551.498 601.660 -1.147
544.929 213.581 676.226 285.318 -1.147
1731.980 15.320 1841.378 94.139 -1.148
282.233 163.363 447.550 251.563 -1.148
603.047 112.881 733.391 200.257 -1.149
1184.192 1.951 1297.826 81.909 -1.150
1845.378 1.657 1923.765 67.394 -1.151
1189.199 513.679 1634.866 754.647 -1.151
580.471 53.700 668.841 124.306 -1.151
792.097 15.529 972.899 140.402 -1.152
357.982 124.115 482.014 215.059 -1.152
672.038 13.580 747.174 60.083 -1.153
822.293 357.258 998.052 467.129 -1.154
643.297 373.355 768.510 447.007 -1.156
424.752 128.613 574.024 206.735 -1.156
484.122 1.000 624.721 90.500 -1.157
1999.520 45.005 2066.020 88.619 -1.157
1664.809 5.839 1727.196 64.266 -1.157
324.239 169.030 597.547 326.187 -1.157
1765.476 212.615 1836.951 264.896 -1.158
783.079 313.311 866.896 365.143 -1.158
1850.569 246.391 1921.888 296.970 -1.158
342.327 21.514 517.571 123.396 -1.159
329.390 49.005 738.399 278.542 -1.159
639.281 282.820 779.203 361.339 -1.161
1124.543 292.554 2521.527 1166.066 -1.162
842.642 235.362 1068.392 356.332 -1.165
884.524 244.014 1270.130 462.105 -1.167
1737.008 69.891 1926.778 191.084 -1.170
713.988 380.863 828.672 449.317 -1.170
614.725 1.000 784.147 119.149 -1.171
653.147 326.607 832.149 426.537 -1.171
749.597 286.149 887.648 363.764 -1.172
2085.137 7.842 2157.870 63.943 -1.172
2182.013 2.779 2238.744 58.926 -1.175
730.738 227.332 819.004 276.176 -1.178
1624.260 6.509 1743.322 84.992 -1.179
753.851 311.984 957.264 438.246 -1.180
1913.119 43.831 2228.806 233.986 -1.183
2365.091 217.073 2477.852 293.105 -1.183
333.893 322.670 613.487 505.645 -1.186
720.345 227.470 891.249 322.902 -1.186
567.856 46.481 1175.013 445.014 -1.186
2148.490 13.697 2281.585 99.936 -1.187
1789.242 8.854 1908.456 84.327 -1.188
2253.232 218.756 2332.631 273.462 -1.191
4.473 312.333 98.247 360.543 -1.192
2147.669 215.572 2296.661 310.184 -1.192
1.000 1.000 2592.000 1223.727 -1.193
