1498.532 1306.007 1631.544 1523.041 -0.527
1023.215 788.977 1244.191 1106.429 -0.778
1486.372 911.506 1653.639 1128.858 -0.854
1756.441 1048.294 2584.521 1439.334 -0.857
1282.558 1459.374 1371.582 1623.588 -0.861
1840.874 1651.059 2114.339 1713.452 -0.886
848.167 581.554 1032.358 643.291 -0.910
426.395 920.479 614.358 1028.317 -0.932
192.197 943.323 286.986 1105.725 -0.940
1193.602 257.719 1357.427 271.771 -0.944
1627.568 1354.403 1853.475 1663.238 -0.968
1284.592 907.856 1670.471 1104.606 -0.969
1748.406 1605.426 1810.615 1732.808 -0.988
652.472 1631.210 703.074 1758.874 -0.990
160.043 809.651 253.851 957.760 -1.004
2302.567 215.365 2503.471 141.695 -1.013
1231.315 540.932 1667.624 746.552 -1.033
513.391 975.083 696.205 1074.344 -1.047
827.398 655.211 983.640 706.654 -1.051
548.705 1417.842 752.892 1550.551 -1.053
666.009 1719.275 721.745 1862.862 -1.056
1774.280 1817.987 1815.528 1922.934 -1.059
1166.411 1543.884 1232.838 1673.965 -1.060
827.055 1162.651 940.112 1354.554 -1.067
774.789 1588.722 1071.329 1771.372 -1.072
1197.930 118.150 1805.352 1363.934 -1.073
1921.890 1675.798 2193.676 1738.568 -1.076
23.676 1054.639 203.064 1217.742 -1.083
2301.359 1655.989 2592.000 1700.247 -1.106
809.128 737.178 875.524 878.986 -1.107
604.020 409.552 806.935 670.945 -1.117
270.473 1275.032 455.673 1434.175 -1.126
769.558 855.425 802.584 936.850 -1.129
2331.501 1192.483 2582.327 1175.855 -1.137
1223.657 1572.002 1486.612 1944.000 -1.140
2544.092 818.525 2592.000 889.349 -1.169
2491.928 1644.121 2575.980 1775.683 -1.170
674.215 1527.938 891.715 1670.295 -1.177
938.749 773.299 1032.699 904.036 -1.183
1761.967 1439.460 2080.914 1535.588 -1.184
1025.914 22.515 1105.354 109.266 -1.184
583.956 1467.029 695.562 1635.130 -1.195
721.410 1329.652 803.249 1488.385 -1.198
2128.381 1725.884 2162.354 1803.353 -1.200
37.329 1128.618 464.794 1422.737 -1.202
2246.458 375.719 2316.675 450.638 -1.204
503.627 775.277 665.831 865.275 -1.205
821.392 173.747 1008.926 229.880 -1.209
606.434 679.844 831.120 964.604 -1.209
15.413 1607.520 210.047 1810.639 -1.219
1098.160 1817.158 1128.106 1923.352 -1.219
1494.786 1802.236 1540.745 1928.283 -1.221
142.385 803.695 290.527 1017.862 -1.227
1872.754 1802.062 1923.568 1929.183 -1.227
1979.443 1524.061 2247.671 1565.165 -1.229
29.567 953.966 370.088 1225.131 -1.233
2053.066 1373.762 2148.745 1526.515 -1.234
2295.387 240.173 2512.554 177.505 -1.236
2101.125 1565.358 2399.326 1626.597 -1.237
1841.362 1844.374 1868.451 1929.045 -1.247
2208.722 122.623 2297.213 214.292 -1.251
2232.414 1635.944 2592.000 1722.945 -1.257
299.952 1.000 653.850 740.146 -1.258
2252.446 279.724 2339.667 370.172 -1.259
1154.578 1422.104 1215.734 1558.379 -1.261
799.524 739.875 921.233 907.027 -1.266
2363.015 1814.327 2422.502 1928.527 -1.269
863.093 1018.292 1052.749 1093.071 -1.271
2192.814 598.445 2259.804 678.384 -1.272
646.114 14.079 745.119 110.977 -1.273
474.537 837.603 627.686 934.551 -1.278
508.900 1611.398 740.248 1762.200 -1.282
2417.928 1853.240 2455.691 1932.876 -1.284
2292.409 741.116 2397.766 882.591 -1.289
2161.123 1731.231 2243.209 1874.620 -1.291
1155.376 600.094 1205.519 686.731 -1.295
384.265 1067.743 408.842 1160.624 -1.297
448.763 943.055 568.687 1148.433 -1.298
343.013 1370.096 412.269 1532.493 -1.300
1011.021 1813.068 1043.024 1921.925 -1.301
2043.577 1682.513 2111.786 1808.917 -1.303
1862.019 991.092 1918.170 1074.546 -1.303
2319.459 1394.838 2404.695 1521.939 -1.309
24.351 795.349 179.297 929.925 -1.311
886.946 1727.809 1160.398 1889.434 -1.313
600.784 1576.789 835.000 1733.246 -1.314
1726.432 1815.954 1765.892 1924.471 -1.317
394.831 952.836 791.408 1762.747 -1.318
719.322 1147.932 979.747 1297.741 -1.325
2215.098 319.787 2288.358 398.432 -1.330
1097.522 1482.202 1159.625 1610.819 -1.330
1042.102 130.831 1095.604 209.767 -1.332
585.070 402.581 813.456 891.407 -1.332
1097.034 1395.878 1212.042 1639.988 -1.341
2394.300 1680.801 2466.857 1814.039 -1.342
1292.150 24.718 1358.920 98.005 -1.342
1525.092 1687.302 1602.682 1826.930 -1.343
1703.056 1797.693 1975.897 1889.215 -1.343
1227.940 17.428 1284.061 88.066 -1.343
1764.871 959.651 1853.404 1075.808 -1.346
904.183 1078.422 944.915 1170.095 -1.349
2261.356 271.206 2371.926 421.268 -1.360
1964.147 1657.763 2071.349 1826.065 -1.360
2336.991 1193.092 2587.807 1176.389 -1.366
3.637 1377.203 52.083 1502.067 -1.367
910.650 1322.848 945.824 1429.676 -1.367
1082.662 14.349 1137.348 91.891 -1.370
1045.414 469.558 1094.446 560.062 -1.373
1073.917 320.060 1146.340 444.240 -1.375
884.862 1083.237 921.400 1180.026 -1.376
572.265 1735.198 587.585 1830.802 -1.377
173.186 1695.691 235.723 1853.682 -1.379
1684.298 1420.855 2075.105 1578.779 -1.384
1055.525 1564.636 1118.890 1691.116 -1.389
2179.770 603.325 2287.595 772.341 -1.391
1502.002 1477.901 1567.004 1603.010 -1.393
583.867 130.541 787.579 412.328 -1.394
695.312 14.246 795.143 124.885 -1.395
1123.578 680.881 1175.380 776.679 -1.396
552.258 7.983 1878.718 1747.309 -1.396
2125.936 1532.036 2241.689 1762.622 -1.404
1939.009 1506.476 2235.603 1584.279 -1.408
6.877 406.135 77.183 578.102 -1.416
1549.170 1797.842 1590.404 1927.583 -1.418
2289.902 1695.177 2592.000 1771.511 -1.420
2293.515 1804.006 2592.000 1873.773 -1.422
2330.777 1185.511 2577.243 1170.143 -1.423
2308.613 258.166 2510.112 168.593 -1.429
2507.652 1786.428 2581.817 1935.564 -1.430
2133.159 898.554 2208.346 1002.208 -1.433
2531.166 792.308 2592.000 860.284 -1.434
2329.821 1849.871 2362.625 1933.175 -1.438
2488.759 946.789 2586.849 1079.862 -1.439
2307.834 213.883 2493.290 144.350 -1.441
2316.098 1182.773 2580.170 1172.664 -1.441
2224.219 862.184 2340.708 1043.216 -1.450
1617.845 1757.471 1934.067 1866.404 -1.450
2328.095 827.446 2426.407 981.077 -1.455
2432.912 1834.519 2477.715 1933.892 -1.456
4.747 1791.325 47.189 1926.353 -1.458
2151.067 789.152 2260.426 957.489 -1.460
2379.262 1625.631 2592.000 1944.000 -1.461
2377.037 623.502 2444.117 691.233 -1.473
2521.213 628.938 2589.168 706.284 -1.474
1178.846 1815.934 1206.721 1923.729 -1.474
1903.342 125.464 1971.168 206.049 -1.476
2363.341 933.886 2439.204 1049.642 -1.476
1867.558 1490.691 2331.487 1709.020 -1.478
2092.860 585.901 2158.790 675.359 -1.482
2305.329 207.181 2502.944 149.738 -1.487
11.204 961.735 332.509 1541.479 -1.489
419.905 797.660 507.188 1001.973 -1.491
217.002 752.067 618.281 1304.911 -1.492
2096.203 255.142 2299.859 189.795 -1.507
1513.231 1751.253 1584.258 1926.373 -1.509
2332.156 1190.585 2585.933 1178.930 -1.520
2030.100 163.204 2103.974 236.127 -1.522
2405.250 363.299 2479.820 434.050 -1.524
2031.716 1729.948 2310.779 1790.447 -1.526
2526.575 530.955 2592.000 592.144 -1.535
1596.499 1743.413 1668.203 1929.850 -1.535
2529.730 900.007 2592.000 978.429 -1.538
2191.954 1600.874 2487.831 1650.382 -1.540
2288.772 1580.405 2407.266 1763.600 -1.542
288.402 1771.769 333.391 1909.116 -1.542
2038.609 279.621 2111.667 367.247 -1.543
33.466 1580.488 423.780 1880.756 -1.544
1415.040 460.430 1598.077 456.157 -1.544
455.194 1747.844 471.712 1855.223 -1.545
2516.084 349.520 2588.151 414.345 -1.545
94.021 442.291 130.933 533.506 -1.546
1817.474 1024.119 2059.321 1043.490 -1.549
2462.580 142.082 2547.890 221.066 -1.553
10.279 653.446 161.807 761.400 -1.555
2224.339 462.952 2311.164 566.080 -1.558
494.929 1697.196 570.865 1870.629 -1.560
2065.396 123.910 2155.094 234.246 -1.560
2321.017 1185.113 2584.145 1173.905 -1.560
1954.030 468.083 2013.979 535.805 -1.562
2292.194 239.200 2502.743 177.604 -1.564
1778.144 190.237 2001.740 176.588 -1.565
569.522 1731.149 632.230 1874.983 -1.565
2081.566 892.833 2154.876 1010.138 -1.568
2305.032 268.719 2508.158 177.279 -1.573
2216.636 282.864 2284.824 345.600 -1.573
2271.516 1144.500 2527.394 1139.503 -1.577
2325.501 1189.841 2585.753 1183.982 -1.587
2029.042 1377.551 2165.399 1590.908 -1.589
2519.771 115.748 2592.000 214.830 -1.590
2344.249 616.550 2432.206 724.936 -1.591
2304.694 204.069 2500.081 135.205 -1.593
2090.206 321.351 2157.099 388.684 -1.594
1191.070 1718.442 1230.018 1834.525 -1.595
1829.196 1842.847 1892.230 1944.000 -1.596
