619.498 367.980 1038.683 731.998 -1.020
384.029 1533.877 482.218 1616.352 -1.057
582.191 65.519 1026.084 411.179 -1.060
1.000 737.658 260.070 973.837 -1.068
1143.015 1095.019 1187.865 1493.975 -1.071
1055.916 1097.835 1283.924 1255.938 -1.074
2428.107 806.902 2592.000 1104.399 -1.075
2052.039 1870.248 2074.332 1929.320 -1.077
1.000 1605.237 -4.067 1944.000 -1.081
1.000 1589.109 134.236 1846.365 -1.081
811.080 1797.169 876.043 1911.604 -1.082
141.121 587.221 241.042 655.372 -1.082
1.000 120.966 67.414 164.201 -1.083
2534.236 1134.403 2568.224 1201.196 -1.083
465.428 1511.896 509.282 1564.074 -1.087
1.000 530.516 1126.372 1501.937 -1.089
1.000 227.368 110.733 320.433 -1.090
8.067 352.681 79.635 416.998 -1.091
943.978 998.307 1470.066 1023.800 -1.092
1773.642 864.166 1867.949 928.044 -1.093
1.000 609.580 2064.781 1944.000 -1.093
1965.915 83.529 2476.843 701.036 -1.094
1121.427 1124.573 1119.870 1243.078 -1.094
2371.483 1364.873 2529.011 1463.008 -1.095
1.000 61.943 27.586 108.439 -1.096
