1121.209 504.605 1353.264 806.908 -0.930
574.038 1415.114 692.638 1522.781 -0.970
2035.214 903.892 2119.473 1021.585 -0.990
2233.245 1427.674 2305.580 1572.700 -1.004
127.349 3.126 200.742 68.149 -1.006
1434.618 1572.609 1517.978 1732.217 -1.013
2352.801 1332.646 2412.259 1467.414 -1.016
1330.462 1131.055 1698.826 1663.057 -1.017
1342.340 442.495 1740.220 870.609 -1.022
542.761 1403.913 602.088 1569.595 -1.024
1823.721 948.615 1928.496 1079.659 -1.027
1.000 296.482 81.114 372.844 -1.027
705.269 1258.849 771.355 1396.958 -1.030
915.234 1062.672 1005.350 1140.715 -1.032
395.962 1602.295 425.749 1740.327 -1.033
1788.929 1063.599 1916.629 1169.435 -1.034
2226.336 613.084 2349.284 729.889 -1.035
1761.220 682.543 1808.495 719.497 -1.036
815.199 1399.329 1233.296 1863.379 -1.037
462.660 1356.399 508.180 1501.703 -1.037
1.000 152.548 39.811 256.251 -1.038
1756.445 654.154 1829.252 743.461 -1.041
305.628 69.649 366.713 142.726 -1.046
2170.892 718.469 2263.569 814.113 -1.047
2516.583 653.413 2592.000 774.150 -1.047
1673.557 941.369 1868.002 1106.546 -1.048
255.866 764.240 501.237 1184.601 -1.048
1743.380 1080.353 2017.311 1398.728 -1.049
2265.755 795.919 2359.579 903.302 -1.049
690.754 1523.647 728.805 1667.534 -1.049
2357.634 206.726 2482.749 319.070 -1.051
1086.314 462.280 1625.004 903.268 -1.052
69.481 593.097 111.937 678.235 -1.053
2417.261 520.404 2497.260 597.368 -1.054
928.884 674.957 1039.582 808.757 -1.054
2177.903 764.461 2278.938 883.259 -1.054
43.866 128.839 100.445 189.698 -1.054
644.586 1004.448 709.700 1152.377 -1.055
2493.533 1503.241 2573.468 1637.248 -1.055
2233.539 676.584 2380.983 826.244 -1.055
1634.316 903.188 1953.320 1157.466 -1.056
686.997 1084.649 915.400 1426.789 -1.056
31.238 177.101 112.989 252.283 -1.057
395.207 846.137 1133.045 1819.158 -1.057
2071.361 680.324 2193.724 798.740 -1.058
2436.630 1544.661 2513.690 1616.439 -1.061
2026.904 255.444 2111.579 336.571 -1.063
2284.082 1380.958 2378.853 1553.552 -1.064
10.243 1597.204 133.484 1817.552 -1.064
1417.367 359.409 1488.334 437.396 -1.064
2226.613 1.000 2311.932 48.863 -1.064
779.651 1297.562 1522.363 1944.000 -1.065
284.548 1159.393 324.645 1288.095 -1.067
2073.796 358.272 2592.000 1156.278 -1.067
1879.503 1.000 1982.151 71.727 -1.070
1.000 766.413 701.915 1496.483 -1.070
2030.084 1.000 2123.094 55.971 -1.071
1357.457 872.270 1733.134 1340.817 -1.074
175.235 1452.093 215.891 1610.844 -1.075
1248.295 1099.400 1290.558 1218.537 -1.075
2482.903 1404.552 2577.902 1552.756 -1.075
2102.124 1376.826 2473.895 1935.764 -1.076
172.359 1.000 244.811 68.165 -1.076
994.247 1051.950 1310.496 1413.100 -1.076
2298.691 1.000 2399.277 53.839 -1.077
1963.912 641.364 2088.783 799.448 -1.078
1963.733 865.526 2053.842 993.591 -1.079
1.000 1572.735 218.957 1908.921 -1.080
2536.611 1770.069 2592.000 1940.710 -1.081
1891.455 658.449 1982.252 764.800 -1.081
2047.626 317.353 2146.057 397.310 -1.081
2155.937 211.331 2305.678 357.974 -1.082
1409.971 367.350 1510.733 486.477 -1.082
2010.504 592.076 2107.342 711.954 -1.082
1140.585 769.780 1732.289 1488.743 -1.082
1968.837 241.699 2053.868 312.269 -1.082
976.923 24.436 1698.310 984.367 -1.082
1.000 654.249 9.049 743.894 -1.084
180.454 128.232 243.916 188.291 -1.084
1895.172 406.376 1994.278 530.387 -1.084
2138.179 1.000 2231.136 56.172 -1.084
476.594 40.193 1223.424 892.818 -1.086
155.690 237.037 253.610 378.601 -1.087
194.408 574.830 233.298 669.594 -1.087
1.000 452.013 10.379 530.929 -1.088
1768.299 1.000 1873.969 75.730 -1.089
181.896 1428.475 311.207 1664.575 -1.090
2001.490 349.154 2079.088 421.319 -1.090
1.000 116.374 1125.897 1097.098 -1.091
715.332 1802.631 776.444 1944.000 -1.092
2018.191 1721.338 2077.081 1866.443 -1.092
1766.719 844.628 1854.328 920.118 -1.092
2103.740 194.552 2197.196 263.878 -1.094
1881.913 250.094 2000.099 381.815 -1.094
1685.626 1200.337 1818.746 1430.192 -1.094
202.848 1.000 280.096 83.084 -1.095
1742.580 822.235 1813.424 929.010 -1.095
1782.827 1549.464 1876.891 1722.216 -1.095
2432.545 1488.699 2531.561 1660.924 -1.095
59.770 625.228 933.712 1778.999 -1.096
1691.876 1708.331 1751.895 1856.312 -1.097
2068.268 1739.766 2129.907 1902.269 -1.097
28.278 2.844 92.765 72.884 -1.098
1815.396 933.512 2144.334 1421.296 -1.100
1792.633 565.001 1857.133 653.326 -1.101
1807.041 404.012 1887.754 484.450 -1.101
630.442 1.000 676.820 35.714 -1.101
1595.028 1003.336 2592.000 1944.000 -1.101
1855.032 726.837 1913.255 811.598 -1.102
2020.950 829.052 2100.955 940.565 -1.104
1826.442 842.308 1890.792 952.330 -1.106
1951.006 1.000 2039.358 44.306 -1.106
2531.929 204.606 2592.000 275.377 -1.106
1008.701 332.786 1894.354 1374.227 -1.107
1.000 128.662 1319.146 1944.000 -1.107
1515.315 1587.584 1570.526 1770.972 -1.108
2273.191 235.562 2357.944 290.094 -1.109
1708.788 1.000 1823.599 59.190 -1.109
63.295 55.763 108.993 125.702 -1.109
1855.166 115.401 1952.552 202.717 -1.111
1888.102 583.879 1968.267 710.360 -1.111
2527.187 235.642 2592.000 328.167 -1.113
1981.382 217.281 2082.574 331.702 -1.113
2521.464 1.000 2592.000 40.409 -1.114
1871.439 423.947 2009.169 579.135 -1.115
1911.955 120.277 2592.000 1603.024 -1.116
1.000 1702.654 -0.679 1849.511 -1.116
278.986 5.273 358.146 103.014 -1.118
1666.188 267.064 1756.066 370.427 -1.118
1841.054 205.680 1943.187 332.081 -1.120
1866.644 519.066 1950.674 633.632 -1.122
2.201 53.678 57.596 127.910 -1.122
336.428 1.000 400.068 68.504 -1.124
2524.587 57.097 2592.000 148.157 -1.124
2251.149 1.000 2360.386 61.940 -1.124
410.561 1.000 2571.483 1751.241 -1.125
265.018 45.121 392.710 161.043 -1.143
1439.826 1628.684 1686.414 1944.000 -1.143
1.000 1222.959 -0.612 1342.202 -1.144
103.806 41.058 187.888 130.300 -1.149
1.000 1621.316 -0.397 1760.102 -1.152
1.000 1.070 16.422 68.712 -1.155
298.732 1.000 425.135 87.075 -1.157
213.244 46.799 292.262 133.897 -1.162
1.000 1603.552 -1.855 1756.787 -1.162
18.426 1.000 122.051 95.727 -1.165
1.000 1604.930 -0.520 1756.589 -1.169
1.000 1377.999 -0.825 1519.164 -1.170
1.000 1619.245 -2.118 1767.566 -1.170
1.000 2.157 80.620 203.451 -1.174
281.417 1.000 487.208 175.054 -1.174
44.779 1.000 167.729 128.624 -1.178
187.820 1.000 327.719 130.832 -1.179
1.000 1224.197 -2.777 1353.388 -1.180
1.000 1727.658 -1.829 1873.042 -1.181
1.000 1605.070 -2.538 1739.285 -1.182
1.000 1728.859 -0.126 1876.808 -1.182
87.258 1.000 233.751 159.392 -1.185
1.000 1291.610 -0.085 1417.953 -1.188
1.000 1587.337 -5.096 1725.838 -1.192
1.000 1455.418 -0.039 1586.359 -1.193
1.000 1756.099 -2.529 1927.927 -1.195
1.000 1676.588 -0.812 1823.105 -1.196
1.000 1726.608 -1.141 1875.778 -1.196
1.000 1776.627 -1.470 1928.451 -1.196
1.000 1796.969 -0.713 1943.529 -1.198
1.000 1383.749 -2.403 1512.479 -1.198
