2142.404 865.085 2182.648 986.576 -0.432
2538.006 911.611 2576.987 1023.963 -0.550
2556.512 809.343 2586.756 914.408 -0.660
2345.092 849.620 2376.727 936.520 -0.748
2089.894 749.764 2174.786 989.787 -0.751
1622.604 803.772 1655.561 903.104 -0.752
2501.025 949.107 2539.742 1071.912 -0.799
853.317 1558.473 965.107 1668.401 -0.813
1961.374 1098.828 2012.372 1159.081 -0.817
9.221 309.392 46.680 420.826 -0.843
2054.857 116.478 2118.619 225.675 -0.860
507.628 1191.470 690.004 1421.727 -0.874
1450.651 1752.718 1484.779 1860.136 -0.879
1146.404 1006.088 1223.250 1088.912 -0.899
1400.270 1805.395 1458.092 1944.000 -0.907
2162.533 697.232 2220.107 873.990 -0.912
2333.134 1876.841 2387.766 1922.874 -0.916
1414.975 380.980 1489.962 485.892 -0.917
1702.523 1834.140 1739.504 1944.000 -0.918
2350.961 1835.576 2418.642 1910.462 -0.924
552.381 1400.273 811.022 1711.734 -0.941
1733.785 564.110 1785.455 642.659 -0.943
1467.544 715.861 1519.001 866.402 -0.948
284.453 1460.152 370.890 1548.778 -0.959
992.157 1503.615 1084.869 1715.341 -0.961
2043.503 714.469 2087.221 789.504 -0.963
2277.552 1604.720 2342.387 1670.456 -0.967
803.404 1877.743 853.426 1903.397 -0.967
2003.429 1524.714 2070.724 1605.023 -0.972
1235.376 583.353 1262.209 679.734 -0.975
1234.186 1846.802 1315.901 1917.223 -0.976
915.024 921.448 1032.571 1053.330 -0.977
675.717 3.239 759.250 132.500 -0.980
84.401 1735.904 134.899 1756.858 -0.981
1512.736 740.844 1598.263 848.308 -0.982
999.298 1369.064 1081.620 1436.644 -0.982
738.766 1076.222 1192.749 1701.571 -0.985
469.042 837.427 609.851 1006.412 -0.989
2265.730 378.930 2294.246 477.536 -0.990
2406.914 1709.674 2457.741 1756.033 -0.992
2154.146 627.863 2300.240 842.983 -0.993
1922.555 1280.672 1988.486 1357.915 -0.994
1249.110 1289.514 1306.849 1337.689 -0.995
1333.505 1008.129 1405.749 1098.062 -0.996
974.167 1023.227 1035.682 1090.281 -0.996
217.550 1281.028 270.267 1317.231 -0.996
1944.692 1526.983 1995.867 1576.786 -0.997
2046.115 1512.982 2105.152 1567.775 -0.998
471.456 644.405 523.965 702.336 -0.999
2488.150 759.607 2557.442 872.747 -1.000
1365.119 1741.952 1417.169 1780.248 -1.000
131.034 1356.366 409.538 1709.250 -1.000
2208.501 696.204 2306.788 1035.519 -1.000
1483.920 607.290 1542.074 679.709 -1.002
1547.568 1862.455 1609.836 1908.387 -1.005
1183.529 582.633 1251.239 787.067 -1.005
560.381 635.073 617.530 695.568 -1.005
2457.097 948.475 2577.398 1106.908 -1.006
1204.341 174.410 1255.434 262.605 -1.007
1029.861 47.383 1104.659 174.985 -1.012
2119.146 1371.962 2157.029 1458.746 -1.013
1137.169 559.681 1268.204 778.233 -1.014
1853.129 565.186 1906.654 659.937 -1.015
1448.072 221.796 1530.048 338.767 -1.015
1335.807 240.509 1394.807 324.993 -1.016
1411.354 188.841 1458.468 256.514 -1.017
911.822 801.534 961.049 853.641 -1.019
1143.734 833.143 1456.212 1272.569 -1.020
2068.199 1457.545 2116.928 1502.520 -1.020
2287.995 515.331 2352.210 617.438 -1.021
5.922 1187.469 41.197 1291.863 -1.021
1420.758 385.084 1517.304 545.392 -1.022
1178.773 1881.767 1228.499 1908.135 -1.023
2059.069 1712.987 2134.142 1786.720 -1.023
2476.258 1837.512 2566.491 1935.743 -1.024
2513.443 837.895 2592.000 992.354 -1.025
1550.159 1717.813 1596.461 1840.164 -1.025
910.130 1.611 956.849 80.895 -1.027
1337.596 1848.047 1368.786 1944.000 -1.027
464.671 370.404 1423.371 1604.780 -1.027
149.235 1050.612 206.459 1094.677 -1.027
670.072 224.325 725.860 291.208 -1.029
2242.880 310.180 2287.727 380.413 -1.030
2419.232 1816.591 2481.238 1864.896 -1.030
932.336 316.832 991.317 398.449 -1.032
427.739 284.277 479.511 347.544 -1.032
39.242 15.508 90.915 109.200 -1.034
963.376 1850.165 1035.696 1912.544 -1.034
2386.614 759.471 2474.261 909.709 -1.035
15.985 1105.386 59.171 1234.248 -1.035
209.519 723.267 248.833 816.916 -1.035
1868.943 1113.526 1927.452 1185.044 -1.037
1740.175 100.957 1785.139 174.765 -1.037
2305.642 679.167 2413.252 873.380 -1.038
2281.064 1187.657 2363.553 1294.632 -1.038
577.991 1752.603 650.871 1810.534 -1.038
2427.447 1859.466 2496.970 1921.100 -1.038
872.144 951.137 1674.866 1878.587 -1.039
48.903 1194.013 429.405 1647.160 -1.040
1961.213 1642.596 2036.464 1708.963 -1.040
1252.235 1.000 1333.593 116.149 -1.041
197.533 673.353 255.023 800.077 -1.041
38.890 1062.316 106.527 1133.051 -1.041
1697.244 1104.034 1798.951 1301.901 -1.042
1477.047 666.831 1555.945 765.435 -1.043
1359.394 255.903 1421.741 359.229 -1.043
2520.803 1722.490 2578.850 1786.460 -1.043
1488.140 513.273 1533.216 580.725 -1.046
1027.022 1.000 1079.908 78.676 -1.046
1872.307 1878.064 1931.464 1917.791 -1.047
1718.855 754.331 1762.840 839.925 -1.048
9.845 921.864 61.621 956.829 -1.048
1604.260 1045.408 2228.945 1894.821 -1.048
147.830 154.216 187.886 239.205 -1.050
2418.028 250.744 2466.275 314.862 -1.050
770.724 3.049 842.109 117.108 -1.050
257.864 1120.479 309.503 1157.677 -1.050
2045.209 710.296 2218.223 1024.886 -1.051
1475.839 568.537 1523.499 639.662 -1.051
1210.996 279.618 1311.496 443.878 -1.051
2530.575 144.697 2577.560 229.562 -1.051
639.163 1729.639 735.859 1819.661 -1.052
2497.491 107.850 2558.734 221.553 -1.052
2357.680 834.014 2415.139 921.542 -1.052
97.236 1636.374 135.616 1759.556 -1.052
581.831 135.332 659.855 239.599 -1.052
191.892 1143.795 252.458 1195.583 -1.053
2313.961 179.561 2375.330 265.357 -1.054
1971.869 377.595 2057.704 524.658 -1.055
1936.038 933.689 1988.477 1025.567 -1.056
1643.392 801.026 1701.047 914.792 -1.056
455.571 65.848 503.034 133.747 -1.060
1342.710 685.557 1848.882 1651.488 -1.060
2380.863 1385.848 2462.572 1479.680 -1.062
557.754 204.939 606.013 262.360 -1.062
22.177 729.129 89.625 789.628 -1.063
390.926 911.029 430.393 1005.712 -1.064
402.713 876.348 457.568 924.496 -1.065
1437.263 277.596 1498.999 384.606 -1.066
2553.310 1200.834 2592.000 1287.386 -1.066
2297.748 830.957 2352.897 920.732 -1.067
415.711 781.150 469.941 845.681 -1.068
2371.789 1039.063 2438.595 1167.496 -1.068
1201.949 118.189 1246.648 189.775 -1.068
386.436 1339.725 503.093 1460.445 -1.069
1793.721 161.819 1837.904 234.864 -1.069
416.851 605.056 462.385 699.739 -1.070
171.888 1066.916 216.353 1177.452 -1.070
1914.324 248.000 1967.783 324.064 -1.070
6.492 1773.361 36.512 1878.210 -1.070
1625.678 267.514 1675.920 344.311 -1.071
1313.339 1853.019 1383.624 1913.636 -1.071
2280.898 304.038 2309.040 395.159 -1.071
2135.864 387.074 2187.019 470.100 -1.071
298.020 1081.213 389.476 1168.629 -1.072
2427.434 670.160 2571.112 934.095 -1.073
206.271 1794.438 244.287 1922.293 -1.073
4.585 449.103 94.473 561.283 -1.073
2083.869 437.733 2147.348 536.698 -1.073
1039.865 236.700 1091.767 315.402 -1.073
2239.753 172.258 2332.345 310.320 -1.074
1868.132 554.344 1937.773 663.147 -1.075
1590.771 1879.442 1642.040 1912.233 -1.075
2403.071 1292.690 2473.469 1370.682 -1.075
2013.456 505.392 2070.556 579.955 -1.076
914.786 1.000 999.420 107.273 -1.077
1480.944 1844.823 1559.946 1924.207 -1.077
47.717 1123.239 119.721 1182.509 -1.077
2301.914 1828.978 2351.316 1944.000 -1.078
1461.150 1821.574 1522.399 1944.000 -1.078
262.419 1813.622 317.453 1846.455 -1.078
440.803 17.826 486.103 89.939 -1.079
1485.877 340.166 1542.021 430.734 -1.079
2502.815 1228.614 2586.542 1336.562 -1.079
578.404 41.174 632.154 114.083 -1.080
406.363 232.842 454.703 304.844 -1.081
4.976 1389.652 84.977 1465.935 -1.081
2501.554 609.448 2581.837 719.540 -1.081
1173.946 18.665 1225.826 111.735 -1.082
1451.891 1.000 1513.283 92.780 -1.082
2017.974 955.643 2067.199 1041.968 -1.082
610.584 217.905 655.819 298.950 -1.083
2303.687 1125.877 2354.153 1188.733 -1.083
1617.828 459.002 1672.016 546.885 -1.084
2348.837 1325.398 2389.888 1420.300 -1.084
2131.557 337.814 2175.890 416.291 -1.084
2378.468 84.133 2444.765 190.582 -1.085
1236.893 217.818 1293.805 315.189 -1.085
753.134 1701.469 844.522 1788.231 -1.085
1305.953 369.116 1624.715 942.977 -1.085
2263.643 1446.540 2300.024 1537.695 -1.086
745.822 44.392 795.035 121.335 -1.086
222.340 1124.169 255.505 1220.083 -1.086
2240.369 385.149 2288.775 461.979 -1.087
1589.646 166.608 1640.074 243.889 -1.087
2262.127 1074.391 2307.758 1136.620 -1.087
1868.099 510.294 1919.447 593.032 -1.089
89.388 447.069 130.715 526.136 -1.089
2378.253 1624.518 2433.284 1685.869 -1.089
839.100 1729.626 896.385 1764.470 -1.089
918.750 186.388 976.707 293.591 -1.090
2072.381 369.189 2128.667 454.886 -1.090
1977.437 935.834 2026.321 1035.119 -1.091
1959.839 495.142 2006.100 574.131 -1.092
81.732 1731.451 145.633 1773.666 -1.092
63.206 1624.028 93.627 1726.262 -1.092
2266.633 304.800 2326.070 386.356 -1.092
2481.056 1728.719 2519.035 1819.232 -1.093
185.495 857.588 237.166 908.131 -1.093
1909.229 934.335 1953.411 1020.060 -1.094
1813.350 900.898 1889.820 1047.723 -1.094
1192.296 1861.363 1254.290 1906.420 -1.094
2423.532 1786.194 2479.404 1921.489 -1.094
3.814 1860.868 57.891 1883.676 -1.095
2363.799 1647.429 2419.895 1708.349 -1.095
2506.786 1717.833 2553.818 1812.346 -1.095
1707.946 562.465 1748.915 640.996 -1.095
2430.692 609.264 2492.640 695.481 -1.096
774.843 1782.906 829.455 1813.468 -1.096
2.824 1647.501 64.520 1797.937 -1.096
336.537 58.132 377.281 134.591 -1.097
1928.232 277.563 1998.015 390.787 -1.097
2335.501 1610.581 2381.983 1656.211 -1.098
2278.827 846.586 2381.056 1019.494 -1.098
643.717 209.171 692.056 277.921 -1.099
1893.932 587.765 1971.182 696.005 -1.099
2274.356 618.975 2323.176 704.993 -1.099
9.460 968.920 59.893 1008.577 -1.100
1955.947 226.447 2000.543 298.208 -1.101
1119.470 1831.014 1152.549 1929.168 -1.101
2437.314 1361.317 2507.652 1438.043 -1.101
657.922 301.260 740.218 408.370 -1.101
1405.149 322.076 1462.506 401.756 -1.101
1446.199 110.573 1571.922 315.973 -1.102
2428.717 1762.441 2477.011 1803.172 -1.102
926.345 1844.523 959.386 1944.000 -1.103
2064.269 1877.860 2119.263 1916.257 -1.104
1167.983 205.708 1318.210 465.890 -1.104
421.792 133.568 477.030 233.714 -1.104
1746.832 429.807 1792.125 500.054 -1.104
2395.101 949.356 2445.473 1032.101 -1.104
2253.443 1256.956 2295.521 1347.433 -1.104
2511.046 1773.157 2558.901 1878.126 -1.104
2190.869 638.207 2421.105 1046.592 -1.104
1888.043 102.926 1957.213 214.587 -1.105
2262.524 1400.275 2332.777 1543.205 -1.105
2505.721 251.882 2557.298 323.612 -1.105
2009.571 139.746 2072.346 237.368 -1.106
1085.043 1874.228 1144.592 1909.853 -1.106
2256.476 518.491 2308.595 590.882 -1.106
1.894 923.777 64.590 984.894 -1.106
2373.886 1742.763 2425.194 1791.023 -1.106
2382.877 1150.133 2423.186 1230.394 -1.107
208.698 1028.027 245.999 1136.912 -1.107
2240.209 524.774 2331.253 670.970 -1.107
1006.414 298.786 1058.536 390.886 -1.107
1823.756 1880.280 1878.767 1915.861 -1.107
2356.747 1708.423 2400.324 1801.544 -1.108
1181.550 1817.315 1239.796 1944.000 -1.108
2019.377 715.288 2065.074 779.779 -1.108
847.184 266.920 931.931 375.906 -1.109
1755.978 598.702 1823.533 729.002 -1.109
1062.131 240.174 1120.004 323.848 -1.109
464.441 264.979 511.626 325.832 -1.110
978.770 200.691 1028.428 292.783 -1.110
2449.392 880.441 2531.770 993.611 -1.111
2500.748 295.000 2556.127 372.217 -1.111
1988.430 251.975 2044.713 347.029 -1.111
2113.916 98.519 2161.060 164.077 -1.111
1420.498 116.516 1470.092 189.745 -1.111
6.840 1741.451 100.528 1827.666 -1.111
1146.654 1889.106 1196.711 1916.016 -1.112
2289.485 271.947 2345.581 347.862 -1.112
2245.491 1342.340 2302.621 1409.748 -1.113
5.168 1310.937 59.173 1346.773 -1.113
2259.039 1801.722 2366.006 1917.986 -1.113
5.675 742.718 38.513 832.435 -1.114
207.098 937.538 287.785 1105.429 -1.114
1663.427 246.880 1713.571 325.523 -1.114
1083.029 23.116 1135.572 103.967 -1.115
605.151 1730.894 653.795 1875.145 -1.115
2025.524 266.199 2075.969 340.018 -1.116
2521.576 518.688 2571.481 594.312 -1.116
365.825 992.889 444.073 1069.915 -1.117
1881.235 920.415 1928.218 1012.338 -1.118
2501.983 1148.755 2550.314 1216.848 -1.118
431.272 900.719 489.164 956.456 -1.118
2428.065 890.843 2529.083 1064.219 -1.118
2502.549 1088.096 2544.433 1169.814 -1.119
2491.627 176.081 2581.528 336.788 -1.119
2394.127 1388.494 2501.228 1518.257 -1.119
2385.272 1674.401 2592.000 1925.442 -1.120
2389.196 549.041 2452.732 651.139 -1.120
83.592 170.878 154.557 308.990 -1.121
2261.394 247.137 2320.248 429.405 -1.121
3.639 1815.678 82.354 1873.367 -1.121
64.060 917.066 106.862 1027.855 -1.122
155.255 722.834 285.308 988.860 -1.122
2341.437 1033.275 2384.416 1109.859 -1.122
425.124 1094.011 481.174 1145.665 -1.122
2363.734 564.730 2409.264 635.487 -1.122
2190.286 112.269 2259.680 228.898 -1.122
418.708 50.061 487.313 137.223 -1.123
75.668 1664.225 109.694 1773.708 -1.123
2342.762 178.109 2421.921 293.886 -1.123
2361.114 1353.024 2408.986 1454.827 -1.123
166.440 987.375 206.656 1082.440 -1.123
999.295 148.380 1072.132 263.909 -1.124
526.672 326.252 579.345 394.416 -1.124
1528.287 1914.645 1580.028 1944.000 -1.124
1851.644 1.000 1915.902 102.473 -1.125
1629.933 459.738 2213.452 1461.529 -1.125
1554.519 1839.824 1598.863 1944.000 -1.125
2554.906 1557.088 2592.000 1656.664 -1.126
165.634 1156.600 220.322 1199.995 -1.126
244.007 1023.098 718.669 1679.247 -1.127
2428.802 182.994 2476.309 270.589 -1.127
104.624 1142.382 159.383 1180.494 -1.127
2257.783 1748.572 2314.517 1797.607 -1.127
65.754 504.161 104.993 589.741 -1.127
1004.088 227.285 1061.144 325.891 -1.127
2225.914 1574.566 2310.610 1667.572 -1.127
2146.844 1117.428 2550.772 1592.747 -1.127
1635.954 324.559 1782.614 555.428 -1.128
806.502 297.173 882.725 409.175 -1.128
340.437 927.690 398.142 988.769 -1.128
435.144 341.064 507.581 500.725 -1.129
64.216 848.642 194.120 1005.187 -1.129
1050.643 1865.291 1093.736 1944.000 -1.129
991.410 70.184 1042.925 155.555 -1.130
33.939 221.178 76.054 309.463 -1.130
2014.314 192.519 2083.765 294.010 -1.130
973.370 528.380 2185.683 1944.000 -1.130
404.420 90.657 462.573 168.959 -1.130
2478.964 77.586 2527.323 156.874 -1.131
2402.153 757.904 2577.301 1106.036 -1.131
298.873 958.058 343.702 1068.360 -1.131
50.355 310.425 88.723 389.416 -1.131
2154.271 272.462 2203.054 349.503 -1.132
1401.620 280.992 1446.256 359.961 -1.132
2573.778 113.051 2592.000 184.617 -1.132
873.272 33.891 922.865 116.759 -1.132
1336.420 157.492 1410.870 287.988 -1.132
2530.024 399.000 2576.206 470.274 -1.132
1628.835 1.000 1685.988 84.942 -1.132
4.179 1270.794 85.283 1354.808 -1.133
1037.488 276.609 1090.758 376.098 -1.133
2244.243 1713.740 2291.817 1819.113 -1.133
762.395 212.123 803.466 288.903 -1.133
365.389 877.252 403.403 974.354 -1.134
375.309 601.954 430.459 658.474 -1.134
353.908 181.294 394.986 270.058 -1.134
479.862 1807.259 537.889 1846.745 -1.134
6.567 1305.968 50.722 1430.450 -1.135
1.144 1076.777 73.741 1134.244 -1.135
493.973 99.020 542.144 164.032 -1.135
489.065 1395.880 789.653 1925.760 -1.135
105.126 1832.858 179.818 1879.382 -1.135
1334.269 23.194 1397.964 119.101 -1.135
438.447 515.126 481.751 603.510 -1.135
466.740 4.112 553.827 125.385 -1.135
2537.505 1.000 2580.374 85.162 -1.136
75.436 1697.614 180.100 1794.521 -1.136
471.001 190.310 521.982 259.660 -1.136
114.720 1022.101 165.080 1065.747 -1.136
1641.980 67.401 1791.915 328.724 -1.136
2548.229 377.036 2592.000 446.648 -1.137
1817.488 332.002 1874.516 428.634 -1.137
465.941 139.339 507.880 224.619 -1.137
2284.199 1.000 2334.283 101.626 -1.137
252.096 408.419 477.850 695.076 -1.137
805.108 1760.880 872.113 1819.028 -1.137
2195.589 491.232 2241.091 565.001 -1.137
2026.172 424.680 2592.000 1231.931 -1.139
1973.428 142.044 2031.685 235.235 -1.139
2136.771 133.337 2189.242 224.123 -1.139
128.714 1011.256 188.308 1062.632 -1.140
2337.277 1795.721 2394.726 1927.866 -1.140
1104.845 182.124 1157.288 272.521 -1.141
863.300 210.661 952.232 339.777 -1.143
1931.967 205.014 1985.040 284.897 -1.143
1121.181 269.811 1165.130 342.244 -1.143
72.077 354.434 136.824 466.859 -1.143
1164.100 142.083 1231.856 249.625 -1.143
2417.977 181.100 2509.543 307.221 -1.143
1573.575 208.319 1624.532 287.195 -1.143
886.855 1873.716 943.257 1907.545 -1.144
269.144 949.924 314.723 1059.837 -1.144
1853.919 162.183 1912.981 260.352 -1.144
404.657 925.269 485.908 1009.577 -1.144
820.426 1693.867 881.252 1737.420 -1.144
2.622 1588.311 109.065 1815.870 -1.145
1259.223 147.085 1307.252 227.543 -1.145
56.796 1117.671 103.909 1240.577 -1.146
515.553 209.770 559.356 294.714 -1.146
333.443 586.992 477.073 863.403 -1.146
2.528 1540.423 189.026 1917.885 -1.146
2478.713 30.828 2532.025 98.200 -1.146
807.133 1.000 888.412 111.751 -1.147
1118.828 147.192 1172.187 230.816 -1.147
1965.219 1.000 2020.710 93.309 -1.147
599.696 1.000 678.790 112.233 -1.147
2427.450 379.038 2476.281 442.490 -1.148
375.436 210.318 422.889 273.912 -1.148
536.311 187.311 578.751 264.965 -1.148
749.500 227.198 807.847 323.336 -1.149
822.250 226.443 869.773 303.302 -1.149
1975.394 332.041 2021.464 411.084 -1.150
1738.475 1.000 1784.107 77.045 -1.150
435.521 151.710 503.693 257.874 -1.150
527.464 130.124 573.219 198.986 -1.151
1896.275 249.223 2000.341 437.606 -1.151
1926.911 416.549 1980.163 499.467 -1.152
113.901 1166.204 169.020 1204.780 -1.152
85.857 1053.718 162.932 1126.009 -1.153
371.667 102.537 433.019 175.552 -1.153
1810.105 286.002 1865.174 365.419 -1.154
1792.963 1.000 1859.322 97.501 -1.156
207.164 1678.682 238.022 1782.591 -1.156
2540.355 1363.131 2585.397 1472.555 -1.156
2.008 1126.780 76.645 1289.557 -1.156
17.424 202.030 100.723 376.718 -1.156
90.038 1.000 1426.506 1916.416 -1.156
2002.505 328.825 2048.604 401.166 -1.157
2262.911 1656.995 2314.187 1704.101 -1.158
58.834 63.640 97.873 177.634 -1.159
1773.281 250.036 1828.115 326.655 -1.160
1573.030 1.000 1633.158 91.247 -1.160
1864.589 233.169 1911.818 304.303 -1.160
1837.025 257.410 1885.632 331.219 -1.161
1810.185 98.251 1857.617 173.684 -1.161
1967.869 174.293 2057.673 321.942 -1.161
4.789 1434.819 55.735 1565.515 -1.162
25.584 756.782 86.007 880.950 -1.162
9.894 390.970 52.088 478.890 -1.163
2271.454 1714.125 2333.358 1775.317 -1.164
1944.555 157.833 1992.059 230.439 -1.165
2433.918 113.966 2481.080 180.824 -1.166
2093.295 112.931 2143.192 186.487 -1.166
17.689 873.083 90.666 955.008 -1.167
2338.197 1351.265 2592.000 1846.354 -1.167
2216.768 1649.555 2271.355 1690.285 -1.167
2213.008 1679.208 2264.507 1783.298 -1.168
42.233 392.698 81.875 472.489 -1.168
2154.344 1.000 2204.096 82.363 -1.169
2004.591 1.000 2060.356 92.721 -1.169
2442.969 86.106 2502.759 192.918 -1.173
1526.488 316.445 1683.243 560.666 -1.174
2204.866 1769.249 2254.515 1809.496 -1.174
2108.895 218.414 2205.737 368.734 -1.175
38.926 547.024 87.849 670.764 -1.176
1769.689 39.562 1850.778 156.000 -1.178
1827.614 220.053 1881.966 297.021 -1.178
2122.460 1.000 2167.167 78.753 -1.180
2264.753 1643.555 2358.499 1744.019 -1.181
2410.877 309.378 2460.896 384.823 -1.181
3.605 546.466 45.802 644.047 -1.182
2121.570 1384.821 2572.225 1944.000 -1.182
2059.808 161.804 2142.266 278.524 -1.182
2301.477 222.226 2395.065 364.980 -1.182
2158.672 267.952 2257.227 417.932 -1.183
2219.596 217.751 2328.202 373.721 -1.184
2538.464 335.341 2584.568 406.883 -1.185
1819.212 421.214 1862.811 495.217 -1.186
17.873 38.501 65.177 125.580 -1.187
2230.072 332.176 2283.555 423.190 -1.189
1834.846 81.099 1917.695 216.007 -1.190
1.000 99.727 83.650 250.077 -1.190
27.778 1054.467 78.500 1180.237 -1.190
1568.871 97.975 1621.934 188.989 -1.191
1934.520 801.734 2526.995 1546.171 -1.192
2109.047 366.425 2166.438 472.382 -1.193
2176.012 179.897 2237.221 267.096 -1.193
1774.276 137.940 1828.881 226.026 -1.193
2165.151 381.559 2210.923 458.131 -1.193
3.703 1005.735 49.587 1117.298 -1.193
1556.711 163.480 1611.695 250.217 -1.194
2406.563 265.553 2462.255 346.396 -1.194
1969.203 296.598 2056.667 445.254 -1.195
2218.071 85.311 2279.460 173.281 -1.196
1425.084 18.313 1477.059 98.614 -1.197
1.976 704.065 63.743 754.471 -1.198
1509.224 7.621 1555.425 90.409 -1.198
1986.517 109.485 2047.212 202.257 -1.199
1834.396 280.607 1887.471 374.886 -1.199
2097.374 37.297 2145.230 99.725 -1.199
2254.351 58.794 2340.085 184.248 -1.201
1753.180 119.475 1833.011 242.517 -1.202
54.658 743.689 116.992 880.622 -1.203
2327.049 143.208 2377.536 210.838 -1.206
2315.203 89.626 2376.712 192.424 -1.207
1839.857 235.519 1929.253 382.111 -1.207
1701.872 3.820 1745.250 87.604 -1.208
2330.724 26.305 2398.175 119.308 -1.208
1554.480 238.116 1606.215 310.871 -1.208
2075.673 326.365 2126.544 399.578 -1.208
2228.981 10.165 2271.339 98.899 -1.208
1406.157 250.689 1536.237 479.427 -1.208
2249.287 269.862 2352.489 455.042 -1.210
766.488 1903.108 825.374 1932.357 -1.210
1.000 959.961 69.465 1019.911 -1.210
1793.521 361.292 1879.928 513.816 -1.210
1.000 1037.029 135.545 1299.699 -1.211
1531.051 1.000 1590.509 81.624 -1.211
2547.574 106.350 2592.000 187.460 -1.211
1817.046 132.921 1912.994 287.982 -1.211
1589.402 184.707 1654.995 288.786 -1.214
36.483 944.540 89.821 1069.662 -1.215
1778.313 187.216 1841.359 287.091 -1.216
2547.900 64.898 2592.000 133.221 -1.216
1982.960 102.107 2069.639 246.553 -1.219
2160.442 25.045 2240.971 142.930 -1.220
1905.086 29.478 1953.671 93.512 -1.222
16.181 123.334 121.435 316.988 -1.222
1915.694 59.603 1985.302 165.376 -1.223
1939.651 108.417 2005.629 214.085 -1.225
2.588 935.503 58.434 1071.601 -1.225
867.625 1894.752 898.512 1944.000 -1.225
1857.644 332.241 1974.830 523.359 -1.227
1.000 390.638 141.077 669.909 -1.227
1519.721 61.674 1580.746 152.483 -1.227
873.845 1911.904 926.478 1934.585 -1.229
1572.181 235.254 1632.469 331.281 -1.229
1798.540 218.567 1875.103 339.841 -1.229
2229.023 138.164 2361.244 369.882 -1.229
2532.741 1315.086 2583.203 1371.282 -1.229
2041.704 74.067 2088.216 139.770 -1.230
2542.031 1246.983 2592.000 1426.262 -1.230
1488.609 58.068 1545.594 155.048 -1.232
1588.538 120.835 1658.985 225.807 -1.233
1392.613 118.774 1587.244 474.601 -1.233
719.421 1913.381 778.248 1939.172 -1.234
2041.914 1.000 2105.174 106.278 -1.235
1931.800 17.616 1982.281 95.896 -1.235
1415.770 70.685 1468.330 149.902 -1.235
2353.243 117.347 2402.608 180.907 -1.235
1769.338 397.309 1816.045 466.908 -1.236
2478.219 88.865 2582.872 243.917 -1.236
152.242 1896.503 220.469 1940.740 -1.236
2417.594 346.243 2507.079 491.406 -1.237
1813.669 212.117 1998.251 534.879 -1.238
894.698 1913.472 952.655 1942.739 -1.240
1741.111 8.824 1818.717 131.245 -1.240
1748.929 49.084 2324.062 1033.325 -1.241
2323.582 112.875 2457.672 312.148 -1.242
1583.788 169.690 1703.954 384.229 -1.242
2416.934 248.565 2504.780 395.053 -1.242
1.000 38.076 23.583 147.668 -1.245
2419.560 107.812 2548.425 301.247 -1.246
1425.040 1.000 1635.277 310.308 -1.249
2500.641 372.883 2565.674 470.535 -1.249
1.000 1052.324 141.717 1666.409 -1.255
2393.276 1.000 2442.462 94.998 -1.255
2447.345 1.000 2501.919 96.064 -1.256
2380.268 200.629 2506.054 429.733 -1.258
29.039 36.735 105.188 184.161 -1.259
1.796 767.337 46.415 868.695 -1.260
841.301 1893.904 870.506 1944.000 -1.261
2367.494 1.000 2416.538 93.534 -1.261
33.217 308.380 124.052 431.994 -1.263
1610.786 179.635 1791.697 510.892 -1.265
1662.265 28.188 1712.828 98.865 -1.268
881.906 1895.224 919.358 1944.000 -1.268
2293.727 174.753 2471.549 449.556 -1.269
2556.839 336.463 2592.000 492.242 -1.276
2512.221 14.815 2579.567 107.443 -1.277
2273.513 170.062 2541.878 614.643 -1.278
1521.564 129.126 1679.110 412.724 -1.278
1389.816 112.905 1717.365 583.058 -1.280
