2259.294 463.596 2297.740 544.890 -0.928
2515.089 249.873 2563.478 329.051 -0.964
587.717 1494.041 681.516 1600.483 -0.973
1195.699 681.336 1339.536 803.539 -0.991
1112.481 515.090 1409.048 721.522 -0.993
1723.144 1040.574 1938.587 1366.476 -1.004
1721.286 80.347 1916.242 216.168 -1.005
2182.959 459.511 2226.745 538.038 -1.012
1.000 851.990 85.887 930.240 -1.015
1429.798 381.727 1502.265 489.070 -1.018
1526.302 1700.796 1608.463 1809.941 -1.024
2068.290 736.727 2105.952 798.482 -1.025
2066.455 692.462 2293.037 1026.305 -1.032
2448.119 207.259 2512.253 307.389 -1.033
1772.071 745.154 1811.853 842.343 -1.034
1.000 1019.918 982.954 1881.768 -1.037
2327.237 749.578 2410.217 895.944 -1.044
2188.442 282.502 2225.687 341.664 -1.046
1761.332 1393.945 1844.999 1492.876 -1.047
1044.226 117.757 1239.240 245.382 -1.053
2410.838 481.630 2453.022 564.501 -1.053
2125.784 409.764 2188.742 527.234 -1.054
1851.467 432.984 1895.840 512.962 -1.061
56.870 1.000 93.502 75.999 -1.062
490.660 559.370 534.388 649.175 -1.063
64.974 410.110 124.671 545.716 -1.065
1769.265 840.403 1810.195 913.377 -1.066
1728.375 531.687 1899.436 666.175 -1.067
2522.443 762.008 2581.296 846.018 -1.068
1898.061 208.163 1958.280 257.727 -1.068
2093.343 459.037 2131.571 519.611 -1.068
2258.769 1453.442 2330.160 1561.504 -1.068
1685.527 936.235 1869.353 1108.691 -1.069
218.762 246.745 256.767 301.679 -1.071
1454.505 323.627 1529.533 391.644 -1.072
1200.586 1446.981 1263.272 1532.012 -1.076
1974.484 8.588 2048.389 59.068 -1.076
1698.067 1354.721 1755.784 1448.030 -1.078
1750.900 716.064 1819.902 837.694 -1.079
2065.274 1373.333 2122.512 1475.057 -1.079
2498.297 1647.635 2560.629 1749.990 -1.080
2307.153 475.339 2342.603 541.061 -1.082
2503.115 934.542 2549.889 978.083 -1.084
2227.207 413.198 2300.190 557.499 -1.085
1099.158 482.437 1592.841 804.689 -1.085
1151.320 1081.405 1646.319 1457.812 -1.088
33.261 183.708 105.762 244.933 -1.088
2261.850 711.195 2382.611 917.253 -1.089
378.810 550.632 477.876 643.011 -1.089
2041.023 451.080 2075.010 522.755 -1.089
1177.161 805.585 1503.525 1069.882 -1.090
1162.184 1413.969 1218.404 1504.334 -1.091
742.783 135.116 1070.996 426.095 -1.091
1505.635 742.101 1626.649 880.520 -1.091
637.411 421.973 719.069 494.147 -1.092
2181.802 222.432 2308.908 308.950 -1.093
778.758 427.736 1058.419 653.752 -1.094
624.298 706.464 827.650 910.479 -1.094
2486.723 926.627 2536.963 996.571 -1.096
1738.482 428.693 1774.564 490.967 -1.096
833.865 755.122 914.101 835.448 -1.099
