593.247 1613.224 659.761 1656.792 -0.908
447.733 1575.770 951.787 1910.561 -0.949
2030.731 1389.923 2134.792 1467.987 -0.973
2111.709 968.045 2171.798 1032.271 -0.979
2525.361 822.130 2584.814 888.343 -1.007
1375.356 1892.669 1453.088 1944.000 -1.020
2180.260 1885.454 2252.764 1944.000 -1.027
1150.147 1060.964 1240.260 1124.514 -1.034
1148.528 424.259 1778.957 858.217 -1.041
802.864 1917.755 879.186 1944.000 -1.045
1629.551 1835.999 1682.168 1877.775 -1.049
2029.273 1886.715 2114.539 1944.000 -1.049
186.041 1480.565 326.166 1570.609 -1.050
1.000 1584.756 984.045 1929.883 -1.070
756.229 863.524 824.015 916.279 -1.073
1800.005 1892.174 1858.693 1944.000 -1.075
574.740 1339.678 646.841 1381.699 -1.078
1.014 840.512 61.953 876.263 -1.079
783.327 1427.087 858.561 1480.485 -1.079
820.816 886.918 891.486 944.491 -1.081
2172.278 1760.279 2271.444 1846.217 -1.086
799.233 48.469 878.068 110.038 -1.087
1777.250 1784.051 1849.379 1836.986 -1.088
953.885 470.437 1016.360 523.167 -1.088
477.173 1365.201 567.453 1420.609 -1.089
2522.689 1887.244 2591.379 1944.000 -1.090
2371.894 1515.245 2456.606 1591.728 -1.093
1695.353 1795.484 1988.218 1944.000 -1.093
2202.658 1428.029 2257.088 1493.459 -1.093
2.008 1534.051 77.527 1570.110 -1.095
1453.118 1531.056 1571.988 1581.437 -1.096
2373.105 608.356 2425.438 675.129 -1.097
1936.742 1296.827 2027.172 1338.764 -1.098
1453.693 1767.303 1517.700 1813.581 -1.101
1024.382 1875.520 1124.279 1941.084 -1.101
880.363 1090.706 993.665 1163.875 -1.101
591.858 1511.941 724.391 1612.944 -1.101
1887.820 186.319 1956.751 250.822 -1.102
1297.859 1058.124 1361.526 1116.715 -1.102
2140.866 936.475 2251.281 1035.124 -1.106
2140.871 1782.045 2199.839 1837.229 -1.106
1649.024 970.870 1719.642 1035.065 -1.107
1205.162 1178.087 1265.777 1222.543 -1.110
967.176 1476.391 1018.353 1515.917 -1.111
358.247 1496.232 436.832 1549.378 -1.113
2245.771 1058.951 2324.761 1135.936 -1.114
499.499 1347.310 686.226 1453.575 -1.115
877.787 1510.177 939.036 1554.646 -1.117
102.521 1451.597 187.852 1509.112 -1.118
2397.800 1473.760 2469.464 1539.512 -1.119
904.486 1545.324 972.698 1591.169 -1.119
2424.324 1438.355 2477.524 1496.591 -1.121
62.304 854.705 161.708 919.586 -1.122
204.116 1125.804 1392.054 1882.969 -1.122
458.671 1.000 560.099 71.921 -1.122
313.448 1019.675 381.620 1058.132 -1.123
17.399 983.740 84.815 1023.946 -1.123
1039.195 401.685 1121.118 462.945 -1.128
1052.214 535.740 1110.708 583.371 -1.128
1465.729 1883.012 1545.977 1942.585 -1.130
30.476 935.725 106.429 975.138 -1.131
168.505 754.834 238.343 805.710 -1.132
938.620 1058.771 997.067 1100.822 -1.133
1987.017 28.463 2084.351 48.583 -1.133
1.000 1.000 2592.000 1795.912 -1.134
1594.191 1767.502 1694.863 1848.901 -1.137
2361.337 1859.464 2462.951 1944.000 -1.149
2074.657 1867.863 2150.319 1936.199 -1.158
1397.107 1765.940 1492.269 1840.358 -1.161
1164.176 1873.205 1265.248 1942.930 -1.165
1418.426 1860.958 1499.734 1915.666 -1.171
2321.746 1821.992 2407.042 1912.702 -1.173
2381.000 1755.046 2493.049 1849.014 -1.179
1110.212 1882.980 1173.973 1936.744 -1.180
2484.755 1861.315 2589.862 1944.000 -1.180
1609.719 1896.938 1666.329 1942.720 -1.182
1239.716 1876.385 1321.438 1942.182 -1.185
948.982 1900.695 1010.255 1941.320 -1.193
1481.174 1804.120 1539.972 1850.988 -1.194
2267.334 1870.972 2329.080 1935.520 -1.197
2313.317 1901.956 2356.878 1944.000 -1.204
1524.154 1903.534 1600.322 1944.000 -1.205
2278.236 1681.298 2592.000 1934.843 -1.210
1569.046 1898.509 1629.713 1944.000 -1.212
1531.870 1815.938 1591.948 1866.756 -1.215
1354.057 1791.879 1459.072 1865.791 -1.215
