1573.093 1414.402 1620.848 1474.477 -0.920
545.671 1551.969 707.424 1668.829 -0.931
314.414 1428.411 361.189 1485.596 -0.956
923.944 935.751 986.302 1003.243 -0.970
920.491 930.609 1003.802 1032.712 -0.978
2425.982 1864.380 2490.645 1928.719 -0.984
841.418 885.596 981.743 1038.823 -0.987
1714.580 1102.298 1905.515 1378.592 -1.003
1195.284 678.616 1371.401 800.734 -1.018
2159.232 958.691 2213.080 1024.668 -1.018
344.630 1498.906 419.784 1542.138 -1.024
2061.325 1636.798 2103.736 1684.802 -1.031
1303.433 1188.504 1530.916 1520.192 -1.035
1345.946 1582.700 1433.023 1629.530 -1.039
998.930 1393.198 1367.399 1675.632 -1.040
800.199 1349.782 927.433 1430.209 -1.042
1290.803 28.395 1370.515 86.961 -1.046
340.034 1469.096 465.563 1549.770 -1.047
1338.218 897.149 2476.249 1936.848 -1.047
1235.948 1709.908 1311.299 1749.644 -1.049
54.721 401.727 122.840 507.311 -1.052
31.405 1551.499 78.321 1621.757 -1.053
794.463 640.477 904.124 719.459 -1.058
1202.850 378.794 1301.117 439.623 -1.060
2468.973 1879.581 2565.373 1938.127 -1.063
1416.959 373.560 1503.483 474.613 -1.065
56.392 1471.974 180.649 1556.503 -1.065
1281.971 117.811 1538.570 307.291 -1.066
1.000 1620.412 49.888 1695.020 -1.066
2314.278 1.000 2383.394 48.916 -1.067
641.085 1377.627 713.838 1413.594 -1.068
2274.294 675.152 2351.340 722.733 -1.068
474.973 1384.744 542.883 1420.910 -1.070
2498.532 1019.679 2582.831 1073.245 -1.070
1658.599 180.837 1762.788 253.574 -1.070
629.093 893.680 697.717 933.879 -1.071
184.284 1485.472 356.989 1603.707 -1.071
973.256 1215.610 1046.522 1255.256 -1.071
1695.405 1.000 1787.538 65.495 -1.072
612.317 24.799 734.402 114.640 -1.073
2512.649 1075.330 2588.492 1119.226 -1.075
1212.020 1198.852 1279.924 1236.860 -1.075
1529.840 826.175 1587.813 869.218 -1.076
1272.850 523.152 1360.600 582.520 -1.076
984.024 1852.107 1057.536 1882.634 -1.076
15.368 412.571 99.760 544.421 -1.076
1428.198 327.836 1500.533 373.753 -1.078
1.000 964.413 87.698 1023.089 -1.080
768.017 1084.783 840.136 1125.142 -1.081
260.454 1135.114 349.660 1190.122 -1.082
818.722 1893.868 869.293 1944.000 -1.083
626.188 1773.002 689.021 1859.510 -1.083
10.900 695.387 171.595 834.133 -1.084
340.475 498.547 408.914 539.963 -1.084
568.168 404.984 653.837 460.034 -1.085
621.112 596.827 689.609 685.282 -1.086
470.975 1572.989 550.993 1689.785 -1.087
835.016 1880.227 972.587 1944.000 -1.087
1343.744 500.157 1429.724 548.462 -1.087
1.000 912.178 169.397 1030.178 -1.087
2045.655 18.217 2111.027 63.509 -1.088
2304.473 264.185 2352.221 318.859 -1.089
996.799 1899.872 1086.221 1944.000 -1.091
421.802 760.070 753.818 1017.101 -1.092
725.741 1528.288 806.825 1563.842 -1.092
2106.009 790.028 2176.112 827.554 -1.092
2001.274 165.093 2075.238 230.933 -1.092
892.687 1644.525 1018.470 1710.393 -1.093
1611.387 28.640 1696.020 80.964 -1.093
1524.826 401.591 1639.724 494.837 -1.093
655.325 450.730 708.196 502.035 -1.093
717.401 1540.900 820.421 1589.148 -1.094
514.486 704.781 603.540 755.316 -1.094
2129.049 630.426 2239.002 704.378 -1.095
69.158 1638.019 132.045 1681.455 -1.095
1235.562 978.961 1352.815 1055.028 -1.095
107.655 940.349 467.503 1180.833 -1.096
720.957 586.826 780.641 630.423 -1.096
1920.523 752.756 1963.850 800.634 -1.096
2518.530 1245.282 2581.627 1283.557 -1.097
524.142 1272.398 591.926 1309.565 -1.097
700.187 859.915 878.128 991.596 -1.097
1201.701 571.045 1364.652 663.228 -1.097
1724.907 746.763 1800.793 794.822 -1.098
684.191 992.051 795.011 1061.439 -1.098
2472.585 156.383 2545.216 208.696 -1.098
1614.455 729.885 1704.548 791.320 -1.098
421.112 21.305 916.455 437.182 -1.099
1078.705 223.400 1150.527 272.916 -1.099
1.000 1538.333 80.415 1594.701 -1.099
1044.712 1014.386 1167.418 1096.931 -1.099
700.528 1462.759 779.990 1500.404 -1.100
2296.005 623.334 2402.766 684.110 -1.100
809.802 467.465 1797.276 1210.944 -1.100
560.571 1391.188 619.283 1431.386 -1.102
1101.811 1316.214 1180.419 1376.634 -1.102
211.427 124.004 291.717 238.286 -1.103
446.250 985.988 546.424 1051.502 -1.104
577.775 1046.843 773.099 1186.875 -1.104
932.051 1816.670 1267.022 1944.000 -1.105
768.764 1283.858 837.410 1353.254 -1.106
2496.833 775.738 2584.356 827.775 -1.106
2198.065 697.525 2250.006 763.234 -1.106
1540.923 223.953 1613.277 271.668 -1.107
737.665 537.513 825.793 597.253 -1.108
1093.282 44.929 1167.750 95.903 -1.108
952.617 1534.335 1012.494 1572.739 -1.109
1.000 813.512 86.702 871.489 -1.109
1896.866 198.098 1961.071 244.425 -1.109
14.244 1364.021 96.165 1426.598 -1.110
1.000 1438.719 109.896 1502.733 -1.110
2014.435 94.892 2082.044 143.552 -1.111
319.124 1436.665 503.664 1581.329 -1.111
2178.580 847.846 2229.490 908.801 -1.112
2232.218 395.564 2293.732 468.841 -1.112
476.835 645.142 541.322 686.690 -1.112
37.483 1302.442 103.092 1339.692 -1.112
425.263 1277.463 502.183 1320.168 -1.113
85.293 1571.992 177.945 1623.503 -1.113
1300.618 1923.563 1368.601 1944.000 -1.114
548.890 1368.059 598.248 1437.547 -1.114
51.280 1410.790 132.989 1463.101 -1.114
1214.236 1301.064 1308.842 1368.157 -1.114
1257.815 340.046 1441.308 454.991 -1.115
816.156 1772.954 887.148 1815.224 -1.115
220.418 1739.590 319.501 1794.987 -1.116
953.370 1518.805 1016.110 1602.990 -1.116
2439.242 1466.237 2518.864 1512.986 -1.116
2129.925 238.086 2170.113 288.672 -1.116
2149.656 148.260 2221.642 199.508 -1.116
739.613 1923.540 803.173 1944.000 -1.116
247.233 1834.350 316.634 1873.636 -1.116
661.154 1794.491 746.903 1845.210 -1.116
2247.423 649.994 2356.456 727.006 -1.117
2511.318 1172.345 2578.783 1215.099 -1.117
224.236 792.705 537.763 1240.877 -1.117
1.000 1447.961 736.378 1922.353 -1.118
2024.377 563.322 2108.285 616.911 -1.118
759.997 1914.151 859.422 1944.000 -1.118
365.444 1228.023 466.592 1301.165 -1.118
1688.496 116.762 1759.841 177.379 -1.119
1172.938 1340.986 1246.136 1385.088 -1.119
1971.455 308.196 2040.923 355.275 -1.120
1071.577 396.117 1151.941 451.815 -1.121
1.000 1119.076 1837.202 1944.000 -1.121
2312.821 796.875 2363.394 861.006 -1.121
2481.319 666.867 2585.347 745.055 -1.122
1412.975 43.995 1482.452 94.342 -1.122
1004.902 23.236 1106.380 99.054 -1.122
2277.616 850.813 2378.868 942.190 -1.122
2437.653 940.649 2523.814 997.745 -1.122
1912.294 447.640 1961.798 510.211 -1.123
174.162 695.728 251.829 746.724 -1.123
2524.299 1697.583 2589.763 1729.788 -1.123
1883.889 525.241 2126.377 682.056 -1.124
2537.031 584.212 2592.000 629.552 -1.125
422.348 392.993 827.195 709.137 -1.126
1791.194 573.477 1869.153 610.417 -1.126
2532.497 839.097 2592.000 926.638 -1.127
1268.988 7.844 1327.151 84.843 -1.127
625.828 901.034 904.190 1087.009 -1.127
2125.086 225.801 2187.154 297.681 -1.128
847.085 63.671 1520.725 536.093 -1.128
134.516 752.713 229.122 821.677 -1.130
2348.074 662.692 2415.642 704.532 -1.130
1649.241 69.482 1777.962 147.817 -1.130
367.331 654.618 457.214 705.659 -1.130
1.000 841.677 39.251 932.007 -1.130
2328.065 1.000 2421.633 66.021 -1.130
2204.369 94.824 2290.916 153.151 -1.130
2266.319 455.318 2341.617 510.924 -1.130
1801.941 537.584 1930.142 621.941 -1.130
2454.532 1138.940 2553.232 1200.249 -1.131
2361.135 115.849 2426.520 166.192 -1.132
1.000 657.441 2592.000 1944.000 -1.132
1906.536 160.485 2004.747 223.579 -1.133
2191.549 626.005 2283.141 683.916 -1.133
2237.118 549.947 2343.173 616.266 -1.133
2213.212 137.073 2289.707 186.703 -1.136
2460.331 1.000 2538.782 49.927 -1.136
1.015 528.128 65.790 574.601 -1.136
2003.251 1.471 2091.213 64.994 -1.137
2222.173 506.117 2288.634 549.312 -1.138
1730.214 534.078 1865.868 632.547 -1.140
1832.170 3.329 1891.803 57.386 -1.140
2125.011 497.025 2196.446 543.095 -1.140
2411.624 349.116 2456.545 403.445 -1.141
2508.850 199.037 2582.730 247.645 -1.142
1600.695 348.220 1735.144 430.409 -1.143
1603.554 212.441 1674.193 263.454 -1.143
1789.664 72.631 1897.346 144.606 -1.143
2539.757 171.074 2592.000 233.067 -1.144
367.054 582.619 456.333 641.756 -1.144
2265.670 582.182 2392.718 671.818 -1.144
1756.204 179.711 1828.688 230.226 -1.144
1181.593 22.345 1286.169 89.023 -1.144
2229.898 2.439 2304.037 61.080 -1.146
1486.941 26.083 1564.536 78.486 -1.146
2153.747 3.032 2233.129 61.972 -1.146
1.000 222.168 123.883 316.327 -1.147
2089.254 190.976 2151.370 236.424 -1.147
2543.503 492.909 2590.184 545.909 -1.148
1726.610 122.350 1802.396 168.775 -1.149
2231.381 154.928 2309.651 207.801 -1.149
2081.171 91.129 2592.000 1161.265 -1.149
2186.657 1.000 2279.732 66.882 -1.149
1872.922 62.498 1934.158 109.689 -1.152
2014.962 476.380 2101.540 536.294 -1.152
1913.521 273.306 1964.810 336.046 -1.152
1894.437 1.000 1964.212 48.522 -1.152
1929.306 9.594 2007.898 68.588 -1.153
342.325 1.000 414.967 55.395 -1.154
371.097 209.645 457.645 274.872 -1.155
1380.658 1.000 1467.956 58.601 -1.155
1677.466 401.972 1744.217 455.430 -1.157
1836.660 217.734 1885.722 277.089 -1.158
2028.429 165.837 2130.726 241.277 -1.158
1837.564 1.000 1954.093 83.340 -1.159
1688.465 232.644 1756.532 281.219 -1.160
1722.793 424.340 1773.708 487.177 -1.160
1675.972 443.735 1745.791 486.253 -1.161
1514.598 1.000 1697.069 126.563 -1.162
1742.353 61.704 1931.563 202.037 -1.162
1978.628 327.381 2055.799 381.470 -1.163
311.540 32.122 375.707 81.009 -1.165
1928.578 389.422 2002.123 429.538 -1.166
1527.862 203.082 1577.491 264.314 -1.167
1317.648 1.000 2187.753 610.536 -1.168
2268.704 1.000 2341.411 52.476 -1.170
613.826 312.653 1070.564 677.971 -1.171
322.623 242.469 396.040 288.817 -1.171
1028.334 1.000 1164.094 102.526 -1.172
326.177 196.089 403.007 255.807 -1.172
