1700.181 535.538 1876.171 622.959 -0.887
1715.871 498.323 1826.099 516.798 -0.900
137.489 1081.717 2592.000 1844.443 -0.917
61.760 811.244 659.851 1037.851 -0.934
2087.993 1898.918 2245.486 1939.029 -0.961
367.934 568.207 478.387 622.749 -0.973
1357.563 1910.256 1471.846 1938.012 -0.986
2154.654 235.679 2258.161 259.477 -0.996
2286.886 1907.588 2438.600 1937.299 -1.003
267.018 714.411 389.266 755.044 -1.013
1206.240 800.108 1348.545 865.899 -1.015
1.000 835.094 97.869 869.263 -1.021
1432.566 466.956 1555.902 493.367 -1.023
1438.561 712.018 1635.508 757.044 -1.024
1752.959 4.403 1869.442 57.360 -1.027
722.563 1906.436 920.770 1944.000 -1.028
2142.859 676.651 2287.015 700.960 -1.028
1.000 949.656 804.484 1232.586 -1.035
1383.132 889.164 1522.957 925.653 -1.035
1988.360 1917.904 2160.511 1944.000 -1.035
1.000 1511.462 206.189 1574.374 -1.037
1155.304 286.713 1275.913 314.302 -1.038
2206.544 1022.806 2332.445 1044.602 -1.039
1200.695 493.843 1317.993 523.930 -1.041
1225.670 1049.128 1351.572 1081.891 -1.042
1757.122 1879.019 1962.749 1933.119 -1.042
1725.642 90.865 1891.945 141.013 -1.044
1530.427 1895.484 1679.378 1934.825 -1.045
22.384 1733.442 133.441 1773.292 -1.046
1168.393 316.614 1275.757 340.423 -1.046
2265.728 616.557 2578.148 705.426 -1.047
1496.451 875.053 1619.652 918.138 -1.051
1254.432 360.005 1411.104 440.572 -1.052
11.004 761.768 182.624 819.815 -1.053
1339.342 880.958 1471.487 911.949 -1.055
19.459 1280.941 166.990 1331.380 -1.056
1359.800 274.972 1471.839 300.763 -1.060
2019.468 979.344 2211.640 1016.896 -1.065
1664.817 959.709 1809.825 992.130 -1.065
433.823 1825.708 578.939 1870.468 -1.065
897.997 1883.276 1057.932 1944.000 -1.067
1910.992 533.463 2043.361 558.746 -1.069
2068.639 960.136 2224.749 990.618 -1.071
862.760 889.043 1012.812 921.044 -1.071
625.931 641.273 779.214 693.044 -1.076
1221.486 954.444 1338.699 988.938 -1.077
1223.744 796.115 1466.001 866.141 -1.078
1158.807 578.002 1273.083 604.179 -1.078
788.268 680.250 952.689 720.800 -1.079
1833.524 1843.259 1954.151 1865.548 -1.079
3.631 1210.817 182.280 1261.286 -1.081
1943.526 569.363 2068.959 592.536 -1.081
2196.648 1026.206 2335.995 1081.567 -1.082
846.950 412.274 1015.374 445.669 -1.083
1200.364 721.279 1346.536 797.181 -1.083
1115.619 519.132 1237.387 549.455 -1.083
363.853 695.330 501.480 736.773 -1.083
1186.789 849.994 1325.738 882.833 -1.084
602.351 134.704 761.219 184.838 -1.084
471.109 353.595 600.712 391.215 -1.085
328.579 22.127 434.149 51.242 -1.085
1304.173 500.410 1476.561 560.686 -1.085
2098.540 503.020 2208.515 545.441 -1.088
1200.910 527.127 1346.018 563.035 -1.088
1.000 222.197 1474.539 704.962 -1.089
1074.165 122.411 1218.450 156.730 -1.089
1504.964 470.048 1637.028 499.131 -1.090
1859.627 558.880 1994.073 590.880 -1.091
302.300 727.813 424.631 767.945 -1.091
1676.967 961.076 1871.129 1014.393 -1.091
18.019 650.205 368.123 789.388 -1.093
1867.934 1007.523 1995.780 1035.890 -1.095
315.266 199.645 419.136 228.019 -1.095
1910.394 938.924 2287.876 1034.195 -1.095
1180.984 1903.881 1319.236 1940.779 -1.095
855.082 702.404 1118.990 788.555 -1.095
1.000 729.550 1046.795 1080.114 -1.098
481.130 76.256 589.859 105.240 -1.100
1426.148 9.174 1558.313 42.355 -1.101
2089.345 971.396 2525.048 1102.150 -1.102
2097.150 81.889 2210.041 100.043 -1.103
1856.006 1910.984 2016.220 1944.000 -1.105
2400.704 571.259 2563.317 602.357 -1.105
2094.235 556.831 2240.974 576.706 -1.105
1.000 425.017 2042.448 1124.107 -1.105
2038.682 576.640 2200.113 618.681 -1.106
1625.169 1791.731 2358.472 1944.000 -1.106
590.918 1.000 1009.624 141.708 -1.106
2414.886 61.049 2556.741 81.064 -1.108
966.631 1764.427 1525.032 1939.204 -1.108
2420.531 191.314 2551.364 217.968 -1.111
2163.263 541.531 2275.184 556.228 -1.112
2400.094 916.164 2514.911 934.344 -1.115
911.921 529.914 2584.922 1505.622 -1.115
1158.801 112.288 1293.347 147.355 -1.116
67.213 1433.622 178.567 1469.615 -1.117
1866.010 111.769 2178.958 219.534 -1.119
1032.201 1.000 1151.823 25.646 -1.119
172.399 1877.888 342.188 1932.646 -1.119
1961.023 82.990 2075.303 103.654 -1.121
339.429 1836.906 503.256 1881.206 -1.122
2438.362 32.018 2545.852 50.967 -1.122
2432.946 1904.812 2583.403 1934.418 -1.123
1822.620 12.832 1965.975 42.210 -1.124
1972.909 1.000 2078.959 26.389 -1.126
1336.361 126.175 1514.150 182.674 -1.128
2302.397 66.910 2434.978 88.899 -1.128
1961.276 11.406 2108.854 45.749 -1.129
1645.956 11.667 1773.886 37.634 -1.129
2237.556 69.338 2362.067 90.099 -1.130
591.241 186.469 736.205 222.947 -1.133
1472.784 105.297 1577.053 127.025 -1.133
1497.206 117.902 1649.230 157.364 -1.134
2326.396 98.911 2437.589 121.789 -1.134
2302.721 1866.625 2575.938 1931.015 -1.136
41.126 1302.662 189.945 1355.557 -1.137
9.965 1600.197 135.152 1644.367 -1.137
1354.255 3.781 1446.994 49.155 -1.138
710.721 1849.038 995.939 1938.435 -1.138
860.465 138.775 997.874 182.719 -1.139
1395.663 104.920 1507.364 127.051 -1.140
1.000 141.207 2592.000 1885.004 -1.142
626.618 1907.866 792.382 1944.000 -1.143
2275.591 6.071 2395.826 33.901 -1.145
2156.887 82.845 2281.841 98.801 -1.146
429.150 4.640 595.956 60.049 -1.146
1455.876 1878.635 1620.192 1942.810 -1.147
1143.155 1.000 1250.839 22.963 -1.148
2438.806 91.953 2567.533 118.911 -1.148
2021.201 78.357 2147.358 102.656 -1.151
413.105 1870.431 526.423 1905.348 -1.153
970.390 7.811 1080.839 37.153 -1.154
332.940 34.045 449.523 70.618 -1.155
1526.281 1.000 1707.174 43.610 -1.155
1474.367 1.000 1624.554 75.699 -1.156
2146.402 6.003 2250.700 24.187 -1.157
2239.414 102.597 2396.524 133.084 -1.158
1236.316 25.127 1344.351 51.071 -1.159
2207.922 15.096 2335.945 34.750 -1.161
19.961 1868.698 169.847 1916.445 -1.163
