2562.653 1274.921 2592.000 1329.528 -0.292
1.000 287.279 22.284 358.585 -0.324
1.000 516.178 22.999 595.513 -0.325
2551.138 1404.740 2592.000 1485.017 -0.335
2569.782 46.302 2592.000 79.635 -0.337
2572.611 759.972 2592.000 807.210 -0.345
2555.961 777.796 2592.000 858.522 -0.345
2521.983 1430.139 2592.000 1592.582 -0.349
2567.504 1229.457 2592.000 1279.767 -0.354
981.580 1153.109 2049.228 1944.000 -0.357
2556.674 1071.025 2592.000 1159.355 -0.358
2563.287 573.096 2592.000 616.344 -0.360
1.000 278.998 39.745 417.581 -0.362
2543.360 1239.167 2592.000 1337.599 -0.362
2505.163 1518.946 2592.000 1701.254 -0.363
1.000 1.000 34.176 27.523 -0.363
2555.008 1881.374 2592.000 1944.000 -0.364
1.000 1399.146 419.078 1944.000 -0.364
2560.620 1300.482 2592.000 1396.943 -0.365
2525.921 1334.550 2592.000 1487.928 -0.365
2486.376 1186.079 2592.000 1500.752 -0.366
607.969 1846.386 743.452 1944.000 -0.372
2564.827 44.917 2592.000 115.482 -0.373
2509.869 47.510 2592.000 366.364 -0.375
2558.175 574.970 2592.000 648.754 -0.376
2449.131 1777.271 2592.000 1944.000 -0.382
2572.820 882.600 2592.000 921.310 -0.382
1.000 378.254 33.272 486.362 -0.382
1.000 111.486 23.980 206.459 -0.383
1.000 944.567 35.817 1061.582 -0.383
1.000 57.912 27.309 112.330 -0.387
2150.111 1132.382 2592.000 1944.000 -0.389
1.000 210.973 20.573 285.242 -0.389
1.000 1.000 34.534 67.235 -0.392
1.000 1.000 81.722 75.263 -0.393
242.055 1.000 293.745 21.888 -0.393
2538.670 765.977 2592.000 898.064 -0.393
1.000 392.843 396.314 1710.292 -0.394
2577.734 501.952 2592.000 508.473 -0.397
2574.159 501.329 2592.000 516.872 -0.399
1.000 1.000 123.868 100.611 -0.401
2562.344 371.850 2592.000 432.365 -0.401
1.000 1.000 601.393 911.095 -0.402
2575.003 517.837 2592.000 530.721 -0.406
2553.749 465.682 2592.000 526.718 -0.406
558.361 1872.179 636.667 1944.000 -0.407
740.774 1786.639 985.478 1944.000 -0.409
1873.834 301.387 2592.000 1865.173 -0.410
2568.446 17.399 2592.000 12.130 -0.411
1.000 385.899 734.311 1944.000 -0.413
2573.180 72.113 2592.000 70.676 -0.414
2579.177 237.424 2592.000 234.560 -0.414
2570.748 81.768 2592.000 74.409 -0.416
1.000 1.000 1092.941 1160.228 -0.416
2428.358 40.797 2592.000 486.523 -0.418
874.538 1.000 1461.343 332.617 -0.418
2576.322 16.679 2592.000 11.713 -0.425
2575.552 19.271 2592.000 9.993 -0.426
2574.558 73.590 2592.000 65.963 -0.427
2579.145 4.466 2592.000 10.693 -0.432
2565.364 14.554 2592.000 13.994 -0.433
638.821 1822.344 833.605 1944.000 -0.436
2578.037 14.931 2592.000 14.381 -0.438
279.234 1027.777 2337.402 1944.000 -0.440
2137.091 1.000 2592.000 394.538 -0.441
2578.852 213.303 2592.000 206.699 -0.444
2578.965 74.522 2592.000 61.410 -0.447
2579.266 83.910 2592.000 73.544 -0.451
2576.767 75.615 2592.000 71.749 -0.453
2576.093 99.494 2592.000 97.043 -0.453
2579.733 22.392 2592.000 11.435 -0.458
2576.451 10.771 2592.000 6.997 -0.460
1487.266 1.000 2592.000 1045.816 -0.461
2577.028 52.636 2592.000 49.058 -0.464
2579.079 224.652 2592.000 219.342 -0.466
2580.467 97.537 2592.000 90.229 -0.468
2579.741 14.639 2592.000 3.337 -0.468
2580.983 42.405 2592.000 35.728 -0.472
2576.094 65.594 2592.000 62.391 -0.473
2569.573 18.271 2592.000 9.191 -0.474
2579.788 67.186 2592.000 58.635 -0.475
2578.976 317.687 2592.000 316.513 -0.476
2575.753 48.810 2592.000 43.056 -0.477
2573.613 8.042 2592.000 5.885 -0.479
2579.603 176.678 2592.000 172.919 -0.479
2571.802 12.441 2592.000 -6.128 -0.482
2575.159 211.711 2592.000 210.455 -0.484
2580.926 50.515 2592.000 44.723 -0.485
2574.753 188.065 2592.000 182.846 -0.486
2580.428 60.318 2592.000 50.678 -0.486
2578.895 189.450 2592.000 182.386 -0.487
2572.999 20.701 2592.000 10.392 -0.487
2576.804 42.377 2592.000 37.034 -0.488
2576.751 51.515 2592.000 46.215 -0.492
2567.409 10.167 2592.000 -4.985 -0.494
2578.586 324.341 2592.000 321.919 -0.494
2577.090 69.694 2592.000 67.418 -0.496
2575.700 89.597 2592.000 83.643 -0.498
2581.630 35.953 2592.000 27.342 -0.501
2578.723 170.470 2592.000 160.007 -0.503
2579.111 246.544 2592.000 243.146 -0.503
2573.149 249.925 2592.000 247.803 -0.507
2568.545 251.570 2592.000 247.302 -0.511
2576.714 84.752 2592.000 80.930 -0.512
2581.182 29.061 2592.000 17.062 -0.512
2575.767 191.500 2592.000 187.548 -0.513
2570.285 50.753 2592.000 48.036 -0.514
2578.409 92.434 2592.000 76.359 -0.515
2577.529 369.290 2592.000 367.245 -0.516
2579.579 161.945 2592.000 157.192 -0.517
2579.121 185.887 2592.000 178.854 -0.520
2573.575 88.324 2592.000 74.365 -0.522
2575.251 149.509 2592.000 145.225 -0.522
2579.280 129.477 2592.000 121.213 -0.525
2579.611 198.749 2592.000 197.172 -0.525
2574.634 28.407 2592.000 13.010 -0.528
2579.762 120.268 2592.000 115.278 -0.529
2575.377 25.106 2592.000 14.901 -0.534
1146.390 1.000 1749.385 416.475 -0.535
2568.787 26.126 2592.000 16.979 -0.535
2578.380 277.622 2592.000 276.313 -0.536
2579.622 108.268 2592.000 100.529 -0.536
2575.024 41.896 2592.000 36.204 -0.537
2535.662 4.192 2584.069 1.730 -0.539
2574.897 57.335 2592.000 45.871 -0.541
2540.781 6.843 2585.514 0.149 -0.541
2041.358 2.073 2089.624 0.969 -0.542
2576.249 158.167 2592.000 155.674 -0.543
2577.530 331.297 2592.000 327.226 -0.545
2579.078 254.475 2592.000 251.692 -0.545
2570.456 26.754 2592.000 12.764 -0.546
2565.489 259.274 2592.000 255.568 -0.550
2170.358 5.816 2217.804 0.312 -0.550
2564.351 23.586 2592.000 17.411 -0.553
2579.196 154.102 2592.000 145.995 -0.553
2576.190 94.176 2592.000 87.750 -0.556
2579.658 206.561 2592.000 203.944 -0.557
2579.198 116.110 2592.000 105.975 -0.563
2569.744 42.160 2592.000 39.904 -0.564
2176.369 9.243 2222.990 0.411 -0.565
2578.595 301.676 2592.000 297.647 -0.567
2578.765 146.616 2592.000 135.694 -0.568
2540.473 11.666 2584.736 2.855 -0.568
2576.187 143.650 2592.000 138.861 -0.569
2526.083 7.507 2571.351 5.986 -0.569
2575.566 161.254 2592.000 159.087 -0.569
2575.212 127.201 2592.000 121.850 -0.570
2573.033 27.673 2592.000 13.749 -0.570
2572.047 291.340 2592.000 289.845 -0.572
2567.413 256.888 2592.000 251.305 -0.573
1712.006 1.263 1755.209 -2.091 -0.575
1163.161 352.415 2592.000 1944.000 -0.576
2581.911 136.831 2592.000 135.711 -0.580
2575.609 165.699 2592.000 164.540 -0.581
2571.512 370.147 2592.000 368.210 -0.585
650.497 1.000 1786.561 553.001 -0.586
2575.645 107.136 2592.000 103.254 -0.586
2516.765 8.020 2559.388 5.455 -0.586
2575.451 110.675 2592.000 105.460 -0.587
2248.081 6.447 2297.574 0.825 -0.587
2576.262 36.456 2592.000 26.539 -0.588
2534.495 6.513 2578.750 -0.696 -0.589
2258.719 3.069 2302.826 -2.735 -0.590
2386.626 3.646 2439.705 -0.835 -0.591
2573.236 48.454 2592.000 42.676 -0.593
2564.987 12.296 2592.000 -6.233 -0.593
2570.626 82.607 2592.000 78.149 -0.594
2325.666 6.805 2371.793 -0.578 -0.595
2560.759 7.125 2592.000 -2.895 -0.596
2176.753 8.663 2227.543 0.139 -0.596
2412.368 10.160 2450.186 2.567 -0.602
2549.519 9.074 2589.244 0.457 -0.605
2000.316 6.556 2046.584 0.592 -0.606
2177.586 4.320 2229.807 -0.682 -0.607
1921.285 1.000 1968.143 -0.289 -0.609
2203.123 8.262 2245.758 4.170 -0.610
2575.759 102.130 2592.000 98.822 -0.610
2270.065 4.271 2307.997 -2.580 -0.615
2292.055 7.190 2333.072 -2.879 -0.615
2508.413 10.037 2550.898 7.337 -0.616
2576.625 127.128 2592.000 124.826 -0.616
364.610 1.000 2412.742 1282.075 -0.617
2572.318 190.413 2592.000 186.491 -0.617
2274.934 8.719 2315.001 4.368 -0.617
2568.496 250.885 2592.000 249.523 -0.618
2273.657 6.885 2320.593 -2.480 -0.619
2293.022 4.459 2336.558 -2.525 -0.619
2254.212 3.993 2294.513 0.434 -0.620
2403.770 7.367 2455.769 6.340 -0.621
1723.870 1.000 1772.640 -0.209 -0.622
2575.594 143.920 2592.000 139.991 -0.622
2156.481 5.078 2212.143 3.409 -0.622
2472.031 10.025 2523.087 -2.649 -0.623
2313.565 4.340 2371.008 -3.851 -0.624
2317.157 8.896 2364.790 -2.105 -0.624
2568.025 260.891 2592.000 250.716 -0.625
2575.794 33.126 2592.000 26.412 -0.625
1.000 384.312 1617.280 1944.000 -0.625
2171.639 5.799 2213.184 -0.069 -0.625
1520.070 1.000 1564.928 -0.173 -0.627
2453.206 9.537 2504.520 3.798 -0.627
1928.668 4.516 1974.440 3.388 -0.627
2298.685 6.311 2339.431 -1.622 -0.628
1995.016 1.977 2036.884 -0.129 -0.629
2416.099 10.424 2460.057 -6.139 -0.631
2547.602 10.688 2592.000 -3.641 -0.632
2256.801 10.194 2300.625 0.312 -0.632
2373.776 3.865 2435.019 -2.634 -0.632
2573.496 298.010 2592.000 295.471 -0.633
1732.727 1.000 1787.484 -0.039 -0.635
1718.733 1.000 1766.354 -0.325 -0.636
2453.587 10.199 2496.932 3.528 -0.636
2336.939 2.263 2389.165 -1.339 -0.636
2526.595 14.583 2571.420 10.834 -0.639
2381.168 6.623 2421.515 1.547 -0.640
2570.973 32.867 2592.000 23.739 -0.640
2575.627 112.201 2592.000 108.326 -0.642
2565.133 361.237 2592.000 357.006 -0.642
2240.315 4.978 2284.393 -3.680 -0.643
2464.524 6.415 2514.557 4.469 -0.643
2516.838 10.774 2556.969 4.431 -0.645
2517.276 15.096 2559.458 10.304 -0.646
2451.665 7.241 2507.104 5.557 -0.646
2320.666 12.858 2364.959 -2.475 -0.647
2464.117 9.610 2515.121 -5.492 -0.647
2333.120 6.866 2378.255 -4.599 -0.648
2185.098 6.106 2229.112 -2.737 -0.648
2236.651 4.051 2278.163 0.463 -0.652
2395.041 10.529 2436.263 5.159 -0.653
2540.873 11.167 2580.952 4.227 -0.653
2432.869 13.920 2477.384 -3.898 -0.654
2440.996 13.495 2483.599 -2.065 -0.655
2470.852 2.252 2528.506 -1.332 -0.656
2238.163 1.000 2304.519 -0.245 -0.657
2410.677 9.459 2455.986 -3.950 -0.657
2572.024 105.958 2592.000 100.917 -0.659
2562.184 261.657 2592.000 253.345 -0.660
2163.968 6.870 2201.858 5.148 -0.660
2567.571 302.831 2592.000 301.610 -0.661
2042.459 3.914 2085.967 -0.124 -0.662
2243.334 6.813 2284.205 -1.773 -0.663
2176.040 1.021 2232.978 0.010 -0.663
2444.230 13.561 2490.370 6.901 -0.663
2534.577 9.353 2573.812 -1.482 -0.663
2562.180 13.665 2592.000 9.657 -0.663
1835.218 1.000 1883.408 -2.465 -0.664
2215.106 4.751 2259.665 1.598 -0.664
2342.458 3.963 2404.798 -1.375 -0.665
2264.357 6.069 2310.680 2.659 -0.665
2454.568 15.799 2499.617 -6.675 -0.665
1887.324 5.401 1932.883 -2.197 -0.666
2225.181 4.381 2275.171 0.048 -0.666
1945.518 2.792 1995.564 -2.726 -0.666
2563.505 347.755 2592.000 346.603 -0.667
2421.481 6.951 2467.555 -4.245 -0.667
2010.811 1.485 2052.688 -0.206 -0.668
2129.993 6.808 2174.110 2.360 -0.668
2386.796 10.087 2425.842 2.664 -0.668
2369.847 9.150 2420.028 -6.087 -0.668
2361.119 8.321 2413.692 -4.755 -0.670
2566.672 18.400 2592.000 3.405 -0.670
2327.206 5.044 2377.955 1.627 -0.670
2344.590 1.291 2397.853 -3.056 -0.671
2105.444 6.233 2149.215 -2.155 -0.671
2508.924 17.113 2550.968 12.185 -0.671
2094.627 3.604 2149.202 -2.162 -0.672
2235.001 3.311 2277.963 -0.730 -0.672
2356.806 7.574 2396.302 -2.559 -0.673
2370.501 11.710 2412.907 -0.534 -0.673
2354.601 5.137 2396.167 1.535 -0.674
2083.362 5.432 2124.895 0.808 -0.674
2511.779 9.089 2557.615 6.367 -0.674
2353.815 2.883 2410.884 -3.674 -0.675
2434.920 12.186 2481.932 2.827 -0.676
2388.728 8.772 2441.242 -4.990 -0.676
2300.243 2.365 2349.720 -3.321 -0.676
2492.653 7.256 2534.071 5.790 -0.678
2328.158 10.509 2371.801 -4.981 -0.678
1915.716 1.000 1959.731 -1.291 -0.678
2374.538 6.817 2429.266 -3.068 -0.678
2321.759 1.000 2378.477 -5.012 -0.680
2305.774 8.737 2349.577 -4.327 -0.681
2307.930 5.195 2358.572 -1.586 -0.681
2525.491 11.068 2567.626 5.395 -0.683
2460.348 11.548 2507.955 -7.409 -0.686
2103.697 3.137 2147.712 1.134 -0.686
2393.724 11.542 2437.022 0.808 -0.687
2344.397 5.260 2394.064 -2.760 -0.688
2143.934 6.354 2191.554 2.648 -0.688
2468.968 9.409 2508.223 -3.513 -0.689
2279.645 1.035 2338.924 -0.236 -0.689
2298.179 6.494 2348.147 -3.015 -0.690
2280.892 11.128 2328.891 1.085 -0.690
1886.555 1.275 1935.805 -0.120 -0.693
1586.524 1.000 1625.482 -0.042 -0.694
2223.171 5.759 2282.074 -1.152 -0.694
2383.836 10.690 2431.250 -3.107 -0.696
2560.623 251.066 2592.000 246.765 -0.696
2477.765 14.544 2523.694 3.466 -0.697
2315.698 9.233 2356.731 -1.168 -0.698
1903.728 1.556 1952.941 -0.266 -0.698
2379.572 7.734 2432.637 -5.450 -0.700
2342.438 6.353 2390.218 -4.068 -0.700
2137.721 3.197 2180.827 0.038 -0.701
2088.714 6.113 2131.468 3.176 -0.701
2451.376 13.129 2490.558 3.278 -0.701
2262.785 3.990 2313.673 2.175 -0.702
2326.292 4.222 2382.867 1.382 -0.702
2535.775 14.533 2575.824 9.469 -0.702
2282.193 4.851 2331.768 -1.276 -0.703
2222.758 6.203 2272.864 2.212 -0.704
2281.641 2.396 2332.413 -0.182 -0.706
2000.534 2.047 2046.800 -0.027 -0.708
2090.378 1.000 2150.683 -0.064 -0.709
1841.321 3.148 1885.978 1.312 -0.709
2274.502 3.303 2324.307 1.420 -0.710
2559.627 18.453 2592.000 8.582 -0.710
2295.912 3.538 2350.061 0.364 -0.711
2429.605 8.348 2469.906 2.697 -0.711
2558.652 8.974 2592.000 -2.155 -0.712
2510.355 9.803 2550.712 -3.989 -0.713
2519.530 14.835 2558.446 11.927 -0.713
2469.666 11.034 2519.917 -6.879 -0.717
2119.943 4.456 2167.735 3.348 -0.718
2503.777 8.563 2539.739 6.744 -0.718
1884.043 1.000 1925.367 -0.910 -0.718
2368.511 9.163 2413.554 0.061 -0.720
2547.865 17.448 2589.153 8.106 -0.722
2566.684 79.340 2592.000 77.642 -0.723
2562.625 238.085 2592.000 235.514 -0.724
2558.003 41.199 2592.000 39.141 -0.725
2378.888 5.864 2422.240 -3.256 -0.727
2341.614 7.135 2378.917 2.879 -0.733
2527.076 16.400 2568.398 11.405 -0.736
2541.857 15.564 2579.563 8.736 -0.741
1956.635 1.000 2000.487 -2.074 -0.741
2309.914 7.319 2355.492 2.969 -0.742
1825.217 2.482 1874.531 -0.699 -0.746
2459.444 17.926 2502.501 12.840 -0.746
2482.618 12.019 2524.082 1.263 -0.747
2567.478 41.482 2592.000 33.000 -0.750
2565.255 391.489 2592.000 387.433 -0.759
2400.278 14.949 2451.373 12.424 -0.759
2564.346 277.675 2592.000 271.346 -0.761
2470.827 15.054 2519.080 -10.177 -0.763
2347.077 8.624 2390.631 1.726 -0.778
2563.600 283.278 2592.000 280.654 -0.779
2566.672 48.223 2592.000 35.755 -0.780
2478.007 16.582 2519.573 10.668 -0.780
2485.833 15.689 2524.709 11.751 -0.782
2565.571 298.472 2592.000 296.722 -0.783
2562.904 294.224 2592.000 284.505 -0.788
2489.887 13.583 2531.545 -5.767 -0.790
2562.045 77.576 2592.000 75.330 -0.800
2566.970 65.618 2592.000 60.585 -0.802
2547.393 283.509 2590.442 279.243 -0.804
2505.508 9.478 2581.815 5.404 -0.805
2558.096 77.805 2592.000 76.030 -0.807
2389.050 15.820 2429.855 7.674 -0.808
2563.089 22.494 2592.000 19.401 -0.808
2566.502 264.800 2592.000 260.530 -0.810
2560.163 50.876 2592.000 46.806 -0.810
2547.861 13.751 2592.000 12.734 -0.811
2479.884 17.632 2556.644 16.539 -0.814
2404.910 16.117 2445.139 11.696 -0.815
2556.977 71.895 2592.000 70.743 -0.819
2500.163 17.600 2541.612 10.074 -0.822
2557.403 78.733 2592.000 68.221 -0.822
2561.396 51.058 2592.000 39.098 -0.825
2470.526 15.533 2505.675 9.813 -0.825
2565.831 25.991 2592.000 16.266 -0.827
2531.967 36.938 2592.000 33.326 -0.830
2566.962 33.855 2592.000 24.748 -0.838
2495.683 15.969 2534.145 12.540 -0.838
2211.523 13.739 2255.746 10.285 -0.839
2568.447 85.142 2592.000 76.655 -0.841
2526.512 50.354 2587.416 34.486 -0.844
2519.156 39.085 2585.499 30.558 -0.852
2542.046 280.273 2590.084 273.062 -0.853
2172.180 10.934 2216.725 8.791 -0.856
2563.657 22.481 2592.000 11.836 -0.858
2542.984 338.962 2592.000 329.045 -0.863
2365.505 15.555 2402.892 12.900 -0.865
2558.569 18.017 2592.000 8.441 -0.865
2355.425 16.388 2397.013 8.308 -0.867
2452.232 259.562 2501.352 252.227 -0.868
2545.895 292.899 2592.000 284.638 -0.874
2561.230 34.086 2592.000 25.904 -0.874
2558.325 59.876 2592.000 46.269 -0.879
2543.648 46.630 2592.000 41.655 -0.881
2368.592 16.648 2415.028 15.275 -0.881
2378.912 19.760 2421.947 8.586 -0.882
2505.448 36.686 2576.905 32.968 -0.882
2404.739 50.471 2476.980 44.522 -0.883
2566.923 102.415 2592.000 98.200 -0.884
2546.804 267.860 2591.005 266.044 -0.885
2518.803 574.144 2577.403 572.972 -0.887
2171.400 92.331 2215.525 90.034 -0.891
2561.451 82.875 2592.000 75.777 -0.891
2535.923 50.079 2589.482 47.537 -0.893
2372.662 15.395 2413.692 13.287 -0.894
2004.552 97.662 2058.491 95.083 -0.896
2199.696 10.902 2247.517 6.578 -0.898
2566.756 58.055 2592.000 45.291 -0.900
2565.213 220.765 2592.000 214.585 -0.900
2565.625 95.955 2592.000 92.703 -0.901
2419.554 26.961 2467.544 14.302 -0.905
2369.360 268.613 2424.693 266.662 -0.906
2248.312 20.509 2289.978 9.582 -0.909
2361.723 246.765 2419.245 235.454 -0.911
2568.971 110.582 2592.000 99.869 -0.911
2558.630 102.031 2592.000 95.743 -0.913
2236.872 90.716 2291.497 87.657 -0.914
2429.215 50.793 2508.485 47.287 -0.917
2175.881 93.244 2226.481 90.547 -0.918
2501.294 49.156 2561.010 37.226 -0.919
2535.250 35.646 2592.000 32.910 -0.920
2428.369 59.579 2487.611 49.178 -0.924
1829.368 75.896 1881.566 72.978 -0.924
2509.249 38.267 2571.947 28.206 -0.924
2469.097 30.232 2521.783 16.654 -0.925
2151.764 15.268 2202.348 7.284 -0.926
2338.116 289.891 2383.276 287.018 -0.926
2127.277 12.905 2176.617 11.637 -0.927
2416.773 25.437 2472.209 22.491 -0.928
2447.687 300.790 2497.858 298.556 -0.929
2406.467 214.920 2469.961 210.562 -0.929
2536.154 269.371 2586.130 266.776 -0.931
2535.661 268.054 2589.621 265.426 -0.931
2439.227 52.841 2509.344 43.475 -0.932
2559.123 87.849 2592.000 74.083 -0.935
2190.530 57.950 2262.480 56.410 -0.935
2208.496 93.277 2263.396 90.015 -0.935
2451.126 368.423 2498.516 366.379 -0.936
2568.190 150.986 2592.000 141.930 -0.937
2219.023 90.357 2270.765 88.848 -0.938
2550.368 347.727 2592.000 343.897 -0.938
2428.032 32.300 2485.608 15.633 -0.939
2392.540 51.129 2464.359 45.787 -0.939
1514.590 90.840 1564.610 89.548 -0.941
2318.388 47.246 2379.165 39.376 -0.942
2408.202 25.534 2460.599 23.279 -0.944
2437.341 62.983 2484.371 47.939 -0.947
2379.597 28.756 2446.458 23.947 -0.948
2339.959 53.730 2403.586 43.531 -0.948
2389.782 25.731 2444.088 21.533 -0.948
2510.050 49.893 2570.597 36.971 -0.950
2029.665 97.477 2080.706 95.101 -0.950
2498.809 51.564 2565.263 39.627 -0.950
2484.591 39.587 2549.317 27.815 -0.951
2513.686 52.932 2566.308 47.185 -0.951
2313.293 47.522 2378.508 38.227 -0.951
2420.417 87.058 2465.957 83.512 -0.951
2539.720 285.100 2582.627 280.367 -0.952
2518.306 48.651 2576.337 42.867 -0.953
2436.961 292.776 2481.084 290.826 -0.953
2440.530 55.904 2498.184 48.638 -0.953
2431.960 28.102 2476.805 19.990 -0.954
2349.241 49.779 2421.882 43.725 -0.954
2145.297 92.427 2191.292 90.134 -0.955
2424.259 28.736 2480.221 23.014 -0.956
2546.772 24.142 2592.000 22.837 -0.956
2238.393 88.101 2294.473 85.397 -0.957
2296.703 64.323 2349.068 51.892 -0.957
2413.527 50.051 2490.549 47.285 -0.958
2411.792 57.280 2468.324 46.170 -0.958
2407.336 29.028 2458.063 17.212 -0.958
2411.370 26.366 2473.371 23.111 -0.959
2434.823 28.090 2482.390 14.846 -0.959
2414.783 31.459 2457.423 21.798 -0.960
2418.709 34.595 2469.246 21.436 -0.961
2403.814 32.840 2441.380 26.594 -0.961
2423.243 56.133 2476.300 44.789 -0.962
2426.133 51.644 2500.381 46.290 -0.962
2541.550 260.786 2583.243 259.524 -0.963
2350.530 14.845 2390.245 8.123 -0.963
2339.238 285.248 2392.419 281.976 -0.967
2344.750 44.123 2407.348 40.839 -0.968
2409.269 83.840 2458.197 79.132 -0.968
2457.070 246.801 2505.547 240.881 -0.968
2536.629 257.280 2586.735 250.995 -0.969
2535.455 50.898 2592.000 39.556 -0.969
2541.812 303.483 2592.000 289.337 -0.969
2369.575 242.839 2421.780 241.067 -0.969
2331.796 245.931 2386.062 239.846 -0.969
2294.895 49.018 2356.497 36.863 -0.969
2505.309 343.944 2556.407 339.809 -0.970
2560.253 104.095 2592.000 98.529 -0.971
2446.589 49.933 2515.970 38.775 -0.971
2422.702 212.939 2488.021 211.676 -0.972
2449.213 243.124 2511.485 240.294 -0.972
2424.579 28.568 2473.090 19.434 -0.972
2440.944 332.684 2486.449 328.946 -0.972
2402.508 22.702 2462.990 18.754 -0.973
2387.581 31.145 2446.295 12.062 -0.973
2514.717 260.469 2560.771 253.532 -0.973
2412.827 32.301 2453.307 22.937 -0.973
2539.281 294.344 2584.753 287.376 -0.973
2521.763 37.218 2580.009 32.206 -0.974
2339.343 310.211 2395.637 305.236 -0.974
2440.071 27.746 2502.505 24.019 -0.975
2330.809 280.507 2378.221 277.415 -0.975
2179.408 248.524 2223.551 244.989 -0.975
2539.372 338.254 2588.698 333.598 -0.975
2233.315 55.387 2306.671 52.071 -0.975
2455.131 80.903 2508.053 77.786 -0.975
2463.153 348.461 2518.141 347.452 -0.976
2333.789 67.261 2379.187 51.428 -0.976
2480.518 56.015 2534.237 45.491 -0.976
2542.443 25.460 2585.929 12.936 -0.977
2354.759 51.387 2440.009 48.863 -0.977
2547.271 278.753 2592.000 267.941 -0.978
2438.221 31.207 2485.172 13.542 -0.978
2152.767 63.603 2213.800 58.503 -0.978
2440.325 31.286 2488.518 15.697 -0.979
2386.960 241.020 2442.389 237.915 -0.979
2268.538 545.110 2324.826 543.397 -0.981
2533.524 284.548 2580.365 274.882 -0.981
2441.686 57.249 2495.617 38.049 -0.981
2540.871 50.120 2589.844 46.970 -0.982
2347.323 26.261 2400.937 20.633 -0.982
2396.580 27.915 2452.589 8.206 -0.982
2066.540 67.926 2120.650 64.520 -0.982
2417.771 266.783 2481.405 265.123 -0.982
2497.026 224.192 2560.713 207.220 -0.982
2398.701 23.959 2450.754 21.957 -0.982
2266.578 62.609 2322.109 53.447 -0.983
2529.235 279.170 2584.249 276.639 -0.984
2448.568 48.060 2512.738 42.940 -0.986
2132.854 96.055 2184.292 93.097 -0.987
2302.272 25.052 2364.865 19.773 -0.987
1977.486 70.400 2032.950 65.431 -0.987
2007.146 100.506 2056.260 96.945 -0.988
2505.683 51.033 2574.644 42.593 -0.989
2155.859 35.555 2211.480 18.588 -0.989
1833.322 78.728 1890.224 70.441 -0.990
2475.435 27.796 2529.720 15.574 -0.991
2248.961 33.466 2303.646 21.962 -0.991
2453.342 47.190 2517.422 40.315 -0.991
2037.926 74.188 2089.967 67.272 -0.992
2459.761 342.841 2508.792 340.505 -0.992
2343.869 200.136 2429.886 197.407 -0.993
2419.851 227.396 2480.303 226.359 -0.993
2414.498 56.429 2470.271 44.234 -0.993
2448.320 312.243 2506.578 310.929 -0.993
2292.847 546.968 2357.607 544.808 -0.993
2260.974 24.655 2321.544 18.122 -0.994
1819.509 78.778 1871.104 74.181 -0.994
2403.289 49.519 2465.761 43.209 -0.994
2420.090 218.420 2477.541 215.973 -0.995
1845.771 76.926 1894.501 73.220 -0.995
1994.742 71.611 2053.270 64.663 -0.995
2502.549 277.295 2557.510 276.152 -0.995
2479.738 29.417 2535.638 15.654 -0.996
2251.018 60.076 2303.350 50.151 -0.996
1969.462 68.721 2025.730 67.593 -0.996
2540.243 330.634 2588.840 327.103 -0.996
2342.624 91.376 2391.241 84.221 -0.997
2444.702 298.245 2487.847 297.057 -0.997
2321.352 27.798 2372.387 13.950 -0.998
2404.176 82.913 2452.971 79.376 -0.998
2521.412 55.730 2560.431 47.310 -0.999
2331.803 26.981 2396.362 23.575 -0.999
2431.258 56.915 2489.776 44.009 -0.999
2483.812 411.900 2539.281 409.409 -1.000
2452.889 219.195 2505.368 213.467 -1.000
2430.235 25.501 2490.813 23.992 -1.000
2469.255 30.009 2522.936 18.161 -1.000
2430.602 285.777 2478.409 279.794 -1.000
2485.499 29.790 2544.840 18.091 -1.000
2499.598 225.011 2554.090 217.534 -1.001
2453.889 26.192 2509.531 18.588 -1.002
2261.830 58.412 2331.220 50.727 -1.002
2271.071 64.993 2331.517 59.729 -1.002
2108.704 95.632 2159.188 93.370 -1.002
2415.455 30.100 2466.163 19.839 -1.003
2299.369 59.501 2349.707 56.759 -1.003
2305.799 24.955 2368.058 23.566 -1.003
2350.871 31.690 2399.211 27.544 -1.004
2163.406 64.256 2221.432 57.579 -1.004
2279.968 26.147 2345.392 20.016 -1.004
2303.072 28.147 2363.910 25.569 -1.004
2548.139 267.210 2592.000 265.562 -1.004
2336.034 54.606 2389.003 51.318 -1.005
2163.164 23.957 2221.846 18.207 -1.005
2430.395 21.979 2475.441 14.759 -1.005
2290.562 60.373 2340.953 57.870 -1.005
2298.244 25.026 2365.142 23.225 -1.005
2251.801 25.756 2320.583 18.805 -1.005
2349.184 257.211 2389.157 254.923 -1.006
2309.884 65.764 2365.305 45.669 -1.006
2419.933 28.070 2489.514 23.211 -1.006
2013.885 101.826 2061.090 98.570 -1.007
2157.774 31.916 2207.697 26.516 -1.007
2305.235 60.811 2357.564 51.155 -1.008
2454.445 215.223 2508.860 213.278 -1.008
2359.376 26.952 2414.918 21.514 -1.008
2454.681 24.329 2502.562 19.427 -1.008
2138.433 65.252 2203.726 58.529 -1.009
2567.158 120.923 2592.000 118.920 -1.009
2306.276 89.032 2360.953 85.672 -1.009
2558.838 149.119 2592.000 144.745 -1.009
2314.619 66.761 2364.699 54.025 -1.010
2497.437 50.979 2563.583 42.159 -1.010
2426.421 35.782 2466.971 27.166 -1.010
2528.185 54.181 2582.007 47.642 -1.011
2343.307 244.589 2395.941 238.201 -1.011
2273.970 30.468 2321.442 19.050 -1.011
2327.051 394.189 2374.687 391.772 -1.011
2416.056 218.384 2472.965 209.609 -1.011
2250.766 56.988 2324.101 53.103 -1.011
2550.907 64.250 2587.463 53.891 -1.011
2406.890 31.062 2453.576 17.216 -1.012
2450.874 26.060 2513.359 22.199 -1.012
2309.523 29.835 2368.200 23.508 -1.013
2280.097 21.670 2339.264 16.169 -1.013
2419.937 216.332 2471.907 214.151 -1.013
2434.698 348.057 2480.276 341.368 -1.013
2443.164 29.746 2496.814 9.771 -1.013
2315.669 87.850 2370.034 80.925 -1.013
2354.417 54.954 2412.989 47.349 -1.013
2350.751 25.804 2414.304 19.937 -1.014
2522.623 51.168 2583.242 36.954 -1.014
2525.877 229.722 2579.275 222.750 -1.014
2367.184 238.367 2418.071 232.212 -1.015
2286.313 59.594 2351.509 46.925 -1.015
2351.811 26.367 2404.650 19.126 -1.015
2259.501 47.357 2320.745 41.879 -1.015
2549.839 401.444 2592.000 397.035 -1.015
2400.020 59.051 2459.612 47.099 -1.015
2442.782 31.294 2493.646 10.138 -1.015
2258.420 60.398 2311.967 59.296 -1.016
1853.679 75.975 1903.361 73.172 -1.016
2283.009 45.634 2348.454 43.087 -1.016
2294.876 58.080 2359.219 46.548 -1.016
2535.212 57.398 2578.835 52.143 -1.016
2296.310 91.338 2349.270 81.619 -1.017
2225.027 31.889 2292.947 30.049 -1.017
2271.558 89.176 2323.610 88.170 -1.018
2544.708 340.542 2589.219 339.163 -1.018
2400.865 61.387 2449.147 51.035 -1.018
2091.397 70.484 2146.499 59.214 -1.018
2560.481 184.506 2592.000 182.240 -1.019
2152.262 33.129 2196.353 20.346 -1.019
644.695 1529.966 623.386 1619.493 -1.019
2216.816 65.278 2268.115 60.206 -1.019
2190.909 22.223 2255.713 19.776 -1.020
2451.616 50.314 2522.289 39.608 -1.020
2159.709 32.703 2209.213 23.915 -1.020
2305.194 47.997 2374.213 44.780 -1.020
2289.831 24.037 2339.883 15.052 -1.020
2375.879 27.525 2423.197 15.916 -1.021
2364.126 33.740 2404.587 21.284 -1.021
2379.205 25.597 2436.309 21.811 -1.021
2364.477 84.464 2414.826 81.211 -1.022
2372.595 58.158 2431.878 51.609 -1.022
2286.375 35.072 2340.481 28.865 -1.022
2046.145 68.273 2100.893 61.690 -1.022
2362.661 22.394 2426.481 20.309 -1.022
2367.514 244.090 2416.432 239.133 -1.022
2423.405 57.303 2482.276 45.181 -1.022
2424.882 246.564 2472.107 243.877 -1.023
2524.824 331.007 2580.062 325.966 -1.023
2038.225 28.903 2095.747 27.339 -1.023
2569.587 161.825 2592.000 158.786 -1.024
2563.397 30.347 2592.000 27.187 -1.024
2336.981 68.950 2384.801 53.662 -1.024
2471.090 54.225 2522.016 45.582 -1.024
2544.668 57.291 2589.614 50.455 -1.024
2072.081 70.840 2125.718 65.968 -1.025
2542.220 73.701 2592.000 72.257 -1.025
2486.857 50.806 2546.213 41.817 -1.025
2323.263 53.309 2378.780 51.585 -1.025
2551.032 294.994 2592.000 280.326 -1.025
2479.872 483.412 2530.061 481.987 -1.025
2546.305 600.564 2592.000 597.644 -1.025
2308.118 32.397 2360.062 24.980 -1.026
2456.379 439.616 2504.663 437.126 -1.026
2233.866 32.554 2286.194 28.795 -1.026
2201.794 64.487 2260.523 55.769 -1.026
2294.214 24.881 2348.930 15.419 -1.026
2192.463 251.213 2242.054 243.525 -1.026
1738.917 76.800 1794.827 75.650 -1.026
2116.028 56.972 2197.723 54.973 -1.027
2191.857 95.112 2238.603 89.747 -1.028
2042.741 64.527 2111.089 62.621 -1.028
2510.051 572.295 2569.025 571.157 -1.028
2206.913 67.629 2266.370 50.213 -1.029
2202.253 66.821 2262.520 54.089 -1.029
2400.209 59.811 2454.148 56.094 -1.029
2210.938 65.191 2271.327 50.086 -1.029
2496.076 222.497 2562.699 213.693 -1.029
2437.993 25.899 2498.570 12.857 -1.029
2239.907 34.185 2296.762 25.885 -1.030
2462.801 292.152 2510.726 290.513 -1.030
2346.560 60.871 2396.686 58.183 -1.030
1877.977 191.027 1921.822 188.919 -1.030
2202.189 58.414 2265.594 55.113 -1.030
2264.020 60.362 2312.761 57.114 -1.031
2064.365 232.314 2116.651 226.962 -1.031
2298.260 23.909 2353.688 19.938 -1.031
2464.554 25.823 2518.539 22.223 -1.031
2563.410 106.357 2592.000 101.020 -1.031
2035.351 72.380 2091.720 59.606 -1.032
2332.088 62.093 2374.867 60.616 -1.032
2416.466 56.470 2479.391 46.874 -1.032
2330.737 266.559 2375.641 262.753 -1.032
2470.928 283.297 2517.818 281.283 -1.033
1976.251 76.744 2021.773 66.407 -1.033
2026.392 68.522 2084.356 61.749 -1.033
2299.725 58.854 2357.574 50.851 -1.033
2355.945 61.240 2406.343 52.312 -1.033
2361.853 25.171 2421.305 23.301 -1.034
2456.862 85.645 2517.308 80.941 -1.034
2416.995 44.481 2471.848 33.028 -1.034
2490.488 56.844 2538.788 39.849 -1.034
2324.208 31.771 2366.845 26.068 -1.034
2394.861 80.689 2462.396 79.605 -1.034
2302.721 61.744 2371.909 46.099 -1.034
2393.115 34.535 2438.958 26.755 -1.035
2298.465 66.815 2352.310 49.211 -1.035
2451.499 33.178 2495.341 29.892 -1.036
2023.958 101.672 2073.409 98.177 -1.036
2417.095 36.014 2464.895 21.197 -1.036
2209.850 68.378 2260.215 54.349 -1.036
1989.967 79.409 2037.234 78.326 -1.036
2379.292 29.060 2436.641 13.693 -1.036
2455.825 260.974 2503.028 255.131 -1.037
2064.014 97.338 2118.571 95.920 -1.037
2490.907 49.815 2553.017 46.102 -1.037
2372.512 25.049 2432.243 22.242 -1.037
2289.168 58.634 2340.971 57.447 -1.037
2442.181 57.256 2485.684 51.316 -1.037
1714.677 83.963 1766.146 79.521 -1.037
2287.014 34.650 2336.658 21.547 -1.038
2463.597 27.973 2509.142 19.383 -1.038
2482.993 252.046 2530.279 250.874 -1.038
2441.301 530.024 2499.671 528.961 -1.038
2125.229 72.529 2172.094 55.744 -1.039
2039.147 62.142 2086.350 59.255 -1.039
2507.987 59.230 2558.324 40.467 -1.039
2408.376 33.727 2457.068 29.771 -1.039
2541.608 52.150 2585.783 41.883 -1.039
2374.862 47.693 2437.412 43.057 -1.040
2113.121 67.522 2165.325 65.096 -1.040
2528.508 56.801 2573.867 55.176 -1.040
2355.835 59.316 2402.361 54.101 -1.041
2221.718 67.106 2271.240 58.719 -1.041
2256.164 30.877 2314.760 27.166 -1.041
2258.349 55.682 2325.324 51.847 -1.041
2548.188 28.282 2592.000 13.702 -1.041
2444.578 34.053 2492.930 21.816 -1.041
2030.748 70.948 2084.992 66.743 -1.041
2383.667 35.742 2430.501 30.060 -1.041
1983.901 76.482 2028.699 71.972 -1.042
1067.372 1519.321 1051.305 1610.325 -1.042
2441.763 345.637 2488.627 341.716 -1.042
2543.612 56.011 2587.335 49.019 -1.042
2542.748 573.225 2592.000 570.859 -1.042
2158.229 68.591 2212.990 66.382 -1.042
2545.928 251.561 2590.348 245.512 -1.042
2432.137 59.026 2485.829 39.494 -1.042
2341.840 26.199 2397.569 25.040 -1.042
2044.837 74.000 2097.764 62.143 -1.042
2529.223 67.883 2565.803 65.624 -1.043
2287.512 27.038 2349.248 21.315 -1.044
2330.653 63.449 2378.954 46.190 -1.044
1521.264 86.447 1571.468 79.086 -1.044
2312.974 25.259 2367.223 14.233 -1.045
2456.024 236.191 2495.953 227.364 -1.045
2124.947 62.663 2187.114 58.822 -1.045
2292.809 57.851 2348.849 51.784 -1.045
2533.268 336.378 2584.104 332.301 -1.045
1740.375 1745.750 1694.551 1829.618 -1.045
2317.214 34.679 2361.641 23.593 -1.045
2368.944 60.611 2430.322 54.505 -1.045
2340.748 63.707 2390.736 49.659 -1.045
2353.994 32.249 2396.743 22.883 -1.046
2485.352 30.904 2538.334 15.885 -1.046
1881.734 1621.234 1851.699 1688.414 -1.046
2469.988 349.920 2520.997 343.193 -1.046
2382.621 55.244 2441.260 50.554 -1.047
2523.445 254.856 2582.934 250.337 -1.047
2543.294 30.396 2585.257 25.398 -1.047
2497.266 227.206 2547.135 221.918 -1.047
2427.342 219.005 2492.731 215.077 -1.047
2074.965 74.442 2121.432 64.442 -1.047
2350.774 59.219 2399.928 55.745 -1.048
2388.413 21.956 2431.037 17.649 -1.048
2523.860 32.049 2570.843 28.252 -1.048
1892.815 1452.673 1862.314 1511.642 -1.048
2306.729 66.733 2355.814 59.504 -1.048
2248.683 80.606 2296.497 74.826 -1.048
2454.126 242.361 2510.709 233.952 -1.048
2370.557 25.153 2425.453 21.670 -1.049
2554.560 81.868 2592.000 75.043 -1.049
2435.415 57.501 2481.166 46.259 -1.049
2296.880 35.135 2341.581 22.534 -1.049
2472.666 385.869 2525.499 384.620 -1.049
2460.485 58.012 2513.458 39.961 -1.049
2251.028 24.311 2316.200 21.895 -1.049
2129.349 62.477 2195.895 57.811 -1.049
2522.949 574.337 2583.586 569.981 -1.049
2513.960 474.098 2561.649 469.539 -1.049
2264.109 27.048 2324.379 18.526 -1.050
