19.135 960.483 135.858 1018.120 -0.759
348.948 1665.876 429.719 1709.994 -0.947
564.918 1029.128 1792.772 1944.000 -0.970
288.261 1495.745 359.324 1575.796 -0.992
2239.490 668.281 2546.300 1128.393 -1.005
1.000 1325.930 771.166 1934.004 -1.008
1622.388 15.913 1656.315 74.261 -1.015
1.000 1169.666 83.803 1275.972 -1.017
1707.422 1062.224 1915.668 1385.222 -1.023
1798.667 14.998 1833.888 79.742 -1.026
1451.380 704.418 1622.009 933.005 -1.033
2015.840 859.473 2073.316 945.686 -1.041
1815.788 1109.096 2020.191 1376.057 -1.042
1114.251 353.011 1381.803 748.827 -1.044
1130.497 273.101 1248.655 354.836 -1.044
1600.195 803.390 1658.275 890.889 -1.046
1110.595 703.539 1199.756 821.287 -1.048
238.141 1132.448 303.235 1215.949 -1.051
2263.026 1477.746 2313.086 1560.919 -1.058
944.504 413.230 1015.416 464.241 -1.062
12.806 1.000 2568.859 1944.000 -1.064
