828.848 1484.842 1241.157 1853.998 -0.798
193.655 1450.626 351.719 1656.771 -0.822
1426.392 1425.697 1631.160 1659.048 -0.875
741.965 1315.941 1403.137 1900.387 -0.891
1604.038 953.893 2469.572 1537.517 -0.908
575.772 1488.638 710.859 1683.767 -0.909
1085.187 757.916 1227.301 808.419 -0.928
531.240 1594.072 612.529 1624.906 -0.958
1034.138 1065.424 1282.982 1159.989 -0.961
1486.496 1232.077 1617.075 1279.672 -0.973
294.758 1301.688 413.448 1337.888 -0.984
1500.256 1352.040 1998.471 1795.855 -0.987
436.243 1530.189 546.759 1557.496 -0.988
110.475 651.714 234.025 701.933 -0.997
14.676 829.842 149.389 869.546 -0.997
287.261 620.551 426.754 659.968 -1.002
1047.995 1894.314 1156.078 1929.095 -1.004
1536.618 482.562 1648.075 520.312 -1.007
1413.596 721.241 1568.767 776.740 -1.008
563.146 1339.559 668.440 1370.064 -1.012
1.000 1084.388 1600.442 1940.984 -1.014
1729.700 905.108 1898.617 963.880 -1.018
2059.493 529.274 2153.982 566.057 -1.035
2406.212 557.552 2517.720 596.856 -1.038
2392.057 1028.432 2561.922 1088.304 -1.041
1961.926 647.262 2093.985 692.992 -1.043
1840.074 506.361 1943.007 542.216 -1.047
211.690 641.553 329.746 687.321 -1.047
741.246 729.948 1622.016 1173.420 -1.049
1899.382 623.848 2034.564 674.503 -1.050
451.789 802.593 973.702 1056.326 -1.052
1887.433 509.722 1988.064 548.379 -1.052
1642.282 1903.004 1746.181 1939.735 -1.053
368.507 981.834 815.573 1177.640 -1.053
2358.203 1593.491 2490.441 1620.769 -1.057
1843.408 639.147 1997.378 686.848 -1.060
1959.061 516.045 2078.290 557.808 -1.060
35.806 636.752 506.634 788.108 -1.063
1056.961 907.378 2592.000 1609.736 -1.063
2091.717 525.357 2258.291 582.981 -1.067
2075.387 1824.464 2218.582 1855.570 -1.068
1715.196 1891.721 1820.981 1935.618 -1.068
2306.963 1947.505 2467.761 1944.000 -1.069
1169.389 468.146 1347.520 525.042 -1.071
974.245 45.416 1120.771 98.638 -1.071
1696.401 1798.704 1841.924 1828.126 -1.072
444.419 714.486 589.992 759.035 -1.073
989.809 1941.402 1181.233 1944.000 -1.074
847.865 707.008 950.872 741.418 -1.075
829.310 691.802 975.365 737.188 -1.075
1723.492 637.777 1894.352 700.361 -1.076
1436.932 1374.594 2555.642 1896.259 -1.076
1169.452 431.889 1296.157 470.861 -1.077
2039.566 121.397 2142.075 159.634 -1.083
745.328 1943.978 887.596 1944.000 -1.084
888.608 679.250 1022.113 722.805 -1.085
1.000 713.297 1055.325 1264.669 -1.087
1159.243 311.994 1265.159 353.457 -1.089
1773.766 1947.120 1927.070 1944.000 -1.089
2104.645 656.919 2210.853 700.393 -1.090
2298.378 545.832 2446.699 596.475 -1.094
1329.980 437.193 1441.643 476.909 -1.095
2343.931 1914.618 2426.388 1944.000 -1.095
2207.336 540.705 2345.424 588.059 -1.097
1976.794 512.857 2142.884 570.015 -1.098
1804.605 1902.937 1876.649 1930.808 -1.099
1406.971 466.692 1584.782 518.920 -1.099
1328.660 298.260 1435.179 337.402 -1.101
1977.932 595.740 2079.030 630.576 -1.101
2247.053 1937.563 2480.380 1944.000 -1.102
2198.415 515.827 2321.098 558.659 -1.103
1785.615 1937.924 1936.504 1944.000 -1.105
660.046 529.518 772.688 568.350 -1.105
1053.675 411.432 1160.370 445.034 -1.106
1672.675 1880.963 2052.463 1944.000 -1.108
1447.328 1944.084 1619.626 1944.000 -1.110
1294.643 1943.162 1464.783 1944.000 -1.111
1.000 302.218 154.837 356.736 -1.111
1151.432 432.556 1345.336 490.140 -1.112
736.833 620.025 857.085 668.320 -1.114
1984.150 1938.636 2211.957 1944.000 -1.115
1591.017 1935.135 1738.842 1944.000 -1.116
1341.821 372.307 1480.528 429.952 -1.117
2407.723 728.782 2538.994 770.101 -1.117
776.528 557.376 2566.225 1070.924 -1.118
1.000 111.713 218.063 186.169 -1.118
1199.405 1942.581 1328.727 1944.000 -1.124
1040.627 1945.267 1185.605 1944.000 -1.125
1319.040 229.081 1479.279 293.836 -1.125
2068.933 1947.380 2226.359 1944.000 -1.126
814.221 1942.605 978.215 1944.000 -1.126
2050.225 1896.608 2121.812 1930.547 -1.128
1119.884 381.947 1318.665 444.550 -1.128
1349.245 280.435 1457.756 318.986 -1.129
1126.300 499.072 1280.521 555.100 -1.129
1.000 207.210 102.682 239.418 -1.129
1339.997 466.923 1448.472 503.088 -1.130
1589.752 1896.981 1666.711 1930.136 -1.130
1690.316 490.186 1824.102 536.552 -1.131
2325.629 200.201 2538.830 267.463 -1.132
1098.152 253.887 1715.408 448.186 -1.132
1937.185 220.151 2060.048 264.201 -1.132
863.308 409.529 961.656 445.803 -1.135
1787.868 155.775 1943.948 201.639 -1.136
2373.541 1946.246 2557.987 1944.000 -1.137
791.534 87.598 942.797 125.592 -1.138
1807.297 230.435 1944.619 275.264 -1.138
1.000 234.040 2592.000 1091.002 -1.139
2460.096 1897.993 2557.450 1938.358 -1.139
2364.488 99.697 2539.172 155.893 -1.140
1663.207 1945.575 1809.838 1944.000 -1.140
1954.922 1948.002 2110.729 1944.000 -1.141
1154.769 1945.675 1299.955 1944.000 -1.141
2300.829 1888.605 2548.466 1944.000 -1.143
1250.101 1939.331 1426.447 1944.000 -1.143
2311.747 1946.287 2467.351 1944.000 -1.143
2238.558 157.902 2371.586 207.349 -1.144
1477.889 1911.317 1802.905 1944.000 -1.147
1086.808 1939.517 1260.682 1944.000 -1.147
2249.956 1948.402 2408.593 1944.000 -1.148
742.249 1940.333 909.783 1944.000 -1.148
1698.953 1946.087 1846.171 1944.000 -1.149
1458.340 1949.470 1596.858 1944.000 -1.149
1335.175 29.167 1534.135 85.312 -1.152
847.545 1940.223 1015.181 1944.000 -1.152
230.945 1942.658 364.514 1944.000 -1.153
1716.627 1946.987 1869.183 1944.000 -1.154
1697.630 1946.202 1852.389 1944.000 -1.155
1539.522 76.269 1657.385 120.674 -1.155
1952.016 191.368 2104.517 248.321 -1.156
1802.423 1946.616 1957.642 1944.000 -1.156
1349.063 1940.998 1550.533 1944.000 -1.157
1281.055 206.310 1425.035 254.072 -1.157
1459.680 1946.416 1609.241 1944.000 -1.159
866.792 108.279 969.309 145.368 -1.161
2141.898 1898.054 2218.961 1936.717 -1.162
2339.833 1947.004 2521.092 1944.000 -1.162
1873.576 171.976 1987.915 212.207 -1.162
2134.079 205.102 2271.143 255.135 -1.163
2069.218 1.000 2219.523 43.014 -1.163
2381.930 1946.488 2541.271 1944.000 -1.164
1712.617 162.730 1939.618 258.629 -1.168
2345.150 1947.284 2508.651 1944.000 -1.170
2297.532 1948.343 2457.706 1944.000 -1.170
1376.603 1888.002 1808.223 1944.000 -1.171
1783.197 1946.282 1937.125 1944.000 -1.171
1712.236 1945.221 1845.418 1944.000 -1.171
2306.139 149.020 2430.580 189.298 -1.174
2421.285 1948.202 2583.332 1944.000 -1.174
335.509 111.848 434.392 158.186 -1.174
1211.908 1945.808 1357.843 1944.000 -1.175
2259.354 1947.654 2420.191 1944.000 -1.175
627.109 1940.598 763.396 1944.000 -1.176
1948.557 57.148 2093.296 106.768 -1.176
1859.857 54.673 2025.363 112.060 -1.177
1460.161 1946.163 1602.166 1944.000 -1.178
2346.346 1946.004 2505.454 1944.000 -1.178
1778.753 1946.004 1926.047 1944.000 -1.178
1164.286 1945.437 1308.933 1944.000 -1.179
2278.620 1948.158 2439.835 1944.000 -1.180
1521.116 1945.561 1664.179 1944.000 -1.181
1721.036 4.169 1906.093 64.302 -1.181
1775.275 1945.554 1917.527 1944.000 -1.181
719.211 87.888 875.050 135.085 -1.182
1530.561 1946.361 1661.739 1944.000 -1.182
365.605 553.472 2592.000 1649.777 -1.182
1740.490 1945.298 1916.325 1944.000 -1.183
2073.373 57.186 2204.420 101.696 -1.183
1829.113 1946.752 1988.235 1944.000 -1.184
2181.646 1909.657 2286.430 1944.000 -1.184
2346.193 1945.774 2498.887 1944.000 -1.185
2159.264 44.846 2315.165 96.443 -1.185
1286.262 1945.314 1439.177 1944.000 -1.185
2267.611 1947.415 2422.288 1944.000 -1.185
2303.107 1948.189 2455.961 1944.000 -1.186
227.789 1940.880 382.811 1944.000 -1.186
1383.502 1946.498 1532.727 1944.000 -1.186
1050.150 1945.290 1195.253 1944.000 -1.189
1230.999 1946.283 1376.935 1944.000 -1.189
2307.562 1947.256 2452.690 1944.000 -1.189
1919.807 1945.699 2071.032 1944.000 -1.189
1930.529 164.384 2138.027 253.422 -1.190
2332.979 35.768 2476.909 86.631 -1.191
1962.702 30.810 2093.411 71.210 -1.192
1705.957 1945.282 1862.390 1944.000 -1.192
1716.681 1945.727 1864.364 1944.000 -1.194
2215.052 34.243 2405.791 99.464 -1.195
1522.177 1951.325 1667.542 1944.000 -1.195
2326.422 1945.780 2508.971 1944.000 -1.196
2002.492 53.112 2165.998 111.738 -1.197
1734.483 1946.349 1889.502 1944.000 -1.197
2329.808 1947.560 2485.301 1944.000 -1.199
1540.866 33.993 1655.825 71.002 -1.200
2384.938 1945.179 2569.686 1944.000 -1.200
636.015 78.004 785.949 124.491 -1.200
803.562 1945.104 942.162 1944.000 -1.201
2269.765 95.116 2398.409 138.091 -1.201
1917.380 41.679 2132.089 113.791 -1.201
2086.789 1946.742 2246.679 1944.000 -1.201
2060.586 1905.821 2143.127 1944.000 -1.201
1031.065 1945.075 1176.831 1944.000 -1.202
513.344 44.832 598.136 81.627 -1.202
1516.248 1851.455 2046.130 1944.000 -1.202
954.826 1945.378 1096.475 1944.000 -1.203
296.435 199.538 460.915 246.009 -1.203
1758.511 12.698 2367.615 200.950 -1.203
2410.326 29.735 2572.413 83.197 -1.204
1365.557 141.577 1476.014 183.832 -1.204
1653.829 24.802 1766.057 68.512 -1.204
2257.820 1947.342 2437.696 1944.000 -1.204
2183.435 1948.366 2343.152 1944.000 -1.205
1419.853 85.242 1527.765 122.876 -1.206
653.527 15.771 783.222 76.183 -1.206
1788.739 1945.188 1963.077 1944.000 -1.206
908.581 1946.238 1048.434 1944.000 -1.206
2380.438 1946.020 2547.681 1944.000 -1.207
1187.321 70.970 1293.498 106.005 -1.207
936.196 1938.979 1109.797 1944.000 -1.208
1259.477 1945.489 1406.286 1944.000 -1.208
1178.080 47.652 1291.332 87.212 -1.209
1359.390 83.636 1496.029 128.153 -1.210
1787.515 1945.063 1936.244 1944.000 -1.211
1792.946 1947.024 1947.791 1944.000 -1.211
1972.513 1946.475 2130.904 1944.000 -1.212
1363.923 189.298 1515.526 252.483 -1.212
1495.261 64.080 1682.976 128.101 -1.214
1659.578 1946.283 1812.924 1944.000 -1.214
1956.626 1946.689 2107.224 1944.000 -1.214
2301.786 1945.772 2487.729 1944.000 -1.215
2107.160 1947.328 2266.376 1944.000 -1.215
433.566 168.583 556.114 207.242 -1.215
1859.607 1947.180 2015.327 1944.000 -1.215
1839.430 1945.536 1997.994 1944.000 -1.215
773.378 117.796 920.621 173.026 -1.216
2098.787 1947.818 2256.577 1944.000 -1.216
1774.302 1945.279 1951.894 1944.000 -1.217
2291.250 1945.698 2473.337 1944.000 -1.217
1640.483 1946.979 1791.126 1944.000 -1.217
1267.855 1945.260 1416.754 1944.000 -1.218
1240.431 1945.445 1386.990 1944.000 -1.218
599.049 97.132 700.442 134.941 -1.220
1446.746 18.721 1620.909 78.573 -1.220
1813.474 1946.682 1962.955 1944.000 -1.221
2373.981 1949.411 2535.034 1944.000 -1.221
2058.446 1947.395 2218.753 1944.000 -1.221
931.201 25.892 1046.725 77.286 -1.222
1851.071 1946.675 1998.436 1944.000 -1.222
1824.335 1946.053 1972.435 1944.000 -1.223
804.943 64.221 979.875 117.894 -1.223
2261.717 1946.602 2399.668 1944.000 -1.224
1252.983 90.059 1372.968 131.291 -1.224
145.719 1940.688 299.665 1944.000 -1.224
2326.009 1947.550 2487.056 1944.000 -1.224
2392.307 163.809 2559.501 218.835 -1.224
1430.891 1945.890 1579.948 1944.000 -1.224
2393.030 1947.539 2547.738 1944.000 -1.225
2078.420 1946.061 2239.586 1944.000 -1.226
1763.098 1946.846 1918.243 1944.000 -1.226
1784.970 1946.157 1926.435 1944.000 -1.226
1166.778 1945.209 1303.966 1944.000 -1.226
1031.097 1945.276 1159.953 1944.000 -1.227
1467.898 1945.389 1612.938 1944.000 -1.227
1811.992 1947.069 1967.087 1944.000 -1.227
2286.998 1947.929 2450.303 1944.000 -1.227
2003.841 1902.029 2104.461 1939.876 -1.227
2161.440 1889.808 2284.738 1934.607 -1.228
2399.780 1947.090 2558.271 1944.000 -1.228
2364.107 1947.899 2526.318 1944.000 -1.228
2033.595 1945.982 2213.275 1944.000 -1.229
1534.454 1945.452 1687.099 1944.000 -1.229
1726.144 1946.749 1878.161 1944.000 -1.229
974.012 1945.542 1117.866 1944.000 -1.229
1960.411 1925.492 2158.340 1944.000 -1.230
498.017 2.560 592.869 44.221 -1.230
1.000 97.509 383.405 236.254 -1.230
917.979 1945.491 1060.032 1944.000 -1.230
1400.492 1945.151 1555.155 1944.000 -1.231
1621.306 1945.904 1773.110 1944.000 -1.231
2135.814 1947.995 2294.243 1944.000 -1.231
1455.770 133.566 1572.947 175.996 -1.231
1821.561 1947.521 1976.531 1944.000 -1.231
731.465 1946.006 894.916 1944.000 -1.231
1707.881 1946.509 1854.983 1944.000 -1.231
2236.591 198.989 2404.040 254.431 -1.231
2218.751 83.799 2543.095 239.303 -1.232
1658.420 1945.106 1833.179 1944.000 -1.232
1916.519 1946.594 2072.196 1944.000 -1.232
1934.515 1946.076 2094.610 1944.000 -1.233
869.837 164.039 1035.481 214.947 -1.233
1667.604 41.464 1827.805 90.456 -1.234
1678.404 1945.868 1831.871 1944.000 -1.234
2090.258 1920.929 2244.509 1944.000 -1.234
1298.380 1951.176 1440.592 1944.000 -1.234
657.887 1939.110 847.669 1944.000 -1.235
384.050 178.162 528.025 221.596 -1.236
1023.765 1949.944 1164.316 1944.000 -1.236
2040.364 1947.313 2197.415 1944.000 -1.237
2300.756 1948.569 2444.447 1944.000 -1.238
1237.250 43.213 1372.050 87.797 -1.238
2279.525 1945.671 2461.459 1944.000 -1.239
1609.627 67.589 1768.509 123.255 -1.239
893.678 1948.152 1024.790 1944.000 -1.240
2433.269 1948.031 2571.673 1944.000 -1.240
1743.211 1945.921 1890.040 1944.000 -1.241
1264.706 61.758 1678.569 194.342 -1.241
1592.877 1945.957 1746.261 1944.000 -1.241
1183.558 1946.201 1329.247 1944.000 -1.241
1705.162 1945.218 1835.490 1944.000 -1.242
2361.978 1947.487 2544.533 1944.000 -1.243
1335.801 1945.787 1485.564 1944.000 -1.243
953.779 1945.541 1088.057 1944.000 -1.243
2052.796 202.834 2243.959 263.007 -1.244
1249.908 1945.037 1396.841 1944.000 -1.244
1984.550 1947.721 2139.929 1944.000 -1.245
1329.005 1945.092 1464.490 1944.000 -1.245
1926.003 1946.446 2082.717 1944.000 -1.245
1345.364 1945.979 1494.339 1944.000 -1.246
2420.216 1945.999 2592.000 1944.000 -1.246
1472.686 1946.478 1604.009 1944.000 -1.246
688.361 1945.045 827.555 1944.000 -1.246
2444.862 1946.326 2589.372 1944.000 -1.246
948.452 1948.156 1078.263 1944.000 -1.247
1089.606 103.022 1216.166 138.416 -1.247
1143.321 204.755 1309.848 257.561 -1.247
1300.100 1945.921 1438.803 1944.000 -1.247
1450.163 1946.654 1600.262 1944.000 -1.247
796.273 136.459 974.343 193.655 -1.247
2009.869 1945.041 2188.265 1944.000 -1.248
2299.203 1946.155 2436.823 1944.000 -1.248
2391.745 1947.913 2555.761 1944.000 -1.248
1387.382 1945.481 1520.224 1944.000 -1.248
1839.964 1945.381 1991.345 1944.000 -1.249
2274.366 1947.030 2419.855 1944.000 -1.249
635.697 125.675 762.912 180.406 -1.250
1353.537 1945.914 1494.144 1944.000 -1.250
2357.187 1947.494 2501.844 1944.000 -1.250
1070.618 1948.013 1205.862 1944.000 -1.250
768.053 1945.207 889.917 1944.000 -1.250
2001.262 1946.831 2161.069 1944.000 -1.250
1736.230 1946.487 1875.910 1944.000 -1.250
731.347 1948.609 859.182 1944.000 -1.250
2122.126 1945.691 2261.630 1944.000 -1.250
2283.918 1945.752 2424.175 1944.000 -1.250
1464.105 1950.815 1608.926 1944.000 -1.250
1725.361 1945.319 1873.041 1944.000 -1.251
253.595 1939.031 435.742 1944.000 -1.251
1703.857 1947.175 1839.719 1944.000 -1.251
1102.756 52.914 1337.924 129.761 -1.251
1981.196 1945.182 2136.012 1944.000 -1.251
1705.793 1949.561 1848.502 1944.000 -1.251
1372.609 1945.504 1522.881 1944.000 -1.252
2243.599 1947.373 2417.696 1944.000 -1.252
2021.233 1946.668 2179.196 1944.000 -1.252
2049.887 1947.335 2207.063 1944.000 -1.253
1659.489 1950.289 1800.443 1944.000 -1.253
2348.683 1945.881 2535.241 1944.000 -1.253
1951.469 1945.261 2130.379 1944.000 -1.255
1961.487 1951.828 2113.627 1944.000 -1.256
866.346 79.033 1040.621 134.767 -1.256
1668.002 1946.483 1823.188 1944.000 -1.256
1298.979 1946.720 1444.202 1944.000 -1.256
2293.157 1946.841 2450.249 1944.000 -1.257
1332.537 1951.473 1473.474 1944.000 -1.257
2116.643 1947.180 2276.897 1944.000 -1.257
1545.393 1946.876 1696.742 1944.000 -1.257
758.718 187.059 906.078 248.938 -1.257
1622.364 3.023 1818.989 63.120 -1.257
2011.975 1947.536 2169.693 1944.000 -1.258
2430.762 1947.794 2592.000 1944.000 -1.258
1496.978 1949.211 1636.206 1944.000 -1.259
2018.870 1887.055 2154.231 1936.132 -1.259
972.661 1949.113 1100.776 1944.000 -1.259
752.684 48.224 866.889 86.235 -1.259
1744.285 1945.914 1900.438 1944.000 -1.259
369.760 1.452 485.939 33.438 -1.259
1485.743 1945.748 1629.312 1944.000 -1.260
1040.305 1949.608 1181.291 1944.000 -1.260
1850.130 1947.588 2005.475 1944.000 -1.260
1186.682 1948.633 1323.245 1944.000 -1.260
1968.786 1950.175 2114.944 1944.000 -1.260
1494.591 1945.610 1639.129 1944.000 -1.260
2125.404 1946.682 2278.448 1944.000 -1.261
430.356 45.920 587.717 89.982 -1.261
2346.956 1945.267 2556.372 1944.000 -1.261
2236.051 1946.187 2377.620 1944.000 -1.261
1820.596 1945.961 1954.256 1944.000 -1.261
2241.102 1949.727 2423.305 1944.000 -1.262
1282.543 1.000 1403.247 35.158 -1.262
588.072 189.268 689.152 229.145 -1.262
2106.490 1870.671 2307.404 1928.413 -1.262
2232.070 1947.332 2386.281 1944.000 -1.262
2353.434 1947.365 2516.821 1944.000 -1.262
2116.212 1946.942 2260.995 1944.000 -1.263
1527.955 1949.633 1667.387 1944.000 -1.263
1096.884 1949.135 1227.357 1944.000 -1.263
2323.490 12.294 2474.281 60.912 -1.264
1959.796 1946.148 2096.023 1944.000 -1.265
1111.856 1949.089 1241.999 1944.000 -1.265
761.567 10.925 1621.290 406.101 -1.265
1158.119 1950.716 1296.328 1944.000 -1.265
1992.795 1947.632 2148.972 1944.000 -1.265
1699.365 1946.520 1826.535 1944.000 -1.265
2402.153 1947.558 2565.113 1944.000 -1.266
2292.293 1945.877 2433.490 1944.000 -1.266
1192.776 1945.164 1339.624 1944.000 -1.266
2081.893 1946.081 2258.952 1944.000 -1.266
1164.571 1791.932 2096.448 1944.000 -1.266
1184.512 1945.092 1322.784 1944.000 -1.267
1305.948 1945.349 1455.346 1944.000 -1.267
2172.676 1947.232 2334.732 1944.000 -1.267
2300.530 1951.023 2451.164 1944.000 -1.267
1164.329 1949.036 1297.202 1944.000 -1.267
1379.052 1945.088 1512.002 1944.000 -1.267
1734.451 1945.769 1882.368 1944.000 -1.268
1644.253 1945.839 1772.511 1944.000 -1.268
2266.253 1946.614 2431.499 1944.000 -1.268
2416.060 1946.377 2559.419 1944.000 -1.268
1546.915 1946.059 1692.900 1944.000 -1.268
2057.092 1946.246 2235.955 1944.000 -1.268
596.071 1645.105 2592.000 1944.000 -1.269
2078.182 1952.613 2227.554 1944.000 -1.269
1908.193 1947.514 2062.194 1944.000 -1.270
1405.738 1945.402 1549.110 1944.000 -1.270
483.340 112.557 598.104 145.390 -1.270
1974.745 1945.168 2151.556 1944.000 -1.270
1278.477 1945.104 1425.785 1944.000 -1.270
2334.613 1948.040 2498.543 1944.000 -1.271
497.536 31.164 638.856 75.119 -1.271
1697.156 1949.265 1840.078 1944.000 -1.271
12.142 1942.866 143.630 1944.000 -1.271
1025.137 1948.109 1158.176 1944.000 -1.272
1435.602 1945.136 1568.867 1944.000 -1.272
2264.276 1951.894 2408.487 1944.000 -1.273
2315.256 1946.676 2479.306 1944.000 -1.273
1897.299 1946.520 2052.348 1944.000 -1.274
1768.177 1946.381 1909.300 1944.000 -1.274
1975.197 1945.697 2112.570 1944.000 -1.274
1557.776 1945.430 1702.381 1944.000 -1.274
1350.048 1949.217 1487.146 1944.000 -1.274
1306.516 1949.925 1450.283 1944.000 -1.275
977.797 1947.796 1111.823 1944.000 -1.275
1766.668 1949.753 1909.994 1944.000 -1.275
674.807 1945.431 825.524 1944.000 -1.276
1796.443 1945.485 1945.056 1944.000 -1.276
1537.907 1945.077 1685.093 1944.000 -1.276
2397.162 1946.884 2548.693 1944.000 -1.276
1952.309 1952.260 2104.245 1944.000 -1.276
1717.283 1945.793 1858.557 1944.000 -1.277
2325.545 1948.897 2467.643 1944.000 -1.277
1468.208 1949.401 1605.543 1944.000 -1.277
1759.334 1945.236 1900.008 1944.000 -1.277
751.976 1945.274 918.257 1944.000 -1.277
2291.359 1947.053 2435.933 1944.000 -1.278
2118.956 60.275 2592.000 293.696 -1.278
2143.217 1947.125 2296.262 1944.000 -1.278
2320.798 1947.671 2474.969 1944.000 -1.278
1572.726 1945.831 1726.913 1944.000 -1.278
2184.544 1945.498 2368.949 1944.000 -1.278
2301.266 1952.518 2456.162 1944.000 -1.278
1829.369 1945.826 1983.692 1944.000 -1.279
1000.933 1947.363 1136.207 1944.000 -1.279
1894.148 1946.137 2067.974 1944.000 -1.279
1343.624 1949.744 1479.785 1944.000 -1.279
1687.042 1946.267 1841.814 1944.000 -1.280
2335.081 1945.991 2511.758 1944.000 -1.280
1033.973 1949.880 1172.224 1944.000 -1.280
1828.991 1952.563 1977.368 1944.000 -1.280
2284.271 1946.820 2441.247 1944.000 -1.280
1952.056 1945.919 2087.642 1944.000 -1.280
1516.598 1946.090 1666.780 1944.000 -1.280
2284.842 1952.731 2440.428 1944.000 -1.280
2105.849 1945.735 2254.378 1944.000 -1.281
1017.832 1946.259 1179.765 1944.000 -1.281
1159.233 1949.751 1288.187 1944.000 -1.281
1654.563 1946.142 1800.347 1944.000 -1.281
1654.961 1951.574 1791.584 1944.000 -1.281
1743.749 1945.417 1882.495 1944.000 -1.281
574.036 61.199 691.591 112.590 -1.282
2313.619 21.200 2526.197 91.817 -1.282
2072.098 1946.800 2225.062 1944.000 -1.283
1634.193 142.435 1782.506 188.532 -1.283
692.994 1949.137 826.578 1944.000 -1.284
981.794 1946.499 1149.754 1944.000 -1.284
2232.907 1946.447 2415.200 1944.000 -1.284
1268.368 1947.085 1436.006 1944.000 -1.284
940.126 1948.609 1071.644 1944.000 -1.284
1450.040 1945.637 1592.790 1944.000 -1.284
1049.632 1950.221 1188.799 1944.000 -1.285
2418.661 1947.768 2575.319 1944.000 -1.285
2057.401 1950.202 2232.540 1944.000 -1.285
2021.593 1945.069 2200.143 1944.000 -1.285
2424.868 1947.786 2565.384 1944.000 -1.286
