2528.867 1158.122 2577.705 1259.089 -0.874
796.754 1195.945 1325.715 1752.181 -0.887
2010.188 854.554 2172.649 1006.994 -0.888
1664.822 609.239 2364.078 1355.708 -0.896
2337.263 1629.829 2592.000 1944.000 -0.903
2257.468 268.104 2301.515 349.178 -0.921
16.836 747.554 70.215 812.541 -0.925
37.893 1745.518 61.796 1802.409 -0.927
2149.645 367.956 2207.847 459.185 -0.930
137.377 1111.585 142.689 1158.225 -0.934
1575.207 1248.907 1622.307 1340.507 -0.938
341.024 1105.152 379.021 1173.268 -0.939
1748.975 267.421 1879.016 523.831 -0.941
1438.165 253.419 1490.017 352.016 -0.945
226.186 212.386 285.926 274.311 -0.946
1488.792 1766.761 1493.818 1829.907 -0.950
554.847 1806.900 559.037 1851.755 -0.951
238.067 706.086 1566.619 1858.298 -0.957
2568.460 1894.981 2557.042 1944.000 -0.960
1331.458 1885.128 1327.924 1943.550 -0.962
1629.620 777.664 1684.267 873.827 -0.964
485.308 141.052 1490.133 985.290 -0.964
221.825 128.277 274.733 184.705 -0.964
42.632 623.659 85.857 680.383 -0.964
123.875 296.361 192.689 358.525 -0.967
1968.074 224.828 2028.819 307.457 -0.968
1329.026 1889.592 1321.707 1943.395 -0.968
1709.248 490.946 1747.025 594.851 -0.968
1751.147 549.066 1818.490 652.630 -0.968
760.877 209.417 2592.000 1944.000 -0.968
192.502 1136.334 232.585 1214.371 -0.973
63.411 351.651 112.390 407.476 -0.980
184.315 192.523 261.441 269.399 -0.982
36.825 1617.930 41.588 1654.310 -0.986
24.053 58.329 84.943 118.933 -0.987
1768.284 1559.846 1766.988 1616.793 -0.987
30.977 1435.551 73.648 1499.037 -0.995
