656.690 763.378 825.534 822.708 -0.267
833.085 491.608 993.829 577.983 -0.344
1337.611 1889.508 1545.165 1926.226 -0.369
1248.735 1886.687 1447.494 1932.704 -0.372
851.964 17.006 911.133 122.255 -0.385
676.031 247.211 752.392 328.424 -0.386
2131.964 1255.108 2367.393 1320.965 -0.416
2.114 1349.038 251.549 1419.289 -0.418
43.913 1425.140 248.473 1487.555 -0.419
932.902 1889.721 1110.415 1943.302 -0.420
143.295 1384.269 315.211 1455.745 -0.429
616.324 495.540 794.804 567.549 -0.430
664.592 206.859 757.909 289.473 -0.450
1050.693 1890.946 1241.453 1936.524 -0.451
892.174 297.154 1030.644 393.259 -0.451
1046.154 855.882 1174.588 924.691 -0.458
373.179 16.600 506.716 93.985 -0.463
2051.950 1103.134 2288.708 1162.749 -0.468
1.000 1317.373 225.612 1364.448 -0.468
1468.634 1866.533 1716.492 1925.532 -0.469
650.178 539.678 830.793 600.591 -0.479
425.621 199.492 553.346 280.033 -0.480
631.197 26.018 839.461 81.544 -0.483
9.928 1346.028 386.807 1455.688 -0.485
826.922 1.789 938.217 91.736 -0.493
1494.273 11.904 1549.171 47.578 -0.495
1268.537 1877.675 1563.853 1903.690 -0.495
1414.154 173.175 1517.858 262.739 -0.495
1825.970 1627.396 1925.559 1709.469 -0.495
349.262 68.190 529.317 151.051 -0.497
2177.829 1287.810 2376.124 1353.010 -0.499
1065.640 14.067 1127.725 99.941 -0.499
1560.060 1746.883 1704.829 1944.000 -0.507
804.051 1769.762 927.864 1783.612 -0.508
2419.336 113.526 2580.070 160.728 -0.509
833.609 878.964 955.273 1023.195 -0.510
81.366 1265.603 179.154 1381.343 -0.513
1213.295 1849.577 1528.354 1944.000 -0.514
2283.135 1210.884 2507.355 1300.474 -0.515
1106.977 1770.102 1237.743 1944.000 -0.516
1056.927 313.215 1184.382 340.252 -0.520
808.429 192.085 1021.181 291.178 -0.524
966.058 1862.841 1236.508 1944.000 -0.524
342.572 218.316 557.992 315.994 -0.526
427.898 1824.550 597.611 1855.959 -0.527
38.177 1283.163 256.394 1360.377 -0.529
1531.864 369.491 1668.832 428.334 -0.534
1245.198 13.913 1339.089 52.457 -0.543
1672.888 1436.716 1823.966 1467.353 -0.543
1571.595 153.641 1651.872 189.416 -0.544
932.293 23.111 1007.655 92.542 -0.546
2299.372 1888.297 2540.551 1929.856 -0.548
1033.035 26.855 1157.995 110.051 -0.550
2428.000 650.378 2492.394 674.901 -0.550
1661.260 1514.494 1784.768 1546.963 -0.552
711.988 907.259 919.383 956.561 -0.552
901.889 1851.270 994.629 1929.492 -0.553
2113.647 1208.370 2310.804 1305.010 -0.554
377.817 448.928 557.478 538.744 -0.556
2216.047 1163.458 2464.309 1234.176 -0.556
880.095 13.659 994.034 95.991 -0.557
421.584 286.847 564.437 357.915 -0.557
834.419 1888.881 993.949 1940.644 -0.559
341.941 406.818 591.252 467.359 -0.561
336.101 96.335 532.319 204.858 -0.561
187.051 1272.345 381.878 1345.500 -0.564
951.901 15.424 1067.034 96.348 -0.564
1440.685 10.572 1528.477 39.838 -0.567
349.969 3.297 439.874 36.588 -0.571
815.791 259.563 1060.667 331.835 -0.575
1963.409 1202.380 2149.898 1252.141 -0.577
804.612 1728.965 950.971 1805.931 -0.578
769.052 554.897 993.163 600.187 -0.578
2383.136 1293.118 2536.341 1355.704 -0.581
1603.939 12.643 1665.185 54.501 -0.583
665.580 791.637 821.148 860.816 -0.584
1586.057 248.307 1672.039 308.354 -0.585
1123.671 953.731 1184.128 1094.963 -0.585
2058.962 1185.023 2192.607 1234.725 -0.588
624.790 227.693 820.723 272.846 -0.589
2435.890 1164.855 2524.865 1243.719 -0.592
370.774 309.805 609.978 392.991 -0.593
1066.658 130.753 1207.386 171.455 -0.597
1685.557 1493.921 1793.128 1534.935 -0.598
1904.975 1549.566 2088.067 1601.748 -0.598
2012.845 1127.722 2191.422 1204.469 -0.601
1683.924 1889.766 1937.959 1929.663 -0.603
2332.431 1842.505 2551.037 1939.158 -0.603
1932.263 1224.937 2186.262 1283.465 -0.605
2060.657 1225.952 2406.601 1317.206 -0.607
58.104 1092.625 222.799 1160.633 -0.608
618.672 759.613 740.959 847.173 -0.608
530.186 1837.444 671.545 1852.766 -0.609
279.144 1059.892 412.022 1177.765 -0.609
69.356 1840.972 270.593 1895.000 -0.614
2184.761 127.392 2318.187 181.474 -0.615
2366.476 1175.575 2559.515 1248.211 -0.617
2228.296 1225.267 2581.158 1323.094 -0.617
1708.443 996.734 1818.706 1015.007 -0.619
809.881 290.194 957.258 394.744 -0.619
2157.409 1139.254 2341.280 1208.297 -0.620
1102.633 842.888 1240.680 913.115 -0.624
1329.771 163.353 1462.182 256.800 -0.624
467.610 451.079 638.431 554.800 -0.627
500.197 70.303 617.264 174.930 -0.630
1382.536 579.499 1657.667 659.750 -0.632
699.121 1757.797 867.712 1778.116 -0.633
455.296 266.837 638.540 366.071 -0.635
1059.191 908.835 1216.453 972.763 -0.636
932.291 1829.986 1320.055 1929.887 -0.637
658.069 273.342 799.102 334.701 -0.638
1507.800 545.827 1589.994 572.031 -0.642
669.538 1703.653 876.205 1766.276 -0.644
2175.978 1162.605 2504.613 1312.072 -0.645
2329.660 630.457 2537.211 682.659 -0.645
660.330 299.561 763.836 372.190 -0.650
1106.855 19.519 1213.434 96.273 -0.651
600.925 234.799 792.126 311.337 -0.653
1706.902 1819.563 1837.747 1944.000 -0.654
1213.003 98.020 1368.146 264.348 -0.654
301.822 879.639 439.180 988.570 -0.656
1.000 1127.013 260.474 1177.745 -0.657
1255.932 664.826 1335.058 743.085 -0.657
1136.561 210.921 1283.503 301.425 -0.658
1291.572 170.988 1570.227 260.006 -0.660
410.589 1856.018 517.826 1875.847 -0.665
1109.591 931.666 1214.038 1070.763 -0.666
645.168 182.875 778.820 245.952 -0.667
804.918 524.517 958.905 618.655 -0.667
2.114 1183.109 183.105 1236.994 -0.667
1766.416 1662.742 1975.886 1716.205 -0.669
1274.024 359.484 1473.485 420.895 -0.673
2000.338 155.653 2115.194 199.687 -0.675
1504.054 1823.956 1580.709 1943.780 -0.676
2193.819 1644.706 2343.519 1704.262 -0.677
2037.987 1090.958 2222.397 1219.974 -0.678
1397.969 651.051 1518.031 716.948 -0.679
869.167 531.426 1061.283 598.875 -0.681
724.347 61.237 763.887 112.492 -0.681
1765.178 14.426 1842.290 34.246 -0.682
2315.768 115.220 2362.097 203.842 -0.682
267.231 12.415 503.569 112.233 -0.683
658.254 579.528 796.030 642.066 -0.684
1369.818 966.536 1542.975 1021.626 -0.684
2087.884 1326.626 2224.703 1335.518 -0.685
554.150 1015.895 658.340 1129.855 -0.686
1178.205 953.626 1393.965 1004.576 -0.687
463.161 1782.220 791.918 1818.705 -0.687
1154.401 389.024 1188.490 431.823 -0.688
763.199 513.872 1046.758 598.983 -0.688
1682.861 1529.536 1806.765 1565.957 -0.690
1059.969 109.866 1261.677 166.093 -0.693
525.754 132.655 628.896 209.917 -0.693
735.538 459.572 760.704 500.939 -0.694
1612.211 160.073 1716.158 220.533 -0.696
2169.322 1666.179 2367.890 1727.489 -0.696
426.318 11.126 587.628 78.006 -0.696
1535.808 536.923 1616.497 587.506 -0.698
489.944 1833.134 624.315 1882.597 -0.698
661.098 1785.432 821.731 1846.704 -0.699
247.565 943.137 457.116 1012.951 -0.700
607.687 50.124 773.831 118.002 -0.700
1580.430 147.495 1656.152 223.740 -0.700
788.674 862.022 981.027 909.507 -0.702
346.737 1844.558 482.391 1867.584 -0.703
1763.520 1539.089 1808.887 1608.122 -0.704
1347.826 714.694 1453.453 736.683 -0.705
1159.646 160.351 1236.433 237.257 -0.705
8.015 1826.670 124.574 1858.320 -0.705
2090.725 140.315 2213.210 205.711 -0.706
474.394 16.816 608.457 134.138 -0.707
260.265 1245.398 420.357 1305.650 -0.708
1367.286 997.193 1576.750 1059.914 -0.708
847.698 811.250 1038.797 880.165 -0.709
1327.892 236.594 1475.713 295.908 -0.710
2021.603 1181.450 2312.281 1242.671 -0.712
481.498 136.189 578.770 217.830 -0.712
813.068 154.175 902.527 185.555 -0.712
1054.745 1031.283 1137.165 1066.010 -0.713
1765.598 559.490 1867.920 587.241 -0.713
608.187 1766.895 869.348 1819.272 -0.713
2121.019 1259.978 2420.738 1372.590 -0.714
1565.431 414.873 1634.011 445.932 -0.716
1224.359 30.823 1292.383 69.410 -0.716
1185.211 15.898 1301.972 80.487 -0.716
1089.168 353.098 1197.667 398.731 -0.718
1456.260 26.966 1478.642 75.779 -0.721
1496.338 945.722 1588.525 974.847 -0.721
1577.941 7.618 1636.033 51.647 -0.722
2334.733 136.300 2406.148 164.097 -0.722
442.736 386.479 657.646 480.021 -0.723
7.860 1157.250 204.104 1213.330 -0.723
1213.815 876.880 1371.547 1026.095 -0.723
1099.004 392.497 1195.953 412.880 -0.723
723.084 12.678 882.171 111.255 -0.725
1068.999 163.855 1236.388 226.503 -0.727
1964.114 1103.434 2064.238 1181.417 -0.728
1079.420 883.187 1251.716 935.342 -0.728
1419.854 1367.895 1513.831 1392.090 -0.729
708.794 462.979 772.961 497.818 -0.729
1268.935 1738.520 1471.306 1796.798 -0.729
303.026 190.297 618.279 267.845 -0.729
873.308 158.969 928.248 196.348 -0.730
1106.882 1728.787 1323.185 1939.214 -0.730
1446.643 626.401 1603.754 699.929 -0.731
1962.680 1069.657 2128.161 1132.744 -0.731
2074.341 1601.813 2158.193 1632.530 -0.733
1286.946 967.299 1431.814 1040.619 -0.734
790.180 466.481 884.771 502.357 -0.734
851.957 868.813 1050.955 1022.259 -0.734
2282.496 118.451 2383.127 196.947 -0.735
445.615 108.298 578.375 241.447 -0.736
1453.176 1761.582 1588.356 1818.065 -0.736
967.583 237.499 1090.647 375.888 -0.737
2056.819 1643.016 2251.742 1697.577 -0.739
2120.153 611.593 2162.581 649.329 -0.741
251.216 859.014 474.427 925.188 -0.742
71.419 1287.910 352.607 1389.551 -0.742
1362.381 1812.784 1599.084 1936.553 -0.742
1986.655 1170.327 2096.538 1311.658 -0.743
1372.416 691.962 1487.245 732.729 -0.744
1493.603 312.497 1537.241 390.760 -0.744
1466.981 538.711 1611.728 614.648 -0.744
2273.341 1813.144 2592.000 1876.618 -0.745
1394.619 17.601 1511.687 79.913 -0.745
1729.730 9.599 1809.248 43.907 -0.746
2051.218 1590.994 2213.986 1648.113 -0.746
2409.336 1737.114 2592.000 1944.000 -0.747
60.881 1809.401 285.149 1872.197 -0.747
752.478 808.000 977.866 892.083 -0.748
554.617 1806.419 666.174 1873.258 -0.750
12.686 1455.315 203.071 1513.547 -0.751
2299.600 1146.301 2427.663 1171.635 -0.752
1627.704 1419.380 1815.075 1472.301 -0.752
1939.661 1134.511 2084.937 1210.849 -0.752
1778.531 4.502 1769.904 52.070 -0.754
47.116 1821.128 213.327 1924.806 -0.754
1563.650 316.410 1647.181 340.522 -0.755
1876.942 1526.856 2072.056 1575.481 -0.755
667.901 356.250 793.577 387.265 -0.758
279.874 856.306 477.567 1050.204 -0.759
374.403 1834.321 511.879 1901.007 -0.760
518.557 548.102 627.144 666.742 -0.760
679.234 1719.273 922.652 1819.472 -0.761
1338.116 6.081 1403.121 59.688 -0.764
308.560 261.153 584.859 348.122 -0.765
949.764 164.340 1005.499 214.790 -0.766
1475.032 138.045 1589.886 170.500 -0.766
1464.013 6.155 1544.697 73.690 -0.767
1084.300 324.955 1219.967 350.941 -0.767
1562.636 213.461 1661.167 283.193 -0.768
1385.059 966.786 1518.941 1097.475 -0.769
824.276 1876.381 1089.598 1944.000 -0.769
1823.464 119.900 1899.672 151.616 -0.771
1270.948 1681.962 1441.674 1752.177 -0.771
806.973 49.929 976.158 115.604 -0.772
1623.622 1616.630 1774.183 1631.395 -0.772
386.659 367.118 590.280 425.954 -0.774
1106.898 247.642 1162.996 293.983 -0.775
44.596 1055.935 85.812 1111.970 -0.777
1776.361 20.201 1832.735 64.982 -0.777
389.582 1040.478 533.076 1175.013 -0.777
368.858 1243.601 548.002 1274.734 -0.779
1443.373 552.594 1574.746 743.604 -0.779
2289.075 1132.457 2467.386 1188.434 -0.779
1925.877 1107.275 2143.883 1193.791 -0.780
825.249 164.387 1061.565 222.640 -0.780
946.883 22.370 1184.948 110.188 -0.780
894.507 551.310 997.544 648.647 -0.781
1156.958 545.535 1300.795 681.724 -0.783
2072.238 162.832 2140.230 231.947 -0.783
1415.413 9.384 1397.111 95.628 -0.783
696.033 602.836 751.978 686.487 -0.784
1468.455 287.277 1612.246 358.566 -0.785
296.044 1038.365 404.171 1066.242 -0.786
872.259 1332.452 973.713 1425.412 -0.787
1620.778 104.685 1711.261 202.644 -0.787
1229.215 1706.361 1512.285 1917.629 -0.788
1522.711 244.487 1621.692 295.419 -0.789
1333.087 19.417 1416.326 100.444 -0.791
343.648 1189.064 458.275 1312.420 -0.794
1499.555 1393.148 1601.592 1419.942 -0.794
135.522 1832.983 327.237 1913.448 -0.795
1512.125 127.544 1544.191 213.280 -0.795
1490.498 359.233 1584.359 432.937 -0.796
1935.465 569.189 2002.669 650.370 -0.796
1262.118 404.291 1361.044 439.548 -0.796
2141.435 106.955 2207.408 156.559 -0.798
1451.229 148.566 1658.411 208.163 -0.798
33.104 1116.267 289.112 1234.296 -0.798
545.615 1735.429 720.501 1761.114 -0.799
820.366 785.294 915.621 824.790 -0.799
479.235 1468.704 625.613 1546.866 -0.800
2000.505 580.376 2087.895 606.509 -0.801
1684.049 1465.643 1805.534 1521.210 -0.803
2143.715 1096.049 2383.721 1169.472 -0.803
532.544 1767.213 676.157 1867.674 -0.804
1597.407 318.570 1610.345 417.251 -0.804
765.172 7.009 746.606 86.264 -0.805
1989.799 1574.914 2166.389 1623.845 -0.805
2086.897 605.529 2202.010 644.490 -0.805
1817.977 1836.285 1895.066 1940.172 -0.806
837.827 320.745 1004.219 429.452 -0.806
1403.930 938.972 1606.539 1003.015 -0.806
2488.246 159.316 2564.630 187.239 -0.809
689.901 7.289 746.332 41.165 -0.809
2097.307 1119.594 2379.888 1215.174 -0.810
1589.491 111.781 1676.086 256.865 -0.810
1163.686 700.646 1216.677 774.829 -0.810
649.248 7.350 826.840 124.709 -0.812
664.563 155.328 733.830 187.700 -0.812
1334.452 904.265 1592.439 1024.310 -0.812
1113.167 364.398 1248.814 422.883 -0.813
2115.592 126.677 2259.665 217.552 -0.814
1270.309 14.564 1362.365 98.320 -0.816
115.545 1247.526 375.997 1285.103 -0.816
414.300 1210.164 566.737 1278.026 -0.817
294.709 1273.579 494.431 1320.586 -0.819
1181.816 846.410 1483.438 1100.720 -0.821
1946.971 1191.076 2277.736 1272.970 -0.821
2169.008 1060.768 2554.807 1357.788 -0.821
1071.879 198.302 1213.159 320.807 -0.822
1803.342 130.346 1856.494 169.535 -0.822
1963.324 1637.989 2152.524 1654.218 -0.822
1302.450 22.018 1282.383 82.943 -0.822
1452.660 1370.469 1560.226 1404.756 -0.824
145.556 856.513 227.795 888.857 -0.824
1066.189 408.444 1180.111 433.131 -0.825
1894.960 1053.096 2143.622 1098.208 -0.825
2222.148 124.393 2206.781 184.692 -0.825
1294.833 337.256 1381.913 368.346 -0.828
1656.339 1495.809 1836.648 1543.306 -0.828
1587.038 301.179 1690.400 359.333 -0.830
1986.821 140.005 2040.525 169.824 -0.830
1555.405 17.178 1612.371 93.981 -0.832
124.537 1068.636 293.791 1150.188 -0.832
2337.099 610.305 2367.342 641.619 -0.833
1524.768 304.901 1701.212 369.558 -0.833
1632.980 17.250 1716.651 36.574 -0.834
744.583 226.119 740.257 286.079 -0.834
945.942 1462.937 1202.988 1564.440 -0.836
1389.297 359.679 1600.414 418.947 -0.838
703.428 1354.864 852.215 1524.189 -0.839
305.668 362.169 540.691 468.504 -0.840
1297.204 292.684 1446.287 353.029 -0.842
2260.186 1687.955 2460.954 1739.491 -0.844
1377.731 233.576 1563.552 307.587 -0.846
2401.773 1686.651 2592.000 1741.073 -0.846
2495.581 677.229 2556.414 704.489 -0.847
438.362 206.353 431.010 338.096 -0.848
2467.873 153.654 2489.124 194.789 -0.849
1292.355 14.154 1254.042 129.490 -0.849
1938.754 1024.971 2051.124 1208.623 -0.850
1032.993 942.628 1183.500 1002.880 -0.850
2135.825 1808.761 2278.118 1822.801 -0.851
2381.246 97.807 2497.910 173.934 -0.852
601.835 553.439 765.360 628.267 -0.854
1801.020 1483.576 1956.012 1498.825 -0.856
1307.791 1647.714 1372.686 1705.090 -0.857
403.600 1811.214 618.869 1833.981 -0.858
2495.172 654.775 2564.166 694.419 -0.859
142.500 873.852 274.319 898.538 -0.860
1685.461 1474.012 1808.535 1618.250 -0.860
1483.915 12.492 1593.316 84.309 -0.860
2153.155 1702.533 2324.359 1758.367 -0.860
440.039 1818.889 561.398 1890.548 -0.860
600.784 170.238 824.663 225.072 -0.862
1716.906 991.027 1829.162 1027.328 -0.862
1998.821 1614.838 2251.218 1678.886 -0.862
2393.807 1628.685 2530.345 1810.540 -0.862
1352.966 632.079 1527.695 698.967 -0.862
2235.636 1624.766 2390.459 1687.372 -0.863
2498.757 104.878 2480.982 158.567 -0.863
2240.014 150.366 2443.844 196.743 -0.865
2307.934 609.145 2398.202 639.417 -0.866
238.221 89.400 446.616 197.208 -0.867
1409.066 946.686 1613.104 1101.266 -0.869
1124.456 46.306 1109.112 102.584 -0.869
1378.189 539.371 1541.247 580.391 -0.869
2446.442 81.724 2532.573 187.343 -0.870
6.672 1053.097 267.715 1128.701 -0.870
964.665 872.946 1214.427 933.940 -0.870
781.064 243.411 943.846 417.630 -0.870
1967.403 1022.629 2145.442 1185.756 -0.870
677.601 455.844 784.962 485.335 -0.871
1261.701 1593.795 1359.120 1620.030 -0.872
1096.434 106.304 1271.580 279.185 -0.874
832.897 1310.154 955.206 1442.939 -0.875
2097.711 1634.567 2437.226 1704.483 -0.875
2009.160 1701.895 2091.496 1784.357 -0.877
1709.048 1006.061 1815.048 1047.117 -0.878
1962.234 1607.375 2039.111 1648.540 -0.878
1972.868 1124.679 2333.646 1274.841 -0.878
1519.191 877.165 1641.071 886.729 -0.880
1294.091 220.575 1436.537 329.434 -0.880
2525.629 121.684 2583.488 246.068 -0.882
419.903 1430.708 640.971 1557.400 -0.882
1466.900 1377.233 1639.885 1411.310 -0.882
607.460 705.977 775.537 864.387 -0.883
2297.367 1693.725 2356.846 1791.890 -0.884
851.485 1419.672 982.248 1496.972 -0.884
834.131 1261.874 909.883 1354.745 -0.885
680.108 869.471 753.395 918.970 -0.886
673.686 472.317 841.978 532.905 -0.886
1950.567 120.965 2016.449 154.585 -0.886
858.137 1527.484 1044.011 1689.534 -0.887
140.671 1676.354 254.364 1697.450 -0.888
449.172 89.939 700.746 166.156 -0.889
1620.990 349.467 1686.401 408.238 -0.889
1750.073 546.664 1836.435 606.573 -0.890
634.084 711.789 814.124 952.894 -0.890
1843.209 95.221 1842.159 154.468 -0.892
1285.941 554.315 1530.929 654.570 -0.893
18.528 1021.487 212.062 1197.167 -0.894
2111.193 629.894 2195.574 661.272 -0.894
822.424 119.195 978.897 192.453 -0.895
1865.651 106.604 1850.941 159.473 -0.896
1536.799 157.785 1670.201 304.107 -0.897
1538.471 424.877 1616.697 456.522 -0.897
955.448 1314.588 1056.864 1341.918 -0.897
761.024 123.238 935.356 273.756 -0.898
1894.576 1609.731 2026.692 1633.159 -0.898
1693.052 13.847 1751.161 42.511 -0.898
1587.063 353.282 1732.037 412.971 -0.898
851.371 1204.269 917.452 1293.214 -0.898
1809.950 1532.967 1933.621 1553.775 -0.899
1091.566 1233.861 1171.708 1283.728 -0.899
1119.536 1563.866 1283.448 1651.948 -0.900
664.880 288.866 791.491 433.382 -0.900
254.255 1232.913 360.305 1252.689 -0.900
1017.550 1692.059 1090.926 1727.026 -0.903
766.864 1675.424 923.237 1735.555 -0.904
852.894 133.927 1039.119 258.094 -0.905
1789.663 146.004 1877.289 198.312 -0.905
1.000 1746.409 108.904 1770.943 -0.908
1508.897 561.586 1742.381 669.218 -0.908
1361.038 602.218 1482.436 766.149 -0.910
1025.858 906.905 1213.001 1086.324 -0.912
2461.849 670.917 2548.755 700.665 -0.913
1928.689 998.064 2247.951 1248.962 -0.913
932.995 1294.197 1031.816 1445.993 -0.914
1346.566 133.955 1591.671 204.514 -0.916
1794.139 111.739 1867.716 158.623 -0.917
793.046 937.172 856.622 990.760 -0.917
1890.767 1864.629 2005.652 1882.936 -0.917
1024.577 1421.356 1108.958 1472.974 -0.918
1801.030 586.650 1864.415 612.552 -0.919
2226.120 125.259 2348.641 238.257 -0.919
1279.988 47.843 1271.528 96.907 -0.919
96.887 1252.743 353.724 1519.428 -0.920
767.398 780.397 943.642 814.919 -0.920
1904.254 12.137 1943.642 40.194 -0.921
2157.910 101.172 2311.376 160.127 -0.922
21.449 1266.715 60.449 1315.260 -0.923
1526.407 154.988 1515.983 204.760 -0.924
1402.742 8.433 1399.247 61.334 -0.925
1466.813 523.223 1661.142 734.565 -0.925
1523.758 1409.579 1630.164 1435.416 -0.925
2129.225 621.430 2282.726 653.052 -0.926
1951.651 141.531 2118.847 183.577 -0.926
1895.313 1906.441 1973.958 1944.000 -0.927
180.371 1517.529 308.622 1535.365 -0.928
856.830 307.520 1124.014 402.876 -0.928
1542.711 105.223 1748.473 297.284 -0.928
1378.025 1353.220 1471.551 1382.284 -0.929
1473.822 1745.627 1554.692 1873.806 -0.929
1731.516 926.975 1831.759 1093.281 -0.930
1224.642 1482.630 1328.690 1627.149 -0.931
1051.668 389.847 1141.831 468.377 -0.932
1370.961 1337.230 1496.432 1382.747 -0.933
1414.331 1769.700 1702.868 1828.093 -0.933
776.940 1910.764 848.149 1944.000 -0.933
776.622 475.170 1017.579 537.021 -0.933
1008.510 1707.619 1108.257 1759.511 -0.933
1597.375 15.554 1696.912 85.783 -0.934
2150.846 1597.657 2298.568 1617.393 -0.935
922.419 311.962 921.282 359.538 -0.935
4.320 1260.613 84.690 1344.452 -0.937
1249.974 363.460 1310.184 456.782 -0.937
1532.972 1142.650 1660.702 1164.247 -0.938
1813.033 1499.721 1919.529 1523.123 -0.939
388.383 49.414 665.010 160.552 -0.939
1201.557 166.721 1190.736 217.515 -0.940
2022.571 145.420 2086.574 237.576 -0.940
2524.928 1136.363 2592.000 1235.836 -0.941
549.902 10.373 732.149 71.334 -0.941
438.565 631.986 498.976 694.362 -0.941
1556.626 418.906 1652.956 479.420 -0.942
1815.296 1313.374 1932.676 1334.805 -0.942
525.306 668.730 558.925 712.597 -0.943
83.697 1788.071 203.544 1827.795 -0.944
24.977 749.199 99.565 778.204 -0.944
808.756 586.996 945.213 657.531 -0.945
2095.293 1537.325 2181.499 1583.019 -0.945
960.243 34.799 949.314 79.270 -0.946
1831.088 1715.988 1913.653 1759.397 -0.947
1053.189 1568.239 1169.113 1648.635 -0.947
2466.934 54.314 2592.000 222.655 -0.947
334.530 1512.572 423.125 1556.696 -0.949
625.279 1737.739 693.384 1789.249 -0.950
422.620 92.361 408.651 190.187 -0.952
468.159 629.401 603.068 714.557 -0.952
1748.040 1624.583 1889.307 1696.329 -0.952
553.299 1338.361 634.057 1383.792 -0.953
2247.698 1734.381 2387.373 1762.294 -0.954
474.602 885.594 596.718 956.537 -0.954
776.986 943.929 880.400 1009.544 -0.954
942.465 66.954 938.276 125.803 -0.954
1106.742 395.269 1180.463 474.118 -0.954
471.560 1172.533 552.762 1311.312 -0.954
218.903 1224.176 492.868 1268.441 -0.954
1775.483 1499.297 1952.722 1553.619 -0.955
837.778 823.353 1105.528 905.677 -0.956
2493.039 1654.610 2592.000 1703.810 -0.958
148.917 1489.871 353.188 1612.136 -0.958
570.715 142.888 567.167 216.403 -0.958
1086.944 314.563 1163.004 373.265 -0.959
786.323 100.987 1032.556 180.258 -0.959
1751.356 116.294 1820.472 137.670 -0.960
601.940 1742.979 814.566 1851.788 -0.960
510.426 1732.883 581.223 1772.041 -0.960
970.923 58.829 964.944 106.207 -0.960
1319.207 405.163 1401.015 456.244 -0.960
1352.777 15.623 1347.596 89.925 -0.961
160.221 887.363 272.068 910.879 -0.961
1.000 1801.343 116.368 1818.929 -0.961
1529.283 1855.992 1821.910 1899.127 -0.961
2284.313 604.358 2366.948 655.340 -0.961
1223.638 352.826 1339.018 432.730 -0.961
170.434 1018.068 278.967 1071.292 -0.962
1908.959 5.698 1990.570 60.925 -0.962
2143.798 1793.015 2234.229 1816.484 -0.963
2204.997 1621.854 2338.967 1774.655 -0.964
254.995 968.826 417.877 1128.655 -0.964
2101.968 1668.743 2262.515 1752.156 -0.965
1.355 1231.547 349.021 1276.310 -0.966
1890.736 999.768 2592.000 1411.168 -0.966
415.850 1806.466 644.291 1875.291 -0.966
1865.650 9.170 1930.722 35.025 -0.968
770.521 1691.624 1018.096 1799.932 -0.970
1756.029 1517.010 1981.545 1577.613 -0.970
1581.642 382.476 1579.678 428.643 -0.972
1011.565 845.357 1273.517 1010.468 -0.973
1531.667 1541.355 1600.125 1568.589 -0.973
662.634 615.653 805.646 685.323 -0.974
1049.565 74.339 1241.221 148.315 -0.974
1936.708 1553.877 2154.941 1632.933 -0.975
2315.161 1668.767 2471.525 1816.170 -0.975
2462.801 638.137 2572.958 703.184 -0.975
1727.695 3.493 1827.838 73.005 -0.976
1312.802 22.145 1300.622 79.718 -0.978
1355.836 812.574 1416.576 852.999 -0.978
303.215 1684.020 411.193 1744.650 -0.978
953.654 204.594 1151.919 330.656 -0.980
384.163 540.615 484.184 668.028 -0.980
1.000 729.055 63.108 773.042 -0.980
1411.531 734.520 1500.591 792.146 -0.981
1220.169 1605.762 1780.989 1928.402 -0.981
840.842 19.566 1013.962 134.199 -0.981
2382.319 1445.646 2473.553 1491.791 -0.981
681.602 1523.843 1010.792 1631.226 -0.981
361.756 500.618 499.737 585.811 -0.982
1.000 1704.776 112.365 1732.352 -0.983
2064.488 182.623 2038.459 225.020 -0.984
194.166 872.890 255.783 945.474 -0.986
1984.384 1588.662 2315.097 1658.451 -0.987
2040.648 1.013 2114.119 49.277 -0.987
2302.302 103.110 2456.750 160.864 -0.988
1830.762 1479.767 1922.480 1512.351 -0.988
172.936 953.792 273.993 1075.737 -0.989
697.243 1926.822 855.104 1942.681 -0.989
1375.403 10.355 1371.194 61.547 -0.991
528.026 402.997 694.833 526.947 -0.992
1417.862 1384.055 1553.906 1470.000 -0.992
916.622 776.043 1065.425 946.830 -0.992
666.713 145.822 780.254 296.224 -0.994
1804.809 1249.516 1906.158 1271.882 -0.995
589.765 301.748 717.770 369.434 -0.995
1365.942 351.953 1372.564 476.178 -0.997
2261.353 1863.602 2350.398 1911.345 -0.998
1901.512 1656.489 2180.911 1834.513 -0.998
1802.561 552.561 1872.434 642.248 -0.998
1059.190 1408.815 1194.448 1483.052 -0.999
473.984 53.910 465.315 145.507 -0.999
1580.674 17.350 1579.439 52.129 -0.999
1500.753 12.962 1491.498 56.056 -1.000
2392.157 1419.550 2496.882 1435.030 -1.000
1893.435 1609.650 1968.087 1697.419 -1.001
1180.589 1160.987 1265.349 1206.024 -1.001
526.201 294.212 696.650 392.649 -1.001
677.726 1007.840 769.297 1031.175 -1.002
1025.307 370.215 1195.182 421.473 -1.002
729.740 228.313 1012.359 322.417 -1.002
994.967 1526.219 1139.527 1726.959 -1.003
985.250 37.530 981.828 92.030 -1.003
849.862 456.246 1046.561 655.784 -1.004
119.334 774.904 190.517 818.539 -1.004
649.226 973.614 853.738 1094.536 -1.005
1470.570 381.895 1634.099 442.657 -1.006
1.000 902.350 100.639 931.254 -1.006
1484.725 1115.770 1661.916 1153.172 -1.007
312.532 1867.606 470.812 1929.044 -1.007
1383.941 139.076 1377.242 189.068 -1.008
452.135 1368.623 536.907 1410.423 -1.008
240.908 1203.589 417.698 1357.376 -1.009
1281.493 731.893 1344.268 799.646 -1.009
1244.261 1396.304 1424.726 1506.866 -1.010
1471.203 919.691 1700.011 1050.327 -1.011
2264.530 1391.133 2435.328 1486.462 -1.011
1341.996 318.277 1441.351 396.894 -1.011
2387.861 666.809 2476.705 717.783 -1.011
713.856 847.232 884.897 1002.638 -1.012
464.691 1353.269 625.280 1453.404 -1.012
2024.022 122.936 2180.494 164.611 -1.012
928.190 1147.650 1032.618 1165.846 -1.013
1974.552 9.724 2008.536 38.016 -1.013
1728.401 586.342 1867.277 614.659 -1.014
1934.082 1508.612 2592.000 1944.000 -1.014
1516.425 283.311 1713.917 315.266 -1.014
1403.420 521.091 1477.557 554.527 -1.014
2352.219 1.000 2424.881 36.155 -1.015
128.095 1732.084 176.071 1784.538 -1.015
1155.766 253.359 1361.309 320.246 -1.016
633.059 1644.660 738.102 1701.438 -1.017
303.592 293.934 539.904 415.289 -1.018
98.686 1043.121 336.494 1163.786 -1.018
1355.476 520.904 1544.847 714.062 -1.019
1392.351 278.931 1485.914 360.910 -1.019
1877.559 1870.890 1966.388 1916.809 -1.019
1545.624 758.772 1632.427 809.765 -1.020
1175.068 1431.932 1247.017 1467.209 -1.021
1.000 943.086 127.842 1018.236 -1.021
1540.448 5.662 1637.328 61.710 -1.021
1599.218 388.306 1596.440 426.567 -1.023
2377.777 1428.164 2537.412 1538.067 -1.023
1625.882 151.868 1617.766 186.326 -1.023
1.000 1648.888 65.713 1696.455 -1.024
1498.269 29.442 1741.205 71.908 -1.024
2197.480 603.152 2260.553 697.060 -1.025
2093.347 1478.475 2177.168 1503.392 -1.025
727.982 1306.025 852.454 1327.665 -1.025
1450.559 1386.529 2209.424 1800.974 -1.026
1818.573 7.694 1905.623 57.314 -1.026
1339.235 367.247 1358.511 486.737 -1.027
1426.677 175.677 1421.585 219.268 -1.028
706.362 1920.558 891.843 1927.067 -1.028
881.943 1322.953 1090.947 1379.162 -1.028
680.980 1263.246 747.338 1300.574 -1.029
2095.941 119.582 2091.533 181.066 -1.029
1284.668 1263.531 1395.895 1321.295 -1.030
849.134 643.751 914.366 681.430 -1.030
1914.558 141.929 2057.028 210.336 -1.030
401.733 1701.557 476.183 1742.195 -1.032
1764.007 123.902 1828.044 163.967 -1.032
187.760 1725.381 349.657 1743.082 -1.032
1463.169 1354.611 1613.445 1399.010 -1.033
581.479 1571.361 723.409 1591.152 -1.033
385.587 1612.228 486.208 1666.403 -1.034
1.000 1813.735 106.621 1836.704 -1.034
1448.743 313.402 1580.424 395.760 -1.035
2483.220 104.768 2476.228 145.519 -1.037
1.000 1889.035 67.260 1922.397 -1.038
1158.151 1645.171 1235.998 1685.095 -1.038
1346.700 711.998 1507.331 815.370 -1.038
1233.921 734.352 1315.833 761.014 -1.039
1805.466 1202.475 1908.191 1227.706 -1.039
915.813 1056.048 995.757 1098.715 -1.040
2002.877 93.619 2080.981 160.804 -1.041
1001.044 1340.998 1114.827 1411.496 -1.041
634.370 1133.717 700.660 1172.758 -1.041
1187.957 1412.103 1465.027 1582.306 -1.041
891.217 1082.349 947.602 1170.991 -1.041
1052.270 1172.638 1218.039 1272.967 -1.042
1752.691 1796.699 1850.323 1845.448 -1.043
584.604 1128.242 656.759 1170.213 -1.043
449.313 890.917 642.738 1000.494 -1.043
2058.409 94.722 2169.357 220.054 -1.044
977.382 1270.705 1085.108 1322.864 -1.044
2387.699 637.395 2563.071 721.456 -1.044
51.117 962.818 301.856 1147.844 -1.045
283.862 1796.504 371.679 1840.891 -1.045
802.302 1249.392 841.449 1358.259 -1.045
835.679 1483.675 1196.691 1602.980 -1.046
217.508 1744.814 341.504 1766.371 -1.046
449.491 1754.445 722.539 1909.609 -1.046
574.510 822.080 639.436 894.025 -1.046
509.661 1663.496 601.667 1714.124 -1.047
1039.300 1654.490 1301.709 1801.549 -1.047
537.087 1514.057 740.722 1627.705 -1.047
1751.518 1798.931 1919.265 1944.000 -1.047
338.442 1270.707 641.790 1423.443 -1.047
11.933 1830.830 70.179 1907.867 -1.048
341.154 1401.682 710.028 1620.225 -1.048
512.444 232.333 639.596 298.835 -1.048
206.251 1653.916 270.060 1692.794 -1.049
1066.139 1248.890 1174.575 1315.540 -1.049
768.247 127.878 1062.890 311.599 -1.049
2482.013 139.078 2471.043 197.019 -1.050
1339.347 580.036 1586.309 794.038 -1.051
1618.063 147.336 1611.914 192.363 -1.051
769.485 1295.159 894.012 1319.035 -1.051
754.634 841.613 1013.454 938.746 -1.052
1073.754 1561.092 1288.592 1697.031 -1.052
28.867 1641.314 115.179 1691.018 -1.052
2509.800 682.334 2591.766 735.247 -1.052
714.267 836.616 1021.603 1035.102 -1.052
17.149 867.142 139.388 942.335 -1.052
716.818 1641.639 902.317 1854.095 -1.053
380.736 484.529 654.074 573.048 -1.053
1183.555 1155.369 1307.974 1231.882 -1.053
1279.005 1573.549 1385.966 1631.837 -1.054
25.548 730.246 116.629 783.357 -1.054
1161.680 479.788 1237.224 525.945 -1.054
2416.343 177.043 2495.652 225.165 -1.054
1842.919 1235.643 1935.529 1271.220 -1.054
1842.976 85.864 1822.860 163.948 -1.055
777.162 1259.054 885.864 1327.434 -1.055
1612.827 145.598 1592.726 190.047 -1.055
1507.636 423.672 1582.498 467.587 -1.055
200.882 1609.446 272.833 1648.145 -1.056
1.000 1233.969 183.634 1361.985 -1.056
736.219 1559.141 1224.392 1682.117 -1.056
388.985 1724.540 454.489 1757.045 -1.057
2445.878 1391.142 2530.828 1433.403 -1.057
1510.210 265.166 1660.256 345.297 -1.058
68.867 1758.044 199.929 1780.103 -1.059
1.000 1419.536 52.941 1504.742 -1.059
1178.057 312.704 1252.181 353.022 -1.059
918.725 1108.260 1033.349 1175.787 -1.060
171.177 1650.978 298.294 1670.235 -1.060
1572.426 283.209 1639.456 416.248 -1.061
1583.303 716.819 1665.840 761.060 -1.061
628.442 1621.205 806.159 1711.942 -1.063
331.528 1155.428 585.999 1291.733 -1.063
436.707 800.456 546.017 864.785 -1.063
654.699 1364.458 1032.056 1651.368 -1.064
475.038 1717.227 550.758 1759.874 -1.064
1396.808 808.855 1491.676 868.532 -1.064
1080.225 492.483 1154.204 547.211 -1.064
164.131 1708.614 278.269 1737.487 -1.064
2026.929 568.941 2109.947 618.057 -1.064
317.229 1.000 605.186 169.962 -1.064
227.076 1681.432 308.444 1725.333 -1.065
397.777 1787.564 483.088 1824.800 -1.065
661.639 105.981 781.163 182.668 -1.065
1.000 1657.073 74.140 1787.933 -1.066
2325.552 649.211 2337.478 698.495 -1.066
184.705 746.290 263.416 792.571 -1.067
215.199 1747.059 293.509 1787.642 -1.067
119.816 812.411 203.644 860.687 -1.067
284.247 1838.066 432.322 1898.682 -1.067
2433.129 3.194 2515.668 53.953 -1.067
2273.600 715.978 2362.229 767.695 -1.068
422.576 841.478 498.024 882.916 -1.068
1009.091 1364.485 1474.300 1656.783 -1.069
1496.386 1124.207 1615.085 1195.151 -1.070
1298.879 1159.796 1385.713 1203.876 -1.071
1241.673 1313.735 1323.426 1357.527 -1.072
1124.655 464.845 1238.270 532.152 -1.074
1331.189 881.997 1733.153 1081.044 -1.074
342.737 661.236 419.060 707.956 -1.075
172.517 1746.396 238.974 1780.570 -1.075
133.925 1645.807 214.020 1683.617 -1.075
980.956 59.561 941.057 118.370 -1.076
79.248 763.841 164.827 811.465 -1.077
542.319 1600.469 663.272 1672.590 -1.077
263.428 816.439 357.343 873.876 -1.077
659.783 1215.426 734.983 1257.470 -1.078
1430.561 1826.126 1611.272 1822.894 -1.078
1058.063 43.438 1055.206 92.258 -1.078
1349.375 1274.827 1463.328 1383.974 -1.079
741.976 1920.301 904.038 1937.573 -1.079
1640.735 986.065 1852.156 996.267 -1.079
2369.900 162.214 2466.812 218.367 -1.080
84.170 1600.845 149.499 1633.506 -1.080
1362.722 8.163 1461.704 109.978 -1.080
79.183 1550.284 417.773 1741.122 -1.081
1605.369 11.622 1604.159 92.899 -1.081
2403.151 69.031 2493.759 120.145 -1.081
955.100 1667.795 1031.635 1712.912 -1.082
2360.767 640.391 2410.071 739.006 -1.082
2283.976 564.951 2494.948 723.928 -1.083
1845.225 1222.787 1908.444 1308.705 -1.083
1340.359 1260.003 1687.550 1468.828 -1.083
1731.585 26.664 1700.466 75.736 -1.084
2269.734 88.804 2361.346 141.785 -1.085
687.260 468.316 685.365 570.983 -1.085
52.205 828.061 123.403 864.968 -1.085
1097.962 267.462 1205.580 427.246 -1.086
1318.465 265.386 1554.090 331.389 -1.086
317.011 1761.248 384.160 1797.841 -1.086
1185.754 17.179 1175.791 63.214 -1.086
1978.555 1.987 2056.475 54.522 -1.086
136.639 846.384 256.304 863.920 -1.087
1814.631 109.822 1920.862 176.796 -1.087
2060.856 594.347 2205.423 620.344 -1.087
1754.709 101.311 1854.318 130.353 -1.088
718.339 1173.050 808.486 1226.021 -1.089
774.390 1332.516 881.169 1383.843 -1.089
2107.024 582.555 2190.982 697.263 -1.090
1528.133 322.445 1692.765 474.282 -1.090
1200.198 738.246 1301.825 797.516 -1.090
1754.646 104.763 1862.613 176.853 -1.090
521.305 696.510 591.310 738.954 -1.091
786.944 442.910 907.610 575.353 -1.091
1925.351 113.754 2052.790 138.858 -1.091
2302.689 81.824 2522.625 154.362 -1.091
26.976 1405.443 155.429 1540.130 -1.092
2168.865 625.519 2322.438 727.093 -1.093
1094.231 1263.978 1323.377 1410.863 -1.094
1344.487 18.935 1338.867 63.235 -1.094
1220.094 301.660 1293.826 344.110 -1.094
58.361 1776.842 269.807 1818.569 -1.094
869.953 1709.726 1208.871 1905.331 -1.095
11.406 1239.763 510.730 1567.984 -1.095
694.450 1315.758 762.641 1345.450 -1.095
1670.491 10.862 1777.759 77.419 -1.096
12.924 967.113 370.786 1252.690 -1.096
154.382 1659.760 478.909 1861.066 -1.096
814.516 1316.845 1525.299 1767.896 -1.097
756.118 1096.997 1282.242 1414.696 -1.097
1840.484 1314.716 1925.509 1364.567 -1.097
1800.620 1098.132 1881.970 1146.930 -1.098
2034.424 127.903 2012.036 201.426 -1.099
664.135 442.410 790.576 617.889 -1.100
953.325 688.773 1025.685 727.832 -1.101
2109.409 145.280 2081.402 207.026 -1.104
1552.745 1213.070 1627.518 1252.352 -1.104
1255.996 524.298 1331.371 567.214 -1.104
493.677 328.677 639.422 433.575 -1.104
1056.759 47.768 1314.326 133.624 -1.104
1.000 1347.943 633.348 1854.429 -1.105
168.747 1909.163 269.260 1939.360 -1.106
777.723 642.337 847.533 680.760 -1.106
636.217 405.460 796.362 463.863 -1.109
574.431 1116.424 685.956 1191.162 -1.109
1993.258 580.907 2087.159 638.669 -1.109
1751.425 127.590 1879.470 216.445 -1.109
1990.239 144.286 2135.819 228.800 -1.109
1155.742 407.358 1231.036 449.167 -1.110
173.802 694.443 241.569 730.007 -1.112
1857.019 1271.687 1915.777 1346.186 -1.112
2359.358 138.568 2505.995 200.215 -1.113
1833.710 991.161 1951.584 1061.865 -1.113
1877.164 94.216 1853.515 186.576 -1.114
1722.364 28.761 1714.528 70.036 -1.114
1480.881 156.046 1646.025 381.383 -1.114
423.755 84.991 612.268 275.501 -1.114
529.399 808.659 618.877 855.421 -1.115
2174.292 578.291 2265.746 630.507 -1.115
1137.533 203.445 1595.171 319.183 -1.116
761.965 1886.271 869.613 1944.000 -1.116
655.498 1217.969 791.681 1304.316 -1.116
1331.455 494.513 1407.178 545.859 -1.116
2484.501 675.773 2592.000 761.702 -1.117
1544.651 840.965 1580.019 873.498 -1.117
1495.448 159.586 1494.193 199.220 -1.119
2548.537 634.006 2589.844 716.476 -1.119
1500.164 5.284 1495.846 93.756 -1.120
2212.977 1343.244 2479.215 1505.960 -1.120
529.743 44.624 966.280 281.978 -1.121
1983.874 620.203 2064.016 663.408 -1.122
2303.117 118.212 2301.697 168.611 -1.123
551.243 49.557 541.815 113.974 -1.123
1557.307 1191.954 1649.467 1245.690 -1.123
696.182 146.428 660.722 194.034 -1.124
1368.041 1202.951 1438.262 1241.533 -1.124
1330.483 1924.972 1527.256 1921.180 -1.124
776.056 1061.551 882.643 1114.996 -1.124
2134.764 17.719 2213.741 66.137 -1.125
1372.810 346.361 1381.550 473.006 -1.125
1118.893 1022.460 2353.601 1805.818 -1.126
665.024 1517.933 1428.035 1944.000 -1.126
1247.460 340.951 1472.958 375.791 -1.127
2493.947 111.352 2490.354 144.466 -1.130
1098.695 830.942 1096.342 935.271 -1.130
800.204 1017.251 941.470 1107.534 -1.131
482.324 735.119 550.905 780.290 -1.131
509.816 719.512 604.188 774.943 -1.131
1.000 702.153 67.565 751.243 -1.131
336.769 806.170 426.175 854.835 -1.131
704.236 1105.980 776.571 1147.042 -1.132
1317.774 23.832 1310.554 85.424 -1.134
177.926 845.829 283.239 874.392 -1.135
1166.644 179.107 1162.797 229.828 -1.135
1890.377 605.311 2023.438 690.191 -1.135
1592.670 23.542 1587.529 59.519 -1.135
1597.230 8.263 1581.635 57.504 -1.135
1913.508 79.609 2041.991 225.273 -1.136
45.733 786.417 116.596 826.567 -1.136
762.183 296.535 749.413 365.598 -1.136
791.065 762.314 1014.887 857.092 -1.137
327.285 131.291 535.679 294.303 -1.137
1.000 751.299 94.124 815.498 -1.137
609.605 476.732 847.707 662.242 -1.138
1249.857 5.433 1246.317 51.936 -1.138
53.766 771.735 143.430 830.170 -1.140
1471.615 422.630 1555.067 479.326 -1.140
120.862 733.921 193.261 760.943 -1.141
628.296 926.002 925.660 1150.903 -1.143
1145.463 830.432 1708.327 1148.186 -1.144
21.489 742.116 187.224 810.975 -1.145
2174.458 1.000 2258.983 61.886 -1.145
507.716 1093.855 604.134 1150.020 -1.145
466.896 1043.291 1435.676 1692.962 -1.145
1505.007 766.011 1687.439 871.736 -1.145
1367.654 413.196 1442.158 456.472 -1.145
2294.540 13.348 2370.750 56.303 -1.146
248.209 683.931 315.162 722.443 -1.146
2107.630 1.000 2190.669 41.435 -1.148
1254.355 18.637 1252.470 131.754 -1.150
2169.592 83.548 2288.593 226.283 -1.152
2481.368 926.309 2586.979 990.108 -1.154
1818.795 85.176 1816.331 182.557 -1.154
1447.988 11.517 1432.515 58.561 -1.156
1752.660 533.866 1859.599 629.940 -1.156
1500.228 1862.302 1679.743 1857.256 -1.157
1406.655 141.727 1394.429 187.897 -1.157
1763.879 66.284 1906.889 205.652 -1.158
81.131 851.904 182.608 903.669 -1.158
153.937 891.038 262.601 957.496 -1.159
986.763 1910.705 1232.944 1909.401 -1.160
675.132 195.616 672.328 258.580 -1.160
1541.615 705.120 1632.324 765.011 -1.161
1083.246 688.102 1157.302 729.008 -1.161
1073.826 661.326 1153.514 703.515 -1.162
410.493 665.161 478.296 707.375 -1.163
793.238 678.151 863.556 712.863 -1.163
498.561 758.890 571.010 798.764 -1.163
453.885 863.725 733.967 1034.149 -1.164
2020.771 140.678 2207.995 266.225 -1.164
1270.888 388.814 1370.421 456.969 -1.164
2023.956 164.506 2020.697 207.060 -1.164
1627.237 123.872 1615.876 221.860 -1.164
1146.718 381.643 1294.820 450.638 -1.165
2055.802 579.441 2140.234 630.630 -1.166
247.449 771.660 312.451 810.320 -1.166
384.967 780.983 452.005 818.472 -1.168
1256.624 513.949 1389.015 608.075 -1.168
285.102 677.496 357.897 718.629 -1.169
481.526 698.552 1251.295 1231.872 -1.170
758.548 213.126 1041.631 433.497 -1.171
2525.321 2.687 2592.000 55.508 -1.171
1917.428 567.580 2052.082 640.449 -1.171
1203.890 338.027 1396.039 457.506 -1.172
1880.331 109.225 1876.795 150.248 -1.172
1.000 1859.319 93.694 1926.924 -1.173
2479.193 1.000 2567.432 30.217 -1.174
2408.849 804.597 2534.552 878.958 -1.174
1411.621 384.251 1410.188 447.699 -1.175
2358.807 127.059 2356.570 162.209 -1.175
1677.603 59.939 1746.503 141.616 -1.176
1329.668 99.352 1834.651 218.303 -1.176
1416.712 732.633 1408.587 808.016 -1.176
1277.707 352.672 1466.240 488.093 -1.177
1271.480 794.213 1355.361 835.701 -1.177
373.096 625.950 544.451 677.030 -1.177
2427.801 754.122 2505.664 793.818 -1.179
987.275 38.004 971.873 80.424 -1.179
1357.543 1926.023 1525.755 1924.982 -1.181
1356.869 773.030 1431.050 868.445 -1.181
2552.925 124.059 2545.552 209.705 -1.181
1501.015 158.090 1492.703 194.847 -1.182
660.207 6.804 649.163 49.369 -1.182
2069.977 563.437 2278.199 712.196 -1.183
506.293 399.247 2388.116 1616.800 -1.184
1619.471 319.561 1612.262 362.053 -1.184
2292.495 114.331 2275.587 153.697 -1.185
1869.145 1859.127 1989.612 1869.182 -1.185
1182.212 150.092 1172.415 208.357 -1.186
1337.949 336.374 1323.673 474.783 -1.186
207.090 1890.555 305.443 1942.433 -1.187
481.302 1734.615 824.153 1776.247 -1.188
1975.093 1055.792 1971.457 1126.674 -1.188
2495.477 768.250 2587.198 823.243 -1.188
159.908 812.469 249.916 856.513 -1.189
385.172 804.230 471.632 848.699 -1.189
116.178 910.016 205.768 967.225 -1.190
2210.615 93.616 2397.433 184.701 -1.190
1296.497 37.267 1277.328 109.131 -1.190
2370.524 126.205 2548.371 249.134 -1.190
1117.393 45.107 1113.600 111.332 -1.191
16.381 836.436 83.801 875.182 -1.192
2228.451 1.000 2342.911 40.868 -1.192
1.000 693.161 138.269 793.985 -1.193
76.897 818.553 148.276 857.334 -1.194
2311.670 61.917 2462.695 215.255 -1.196
154.496 757.602 232.065 801.252 -1.197
307.892 181.338 581.484 382.389 -1.197
2385.066 707.089 2464.922 753.929 -1.197
1870.945 1887.930 1986.992 1944.000 -1.197
2353.187 155.189 2346.139 194.440 -1.197
1.000 884.210 1442.009 1944.000 -1.198
1605.819 10.503 1598.977 49.776 -1.198
2003.578 25.679 2083.328 72.951 -1.198
2372.785 2.136 2451.982 50.721 -1.199
161.498 735.851 269.827 807.436 -1.199
1023.334 63.493 1017.530 106.969 -1.200
1121.051 54.727 1119.648 112.743 -1.200
1261.317 1917.102 1449.050 1915.270 -1.200
1187.052 148.337 1175.764 210.063 -1.202
1436.356 40.427 1433.839 90.921 -1.204
2369.917 121.632 2367.248 156.316 -1.204
1560.406 326.972 1554.740 364.344 -1.205
1446.980 14.923 1442.870 66.059 -1.206
1892.067 95.511 1833.964 194.998 -1.206
521.013 253.241 464.031 439.807 -1.206
625.780 207.387 809.109 367.168 -1.207
1969.940 109.557 2211.739 173.331 -1.210
1429.933 58.093 1502.507 105.555 -1.211
1375.868 10.654 1352.244 66.239 -1.211
1408.428 733.688 1404.202 810.574 -1.211
1105.454 55.855 1104.158 103.885 -1.212
1022.449 67.821 1010.856 108.503 -1.213
1.000 843.677 49.977 888.496 -1.213
984.030 242.129 977.259 296.703 -1.215
2298.704 1.000 2397.865 32.283 -1.215
1993.644 592.835 1989.741 649.497 -1.217
1177.459 282.523 1461.223 490.216 -1.217
1090.350 826.646 1074.723 925.936 -1.217
2579.482 120.955 2557.939 191.802 -1.217
1395.531 15.061 1580.906 93.879 -1.218
2503.045 601.181 2592.000 671.612 -1.218
1146.709 125.114 1111.499 188.969 -1.218
2370.076 1824.023 2536.654 1822.561 -1.219
1843.795 1864.200 2009.470 1944.000 -1.220
225.102 678.390 296.690 732.142 -1.220
2323.004 152.269 2318.743 201.460 -1.222
2069.093 118.452 2059.053 151.464 -1.223
2038.636 153.431 2001.840 204.023 -1.223
2061.460 1.645 2146.994 66.939 -1.223
2052.570 97.757 2322.459 194.977 -1.224
333.209 391.436 529.741 550.512 -1.224
360.136 12.486 342.043 60.714 -1.226
1226.787 8.402 1381.299 114.963 -1.228
2173.086 143.473 2412.054 296.445 -1.230
2129.800 4.997 2120.187 54.051 -1.230
1656.386 138.848 1629.822 221.445 -1.230
2248.162 109.069 2240.128 152.760 -1.233
1163.967 154.648 1156.793 195.147 -1.234
1609.650 2.880 1605.649 89.305 -1.234
1387.308 21.349 1349.641 105.826 -1.235
2345.455 159.006 2331.096 218.244 -1.237
818.792 35.213 1231.036 122.145 -1.237
444.785 119.559 435.925 169.365 -1.237
478.297 228.726 696.925 312.360 -1.237
2416.066 128.396 2408.090 188.103 -1.239
1162.980 20.957 1158.154 72.688 -1.239
472.916 81.619 446.519 135.905 -1.239
1044.506 110.473 1116.833 199.690 -1.241
2022.935 16.544 2119.878 78.256 -1.241
2422.748 1379.348 2564.168 1453.032 -1.241
1603.387 140.393 1575.060 196.277 -1.243
1132.499 50.971 1127.803 95.108 -1.243
1700.476 18.793 1696.965 79.457 -1.244
326.516 1367.822 325.427 1441.333 -1.244
1706.820 22.851 1699.418 68.308 -1.244
2353.265 958.197 2431.285 1004.940 -1.245
1631.517 30.989 1624.728 76.628 -1.246
159.116 829.511 250.938 884.139 -1.246
1207.613 177.412 1190.684 212.090 -1.247
2522.130 870.164 2592.000 922.461 -1.248
407.878 640.820 545.827 725.767 -1.249
2559.984 665.568 2555.274 712.653 -1.251
1727.003 1773.020 2024.063 1944.000 -1.252
1084.902 831.529 1071.210 939.859 -1.252
2327.217 158.894 2322.527 206.239 -1.252
145.118 849.278 257.149 913.439 -1.253
854.093 147.312 852.231 207.896 -1.253
1906.084 213.216 1997.152 269.547 -1.254
1123.566 194.771 1118.203 289.430 -1.254
1625.063 12.540 1615.222 87.121 -1.255
463.955 552.810 536.217 595.522 -1.255
499.712 403.801 490.478 449.917 -1.256
157.837 692.645 252.024 756.145 -1.256
2466.368 754.353 2553.274 803.448 -1.258
1262.002 27.707 1253.376 75.146 -1.258
1154.069 4.330 1230.372 38.375 -1.259
2237.779 23.377 2314.933 66.631 -1.260
375.966 16.646 660.597 291.511 -1.262
1021.413 153.572 1019.872 325.821 -1.262
2413.233 733.127 2495.445 779.900 -1.262
2479.695 153.981 2471.848 190.524 -1.264
2490.905 626.416 2484.818 661.104 -1.264
897.332 36.120 894.042 95.125 -1.265
2297.924 546.277 2592.000 764.647 -1.265
1704.304 26.923 1695.218 75.557 -1.266
403.345 336.940 630.507 523.916 -1.266
2395.888 700.207 2592.000 840.940 -1.267
950.031 102.955 1144.177 195.481 -1.268
436.755 765.310 507.689 805.048 -1.268
2385.337 115.753 2383.523 162.211 -1.268
2511.174 825.434 2592.000 878.096 -1.269
1080.351 125.836 1072.208 172.772 -1.270
516.078 649.378 510.543 708.749 -1.270
2179.691 117.247 2165.299 154.608 -1.270
453.052 422.373 440.874 469.185 -1.270
1860.398 195.919 1937.536 246.434 -1.270
919.600 1.000 1304.236 148.758 -1.272
2333.625 12.333 2412.137 57.862 -1.272
758.281 82.109 1177.549 190.230 -1.275
1749.170 287.972 1821.907 333.223 -1.275
1819.026 112.152 1803.969 208.559 -1.276
1149.941 38.372 1143.014 98.959 -1.277
513.376 378.165 505.494 467.558 -1.277
2566.067 129.498 2543.276 177.542 -1.277
2559.996 127.543 2543.324 166.088 -1.279
423.905 551.201 555.472 637.059 -1.279
1905.870 170.627 2113.463 299.213 -1.279
730.388 1.000 1061.509 50.687 -1.280
811.282 29.201 808.194 83.554 -1.281
839.249 162.561 833.933 206.893 -1.281
423.564 113.012 411.616 206.329 -1.281
669.987 267.433 665.410 309.364 -1.282
1661.006 285.910 1735.228 332.811 -1.282
2334.430 56.899 2592.000 288.588 -1.282
1420.389 300.342 1629.224 434.990 -1.282
390.614 826.173 492.350 887.093 -1.283
2270.167 82.096 2247.761 189.360 -1.285
249.728 797.150 324.050 840.976 -1.286
832.971 165.970 817.863 220.697 -1.286
1574.801 196.876 1569.576 241.376 -1.287
1117.612 998.676 1107.148 1115.422 -1.289
1845.835 10.000 1939.966 80.921 -1.289
2480.096 1.000 2574.222 57.909 -1.290
702.396 6.679 698.140 54.869 -1.290
563.083 53.991 555.421 107.812 -1.291
1727.060 31.045 1717.727 73.111 -1.292
728.578 43.329 719.363 84.098 -1.292
1116.249 64.695 1114.431 106.888 -1.293
2405.591 1817.030 2550.860 1814.526 -1.293
2491.241 973.982 2571.154 1015.212 -1.293
2460.970 1899.924 2592.000 1898.921 -1.293
755.029 73.740 747.112 119.332 -1.294
687.487 194.888 663.089 265.907 -1.294
1.000 827.141 160.099 935.953 -1.295
2476.192 158.657 2465.761 200.514 -1.296
113.876 789.632 275.574 881.596 -1.298
2431.247 1713.633 2592.000 1712.377 -1.298
2198.671 159.946 2191.270 186.688 -1.298
1000.678 243.904 992.793 313.803 -1.298
1935.996 14.672 2031.831 80.695 -1.298
339.951 488.882 567.684 635.489 -1.299
1522.914 32.464 1520.376 91.600 -1.300
2248.847 1310.311 2592.000 1558.097 -1.303
95.186 705.717 239.317 784.842 -1.305
1617.780 38.466 1743.991 115.651 -1.305
80.334 445.560 154.716 489.627 -1.305
1913.716 28.320 2278.891 247.333 -1.306
1368.244 35.914 1366.599 117.015 -1.306
2335.129 1933.993 2497.908 1932.131 -1.307
1624.603 1.000 1885.762 88.622 -1.307
266.400 728.398 337.608 773.381 -1.307
968.510 780.418 965.561 922.287 -1.308
2457.198 869.771 2565.949 933.027 -1.310
309.575 788.315 379.196 834.912 -1.310
2301.109 274.856 2382.610 320.256 -1.311
1388.848 653.399 1376.892 749.727 -1.312
2069.264 111.169 2064.827 157.019 -1.313
2397.153 279.716 2473.380 325.358 -1.314
1538.943 33.875 1529.235 89.539 -1.314
824.421 1669.752 819.648 1725.215 -1.316
401.090 242.460 664.430 455.864 -1.317
1687.930 11.339 1686.825 89.757 -1.318
426.040 842.913 530.685 899.813 -1.319
2082.740 323.191 2173.937 377.518 -1.319
395.678 803.358 550.765 897.060 -1.319
738.102 148.720 735.602 189.906 -1.321
973.246 305.359 965.520 357.406 -1.324
1865.608 1.000 2065.127 71.372 -1.326
1350.290 1.000 1646.324 107.312 -1.326
1513.370 195.687 1501.366 262.691 -1.326
1.000 795.971 224.774 965.906 -1.326
1602.861 239.995 1573.771 414.318 -1.326
57.139 713.479 520.162 998.074 -1.327
1914.363 373.940 1993.592 420.098 -1.329
2424.403 1177.778 2418.376 1262.148 -1.330
943.489 66.080 922.802 126.879 -1.332
2326.681 157.034 2316.251 198.875 -1.332
1.000 14.129 1815.157 1083.620 -1.333
600.514 137.590 598.968 211.713 -1.334
1644.787 256.676 1643.239 296.405 -1.335
1686.687 1689.732 2145.096 1944.000 -1.336
1408.876 162.943 1388.335 213.853 -1.336
1148.409 25.950 1129.256 86.187 -1.338
1407.765 159.512 1396.796 223.306 -1.338
924.707 312.336 910.577 363.286 -1.341
985.607 22.151 975.044 87.328 -1.341
942.624 758.675 923.397 939.123 -1.341
1737.439 79.139 1981.556 235.237 -1.341
2540.196 109.230 2537.599 147.308 -1.342
2348.175 107.810 2340.792 148.765 -1.344
2039.583 10.674 2038.403 53.910 -1.345
2228.955 155.382 2219.642 193.081 -1.347
2499.771 104.464 2496.899 133.617 -1.347
1598.788 33.965 1592.851 83.415 -1.347
212.686 1368.725 209.090 1414.731 -1.348
1963.245 168.321 2206.010 328.331 -1.349
578.599 225.515 566.745 282.631 -1.349
2052.384 1568.009 2048.316 1640.585 -1.350
1482.188 1907.558 1651.452 1906.543 -1.350
759.536 742.678 753.500 795.554 -1.350
2420.423 1715.840 2592.000 1714.451 -1.352
1061.291 1813.419 1239.971 1811.888 -1.352
2363.179 842.840 2436.131 883.257 -1.355
1170.643 178.140 1169.540 224.918 -1.356
164.142 1072.317 162.512 1141.747 -1.356
1121.546 50.835 1092.770 102.602 -1.356
