8.434 1050.172 1413.724 1885.112 -0.570
33.846 687.163 640.113 1071.599 -0.649
1186.320 263.784 1540.826 467.713 -0.779
996.776 671.584 1917.889 1280.646 -0.883
2058.184 697.182 2205.110 783.463 -0.886
1749.126 1057.278 2572.989 1588.558 -0.889
240.259 638.352 329.072 689.201 -0.891
248.177 490.753 2592.000 1944.000 -0.892
2476.149 212.448 2585.041 256.889 -0.958
743.593 404.768 830.262 459.059 -0.973
2189.477 257.262 2268.052 325.277 -0.988
149.225 170.336 223.536 247.454 -0.990
2518.360 110.157 2592.000 171.286 -0.995
481.939 264.017 566.374 340.120 -1.005
148.127 122.955 207.830 178.265 -1.005
2160.846 224.531 2274.451 271.484 -1.005
2159.948 218.493 2305.427 322.029 -1.014
1072.062 103.787 1157.374 180.516 -1.015
1.000 281.032 85.744 361.466 -1.015
1.000 54.506 59.640 111.860 -1.017
56.341 444.029 136.275 520.762 -1.019
2128.768 88.613 2222.600 169.000 -1.020
4.225 239.326 70.084 303.295 -1.020
2477.933 67.028 2549.669 126.673 -1.022
913.112 260.203 1020.100 329.412 -1.022
754.880 117.480 826.125 186.838 -1.023
1735.897 2.805 2075.305 322.650 -1.023
1237.535 138.771 1339.513 234.168 -1.023
131.648 625.351 305.850 676.171 -1.024
56.211 123.009 120.831 182.974 -1.028
1040.598 429.023 1165.441 546.532 -1.033
664.534 124.647 753.665 205.650 -1.034
1152.121 221.539 1247.755 311.617 -1.038
1.000 637.767 206.987 701.381 -1.038
897.190 432.305 967.584 496.385 -1.038
1.000 292.573 104.979 408.890 -1.039
2441.507 183.550 2590.849 240.990 -1.039
47.691 133.286 159.493 238.003 -1.040
626.062 411.694 697.793 483.138 -1.043
994.308 73.225 1155.836 224.669 -1.043
1455.868 418.760 1631.659 478.606 -1.044
599.465 169.310 681.117 246.151 -1.044
2246.313 301.709 2316.380 360.189 -1.047
1098.260 311.978 1170.874 378.547 -1.049
1665.813 143.223 1731.084 200.521 -1.049
1824.593 358.322 1894.160 417.649 -1.050
179.455 61.349 246.458 126.414 -1.051
2267.572 269.986 2340.827 329.557 -1.051
1600.244 166.163 1674.677 235.050 -1.052
2331.530 175.624 2458.774 229.888 -1.053
42.970 240.013 110.535 304.655 -1.055
639.724 216.384 700.056 271.837 -1.055
1.000 704.222 53.381 764.587 -1.057
2285.473 192.572 2403.670 297.406 -1.057
431.266 324.871 503.600 394.616 -1.058
1650.400 52.612 1732.390 125.100 -1.058
2388.294 261.129 2459.489 321.122 -1.059
1537.744 257.654 1606.894 320.372 -1.060
2142.923 409.764 2217.571 473.947 -1.060
2488.195 5.533 2583.786 74.341 -1.061
1635.507 78.728 1756.705 154.285 -1.062
498.835 221.767 559.788 282.288 -1.062
1198.354 432.096 1298.885 531.754 -1.062
2152.340 142.539 2402.620 373.925 -1.063
2458.081 135.708 2592.000 290.533 -1.063
2434.016 77.504 2580.579 137.027 -1.063
23.619 104.250 103.960 180.325 -1.064
673.147 345.878 778.331 444.932 -1.064
597.822 129.933 695.449 220.972 -1.064
2120.002 82.844 2592.000 539.755 -1.065
1.000 824.590 51.175 881.782 -1.065
1.000 658.396 81.133 752.126 -1.066
942.393 312.340 1003.532 368.145 -1.069
798.395 377.331 857.246 432.751 -1.071
793.175 375.653 914.610 417.705 -1.071
1526.982 178.093 1631.997 213.428 -1.071
1663.807 220.754 1772.237 319.457 -1.071
856.275 114.803 939.471 191.125 -1.071
445.042 240.939 506.626 299.515 -1.072
80.868 228.281 147.040 294.089 -1.072
1606.506 446.393 1676.769 507.323 -1.072
1525.772 188.022 1595.992 249.699 -1.073
63.197 508.279 139.386 583.029 -1.073
899.300 120.376 1019.265 165.261 -1.073
541.188 446.675 605.571 507.792 -1.074
1639.259 422.387 1714.570 488.010 -1.075
153.593 304.160 217.490 362.077 -1.076
952.533 454.427 1028.204 524.312 -1.077
397.052 391.893 514.282 435.449 -1.077
2451.705 47.128 2581.140 102.805 -1.077
604.324 403.679 736.849 445.139 -1.078
452.907 444.522 530.244 518.536 -1.078
705.687 167.301 773.432 230.522 -1.079
1.000 160.001 74.871 239.845 -1.079
643.607 15.950 723.899 88.607 -1.079
36.233 227.557 221.299 408.030 -1.080
538.206 319.841 614.150 387.407 -1.080
159.151 583.767 217.754 642.037 -1.082
1.000 1896.190 181.682 1926.477 -1.083
212.187 117.760 282.991 187.495 -1.084
763.913 46.708 858.468 85.981 -1.085
624.254 270.509 733.468 371.384 -1.085
1664.794 302.267 1731.163 360.790 -1.085
2197.120 32.093 2314.520 132.356 -1.086
1499.944 127.365 1579.651 198.003 -1.086
2015.714 96.782 2174.645 169.422 -1.086
609.834 240.106 725.617 277.689 -1.087
1314.883 40.898 1422.911 87.962 -1.087
510.861 130.680 582.992 193.865 -1.088
1142.960 299.037 1211.750 361.594 -1.088
474.847 80.243 558.082 155.470 -1.089
721.769 138.334 789.419 200.559 -1.089
1396.104 457.007 1522.160 493.068 -1.090
1619.826 139.016 1726.162 235.175 -1.090
338.677 20.431 401.135 81.189 -1.090
74.999 1913.202 284.627 1944.000 -1.090
785.685 146.921 876.597 229.706 -1.090
732.137 104.632 876.455 162.333 -1.090
396.324 195.012 489.257 278.594 -1.091
1019.381 207.485 1300.954 473.860 -1.091
909.596 133.156 1016.661 236.456 -1.091
962.416 8.538 1350.245 359.738 -1.092
2014.882 342.285 2084.489 401.663 -1.093
1528.937 222.013 1627.673 314.696 -1.093
1471.345 89.240 1548.910 157.357 -1.093
1115.877 297.681 1457.365 615.578 -1.094
1616.408 246.213 1716.630 336.325 -1.094
1.000 1853.368 52.661 1919.290 -1.097
831.521 409.539 943.290 444.118 -1.097
1989.481 328.106 2060.474 386.730 -1.098
713.600 395.809 843.216 514.694 -1.098
575.844 119.456 777.276 303.654 -1.099
1983.098 206.143 2152.337 360.726 -1.099
1.000 1852.436 83.428 1942.466 -1.100
22.574 426.876 88.464 491.258 -1.100
879.569 328.048 1015.312 373.642 -1.102
619.738 231.181 803.995 414.120 -1.102
891.607 400.841 982.477 484.719 -1.102
883.246 10.629 975.843 47.813 -1.103
1338.692 79.883 1574.563 303.108 -1.103
444.647 168.282 511.837 235.009 -1.103
198.291 34.485 870.432 669.692 -1.103
2058.339 383.262 2130.786 446.520 -1.103
980.223 413.724 1054.592 483.581 -1.103
61.508 410.886 120.558 471.283 -1.105
2349.430 15.337 2418.831 72.211 -1.105
1913.453 409.330 1983.193 472.103 -1.108
1591.692 78.750 1677.644 155.347 -1.108
2029.490 447.341 2109.871 517.005 -1.108
73.966 406.080 182.454 507.179 -1.109
1601.327 6.390 1856.883 237.877 -1.109
1323.959 53.970 1885.223 270.246 -1.112
887.136 264.319 1847.741 649.843 -1.112
1815.806 292.927 1897.328 363.606 -1.112
1.000 1866.503 199.835 1911.217 -1.114
2.466 1.000 98.098 68.591 -1.116
1.000 512.120 120.032 546.264 -1.117
25.373 185.879 114.955 273.480 -1.117
2.623 451.048 56.788 504.641 -1.118
1.381 1.000 182.635 125.783 -1.118
2102.075 54.343 2171.629 109.753 -1.118
2.848 753.828 62.064 817.256 -1.120
915.712 40.348 1759.641 868.572 -1.121
1.000 967.715 57.545 1027.531 -1.122
1.000 126.350 199.380 310.678 -1.123
39.171 583.942 108.347 655.164 -1.124
2278.018 18.026 2352.596 77.667 -1.125
1910.613 365.224 1979.593 425.537 -1.126
1883.723 393.018 2029.586 529.044 -1.126
1.000 907.330 59.634 979.216 -1.128
1706.876 14.840 2191.118 460.175 -1.128
2416.843 8.509 2490.314 68.400 -1.129
18.178 630.408 389.016 739.700 -1.129
1899.145 108.307 2463.780 637.169 -1.132
71.611 1871.027 325.000 1925.723 -1.136
2442.164 1.000 2592.000 135.417 -1.137
1654.906 26.633 2588.982 888.325 -1.137
29.216 542.253 98.532 610.084 -1.138
854.271 197.199 917.969 256.159 -1.138
1.000 1.000 389.621 271.605 -1.140
25.953 486.995 109.077 570.931 -1.141
1.785 849.936 62.992 912.113 -1.141
830.845 139.191 933.521 236.311 -1.143
340.693 120.565 2411.132 775.492 -1.145
851.847 10.613 912.764 65.307 -1.148
1.000 404.810 51.682 463.629 -1.148
1.000 1008.617 69.653 1089.581 -1.152
3.460 1830.605 156.755 1944.000 -1.154
1571.221 1.000 1636.992 54.672 -1.156
1.000 538.178 130.006 662.060 -1.158
834.919 72.611 925.662 110.148 -1.159
683.581 11.126 789.092 55.423 -1.161
1.000 393.650 89.935 480.485 -1.167
1311.538 10.200 1415.318 55.682 -1.171
797.055 11.962 893.775 48.169 -1.172
837.568 16.923 936.944 108.140 -1.173
8.412 418.998 241.673 643.846 -1.173
1.000 1827.214 346.977 1942.706 -1.174
1450.336 1.000 1520.038 57.232 -1.174
346.466 9.147 435.749 44.765 -1.180
1.000 969.052 149.169 1135.170 -1.188
31.607 313.515 221.650 502.847 -1.190
1.000 161.943 269.984 429.131 -1.190
520.142 11.463 634.955 56.054 -1.191
