2225.559 683.729 2244.025 795.914 -0.875
1343.345 1332.067 1402.459 1510.525 -0.894
1250.513 564.591 1357.608 803.051 -0.905
565.370 1019.431 632.665 1133.249 -0.937
380.709 542.068 464.164 641.412 -0.958
2222.438 248.833 2316.031 482.485 -0.968
1560.417 759.062 1622.707 876.243 -0.970
2567.599 762.387 2576.851 868.805 -0.972
48.211 1146.827 732.710 1625.535 -0.976
1780.990 820.525 1800.627 927.537 -0.980
2317.793 699.256 2356.142 847.906 -0.981
2100.338 1373.273 2115.816 1466.750 -0.982
286.737 56.741 638.169 714.710 -0.983
2119.475 770.893 2131.298 868.644 -0.984
1440.046 377.538 1494.531 459.455 -0.988
2395.965 772.232 2401.112 878.266 -0.989
2434.349 905.070 2442.777 1016.092 -1.000
1665.693 450.961 1733.917 563.819 -1.001
1.000 837.437 301.520 1297.116 -1.004
1666.832 1039.315 1812.149 1372.958 -1.006
1654.983 831.781 1691.379 925.851 -1.007
2176.538 779.351 2224.341 886.040 -1.008
1951.919 373.295 1970.200 473.341 -1.011
1842.480 550.967 2013.842 586.766 -1.011
1768.109 1158.222 1930.218 1378.486 -1.014
891.232 670.187 1027.691 726.385 -1.017
1066.618 554.082 1358.342 1088.241 -1.019
884.287 910.281 982.140 1057.187 -1.020
2333.911 793.497 2373.704 897.681 -1.020
1950.377 204.449 1992.291 325.810 -1.024
22.541 1708.006 68.513 1806.425 -1.026
1056.597 27.224 1318.967 460.440 -1.028
1653.406 930.118 1714.704 1044.663 -1.029
622.836 968.329 838.134 1085.549 -1.029
2065.748 683.674 2212.455 1040.062 -1.030
1347.987 1388.639 1446.157 1639.334 -1.030
10.759 1658.046 89.819 1792.779 -1.031
1015.052 111.758 1057.880 223.471 -1.031
1659.096 802.156 1724.444 927.128 -1.032
1661.357 667.522 1703.410 765.646 -1.033
1637.916 1331.859 1677.319 1437.906 -1.035
2267.922 173.445 2346.863 374.981 -1.035
2538.569 778.521 2543.980 880.868 -1.035
1235.816 1393.149 1400.265 1459.468 -1.035
1659.808 1345.779 1825.450 1719.680 -1.036
319.296 1093.997 373.302 1189.495 -1.038
1838.420 1021.509 2592.000 1435.504 -1.038
2318.903 214.741 2399.734 344.396 -1.039
1321.141 1224.628 1344.392 1316.089 -1.039
61.209 350.408 110.952 406.825 -1.040
1143.819 1301.048 1172.533 1399.897 -1.041
2452.780 741.080 2554.226 901.005 -1.042
1129.976 1278.445 1165.019 1380.660 -1.043
1504.757 128.868 1672.657 491.790 -1.043
2383.614 964.855 2421.020 1073.812 -1.044
2529.221 193.362 2584.363 295.825 -1.046
1966.729 1821.077 1983.510 1944.000 -1.047
2291.656 1440.680 2313.557 1554.440 -1.048
2072.427 651.142 2344.073 1041.788 -1.050
1961.339 1407.000 2179.532 1475.785 -1.050
1084.266 493.118 1140.077 586.436 -1.050
2540.323 902.942 2549.512 1014.729 -1.050
1058.925 1630.205 1483.794 1944.000 -1.050
1342.422 507.275 1664.314 916.157 -1.052
2.162 716.368 82.501 775.971 -1.053
544.931 1026.555 725.379 1125.214 -1.054
2324.265 454.407 2339.633 553.924 -1.055
1668.956 701.146 1728.638 823.007 -1.056
666.219 632.795 1084.692 1065.713 -1.057
1927.109 96.919 1945.674 189.836 -1.059
1916.493 233.825 1978.404 407.324 -1.060
587.983 32.343 775.816 445.747 -1.060
1786.627 621.314 1806.513 727.636 -1.060
782.313 322.414 812.475 412.758 -1.061
2489.518 855.845 2525.822 963.624 -1.061
856.092 1213.389 917.036 1329.282 -1.062
484.538 1602.236 586.071 1662.841 -1.062
1652.338 1005.422 1683.444 1096.569 -1.063
1804.613 179.388 1830.332 283.171 -1.063
964.162 1588.760 971.307 1666.072 -1.064
1470.899 305.241 1523.374 393.622 -1.065
1709.333 1732.640 1782.306 1944.000 -1.065
1773.005 654.924 1815.737 749.751 -1.066
2285.431 446.009 2304.224 554.389 -1.066
1881.018 655.795 1894.203 754.890 -1.068
2041.628 425.047 2064.581 533.976 -1.068
1616.540 1795.460 1666.444 1943.860 -1.069
1719.847 512.443 1738.267 612.407 -1.070
1727.742 990.969 1944.867 1254.209 -1.071
2.260 1.000 140.502 130.760 -1.072
1784.733 656.181 1894.567 923.935 -1.072
1981.945 221.889 2004.475 323.239 -1.073
1049.949 498.807 1145.348 633.673 -1.073
1868.596 234.366 1888.878 324.997 -1.073
2330.928 1532.108 2571.303 1603.782 -1.074
1173.536 1335.680 2174.524 1944.000 -1.074
1367.583 1146.370 1548.352 1213.667 -1.074
2079.525 385.002 2103.013 485.811 -1.074
612.024 1633.174 717.269 1693.341 -1.075
5.799 404.916 89.535 500.109 -1.075
1948.978 189.634 2020.623 360.874 -1.076
