1555.785 760.161 1634.299 863.767 -0.423
5.220 300.648 47.029 364.452 -0.589
139.710 4.066 209.300 133.418 -0.662
615.083 136.512 785.173 430.610 -0.676
1045.513 106.305 1276.513 479.615 -0.686
2000.991 691.776 2088.238 824.764 -0.719
2105.445 787.764 2146.433 893.064 -0.750
1656.173 1369.915 1854.260 1690.183 -0.763
748.876 98.075 1090.316 738.344 -0.768
2165.774 712.442 2221.510 793.265 -0.769
1868.448 19.589 2551.176 611.599 -0.771
2079.028 670.145 2274.772 1038.750 -0.810
1478.151 754.335 1623.781 877.165 -0.829
2270.860 633.756 2321.259 694.750 -0.830
575.266 1498.129 682.681 1595.806 -0.843
54.800 1.651 93.233 112.774 -0.857
346.878 1670.029 414.575 1728.509 -0.860
41.387 181.301 113.375 307.687 -0.891
1164.102 1333.205 1237.137 1405.539 -0.894
14.603 1.000 243.176 698.076 -0.900
582.461 113.731 779.637 672.921 -0.908
1530.785 1722.246 1612.129 1788.092 -0.910
1775.360 840.915 1825.641 912.803 -0.912
2491.296 756.223 2592.000 854.278 -0.915
545.002 20.346 1753.671 1151.428 -0.916
2245.120 1459.661 2346.495 1559.559 -0.922
237.386 28.292 633.297 697.219 -0.924
1763.810 641.277 1891.382 980.435 -0.927
1509.353 1239.605 1629.145 1351.840 -0.938
952.908 8.901 2592.000 1590.050 -0.939
83.586 1738.788 105.477 1859.520 -0.946
1641.678 1684.612 1752.419 1799.093 -0.955
411.433 1693.449 479.228 1751.687 -0.994
596.998 1446.878 687.883 1534.214 -0.995
515.744 1486.000 716.442 1676.965 -0.997
1.000 1062.257 78.392 1144.908 -1.017
10.009 1574.434 99.129 1845.852 -1.023
1.000 963.654 257.910 1224.947 -1.024
15.198 974.105 258.712 1552.207 -1.030
392.418 1600.076 461.394 1662.335 -1.036
355.961 1443.486 435.726 1511.615 -1.039
959.653 1677.225 986.739 1788.882 -1.040
49.086 21.924 750.502 1317.584 -1.042
1351.836 1592.237 1448.862 1683.210 -1.043
2504.050 1652.082 2581.543 1732.349 -1.046
2249.393 1535.647 2368.408 1657.223 -1.056
787.908 1546.273 858.089 1611.065 -1.067
412.796 1581.009 559.755 1716.048 -1.071
1043.928 1717.997 1076.002 1838.908 -1.075
543.068 1288.842 653.008 1381.959 -1.078
1513.625 1599.908 1622.863 1698.396 -1.084
280.903 1778.239 393.482 1876.565 -1.084
1138.924 1698.626 1169.303 1810.401 -1.085
868.489 1452.241 994.401 1563.571 -1.092
344.102 1419.442 410.545 1477.048 -1.095
1119.135 1579.249 1191.747 1645.635 -1.106
1847.756 1612.648 2024.085 1771.840 -1.107
722.800 1184.454 820.608 1278.398 -1.110
1460.370 1603.470 1509.494 1761.227 -1.110
670.992 1608.351 781.401 1712.663 -1.111
769.116 1651.142 880.307 1745.785 -1.123
926.121 1698.323 1007.508 1773.792 -1.126
396.448 1434.556 436.857 1584.375 -1.126
542.877 1715.358 643.549 1797.181 -1.127
489.147 1757.873 576.876 1834.553 -1.132
532.030 1654.107 603.293 1711.382 -1.136
2433.592 1633.330 2513.470 1714.185 -1.136
2536.447 1530.938 2592.000 1684.067 -1.137
96.554 1718.184 174.339 1780.595 -1.138
1722.232 1806.263 1797.353 1876.193 -1.138
831.808 1530.573 919.991 1603.518 -1.142
756.189 1603.444 849.852 1695.155 -1.146
59.626 1685.866 143.999 1759.250 -1.148
1119.305 1712.168 1148.111 1817.366 -1.153
2390.723 1593.044 2495.179 1691.565 -1.153
1228.699 1662.049 1342.694 1760.104 -1.155
719.347 1447.286 802.596 1514.427 -1.156
192.524 1684.239 310.570 1787.542 -1.156
309.374 1659.176 413.428 1745.940 -1.156
547.981 1358.262 637.619 1433.322 -1.158
1020.085 1730.865 1091.219 1793.092 -1.160
415.480 1272.577 701.285 1574.828 -1.161
2103.754 1374.499 2585.449 1833.464 -1.162
1956.586 1747.512 2041.200 1829.799 -1.163
1421.612 1588.875 1619.687 1793.296 -1.166
1832.911 1860.423 1913.514 1934.076 -1.167
221.961 1820.019 306.207 1891.051 -1.168
844.690 1322.677 931.716 1405.666 -1.168
226.683 1680.553 396.878 1841.242 -1.169
658.233 1639.246 688.292 1749.259 -1.169
1329.217 1589.374 1620.341 1870.993 -1.170
1035.069 1681.308 1117.140 1761.998 -1.170
1713.806 1815.291 1836.919 1919.051 -1.173
1811.209 1706.455 1895.338 1782.106 -1.182
1637.483 1765.989 1715.188 1838.076 -1.184
64.740 1710.771 179.513 1804.506 -1.185
693.710 1280.766 755.553 1484.167 -1.185
904.046 1173.051 936.023 1275.135 -1.191
295.026 1359.181 369.624 1417.875 -1.192
683.743 1248.712 782.190 1345.321 -1.192
2085.034 1842.653 2185.060 1937.285 -1.195
1.000 1679.359 191.155 1872.377 -1.195
891.185 1682.644 975.010 1761.315 -1.198
869.107 1179.036 939.636 1242.594 -1.199
1184.954 1586.027 1256.478 1654.920 -1.200
370.558 1654.516 455.080 1729.651 -1.202
830.341 1860.683 906.281 1923.134 -1.204
79.968 1681.986 326.575 1885.216 -1.204
336.637 1017.442 923.470 1608.399 -1.205
910.275 1528.529 992.259 1605.858 -1.205
956.911 1845.717 1030.913 1912.924 -1.205
1.000 768.421 55.843 828.263 -1.207
1182.806 1692.808 1275.240 1774.536 -1.208
1146.686 1578.265 1244.571 1671.462 -1.208
456.868 1.000 514.436 33.939 -1.209
192.946 1456.031 682.057 1896.720 -1.210
1081.264 1673.008 1131.563 1851.184 -1.210
990.443 1688.409 1082.310 1772.103 -1.210
1027.155 1698.900 1138.747 1809.906 -1.210
1.000 873.255 68.378 938.746 -1.210
897.463 1583.294 974.751 1662.924 -1.216
2564.656 1838.047 2592.000 1944.000 -1.216
946.845 1556.201 1024.171 1622.269 -1.216
917.386 1832.619 995.364 1901.781 -1.217
845.876 1680.457 926.038 1757.866 -1.218
22.845 38.058 1751.156 1711.997 -1.222
2561.898 1772.232 2592.000 1873.549 -1.226
906.046 1.000 964.060 32.539 -1.230
2485.395 1808.100 2592.000 1921.828 -1.230
1064.542 1634.161 1139.936 1889.899 -1.231
736.391 1886.470 808.135 1944.000 -1.238
1155.174 1690.278 1183.763 1806.849 -1.239
1895.178 1732.057 1999.879 1824.097 -1.241
1026.090 1657.132 1104.638 1932.795 -1.243
1927.762 1827.751 2034.413 1934.454 -1.244
1116.992 1733.362 1202.847 1821.424 -1.244
1682.731 1579.488 1975.231 1851.067 -1.245
930.474 1684.297 1082.312 1814.669 -1.246
659.913 1707.191 736.012 1772.624 -1.246
1877.053 1853.388 1971.801 1937.611 -1.250
493.819 1.000 563.433 40.918 -1.258
2216.214 1855.359 2299.787 1927.293 -1.262
1963.585 1685.292 2082.393 1796.012 -1.262
771.008 1.000 835.460 21.571 -1.263
1196.227 1611.688 1455.336 1824.529 -1.266
1139.542 1684.762 1220.420 1752.401 -1.266
798.936 1675.954 906.527 1784.165 -1.266
1.000 1868.977 59.696 1922.509 -1.268
1224.068 1810.123 1307.348 1881.654 -1.269
1.000 449.179 23.464 559.313 -1.274
2051.961 1714.366 2148.366 1797.326 -1.275
693.470 1.000 781.851 28.275 -1.277
938.717 1810.138 1041.610 1910.801 -1.277
1108.004 1544.168 1233.815 1922.281 -1.278
874.315 1799.093 967.959 1882.574 -1.278
6.087 810.416 36.904 924.437 -1.279
2024.282 1856.913 2114.946 1938.365 -1.280
1.000 1.000 22.719 90.617 -1.283
861.668 1853.021 947.508 1923.131 -1.284
2287.864 1801.191 2405.236 1921.439 -1.285
658.697 1.000 715.939 30.093 -1.285
3.775 1557.461 313.481 1878.435 -1.286
936.283 1.000 1000.057 22.817 -1.287
867.260 1.000 943.745 28.449 -1.289
618.005 1.000 674.662 18.856 -1.295
1405.289 1881.509 1486.453 1944.000 -1.296
1436.150 1839.757 1508.123 1908.805 -1.309
1593.277 1710.519 1739.056 1853.060 -1.310
1934.529 1682.987 2127.812 1858.695 -1.314
5.017 899.861 38.662 999.238 -1.318
376.424 1.000 433.476 18.139 -1.320
1997.007 1603.147 2086.418 1686.941 -1.321
806.378 1.000 915.721 33.501 -1.322
1289.545 1818.493 1359.727 1893.682 -1.323
2257.280 1868.668 2346.772 1944.000 -1.323
718.013 1785.662 783.889 1853.621 -1.325
661.053 1740.083 735.601 1810.247 -1.330
1.000 61.621 27.100 185.184 -1.330
591.624 1.000 624.071 33.727 -1.334
353.640 1.000 407.512 32.887 -1.334
2406.094 1773.764 2455.395 1925.311 -1.334
1.000 1246.597 22.433 1356.770 -1.335
573.504 1.000 640.660 32.380 -1.336
1.000 257.550 27.060 429.699 -1.338
