1645.646 1165.227 1718.195 1256.960 -0.883
1388.721 1589.952 1450.075 1654.404 -0.996
333.684 395.046 400.506 443.994 -1.004
1965.300 1104.442 2137.899 1241.333 -1.016
1336.429 588.748 1392.641 637.937 -1.018
723.917 525.707 800.586 609.824 -1.021
1821.599 618.759 1914.154 725.556 -1.027
2171.850 1262.849 2286.500 1429.848 -1.028
823.614 1463.558 1797.497 1944.000 -1.029
576.959 1.000 645.536 46.514 -1.032
1121.071 1040.701 2353.629 1902.360 -1.034
722.436 1466.743 773.011 1523.425 -1.034
569.883 608.456 635.525 660.513 -1.035
1272.252 503.343 1352.048 568.851 -1.039
98.094 1331.140 151.167 1387.852 -1.041
2264.074 424.025 2329.494 477.215 -1.044
589.859 1416.405 640.157 1446.820 -1.045
2458.052 29.636 2536.570 84.237 -1.045
1.327 304.208 90.187 372.343 -1.046
2029.444 278.086 2133.844 367.799 -1.048
1052.032 349.409 1116.630 401.427 -1.049
1223.816 256.349 1266.125 320.700 -1.049
558.214 1286.288 628.734 1341.140 -1.055
487.498 549.212 716.088 945.751 -1.055
1957.291 282.589 2011.870 372.012 -1.055
1.000 32.072 2592.000 1898.232 -1.056
2076.642 1870.909 2143.662 1937.588 -1.059
2017.801 1884.259 2064.505 1941.641 -1.090
2529.260 1899.194 2592.000 1930.679 -1.099
2447.757 1879.462 2519.427 1944.000 -1.100
423.317 1.787 489.879 48.814 -1.110
1060.877 1.000 1125.026 46.466 -1.121
2328.557 1864.803 2386.251 1934.152 -1.122
2281.668 1857.068 2395.525 1944.000 -1.129
