877.382 1078.918 1577.095 1450.123 -0.889
327.174 341.583 419.207 444.544 -0.940
1100.961 540.160 1178.256 574.473 -0.968
1754.197 288.990 1874.465 405.839 -0.990
891.205 1530.117 931.708 1673.698 -1.049
2202.710 1427.140 2189.704 1541.243 -1.049
1073.750 672.297 1152.918 711.025 -1.053
2453.180 1541.472 2506.416 1562.605 -1.061
2532.182 989.261 2591.557 1022.490 -1.064
447.859 382.503 530.523 415.913 -1.067
2037.907 1661.197 2057.418 1830.373 -1.072
61.614 1102.006 135.862 1110.050 -1.074
1188.449 568.735 1263.885 666.239 -1.077
2531.518 1871.708 2575.482 1874.748 -1.078
14.773 1697.897 63.097 1677.646 -1.079
