1.000 1321.624 1023.765 1944.000 -0.527
2197.335 1648.234 2517.055 1944.000 -0.815
1529.783 1334.568 1624.619 1438.678 -0.867
2028.575 1782.583 2265.598 1944.000 -0.908
1305.905 562.910 1376.325 655.237 -0.925
1021.880 1041.636 1493.224 1285.853 -0.929
2176.243 1482.852 2592.000 1929.158 -0.930
71.593 1240.775 173.381 1317.231 -0.956
1743.977 316.912 1781.540 406.104 -0.962
656.007 278.148 1686.205 830.211 -1.002
2014.277 1288.957 2592.000 1944.000 -1.002
1295.226 1779.357 1368.896 1860.794 -1.034
1951.344 300.397 2049.639 403.191 -1.071
777.996 818.421 844.881 896.046 -1.085
