1945.392 530.524 1980.513 652.103 -0.641
1227.575 218.058 1256.755 326.136 -0.663
870.837 1591.486 910.627 1722.674 -0.681
165.589 1336.178 220.376 1541.555 -0.693
1121.301 266.535 1164.554 406.107 -0.824
626.373 477.188 680.274 659.334 -0.875
1650.627 887.685 2085.634 1944.000 -0.900
1927.065 476.806 1982.589 657.072 -0.905
1068.869 320.044 1118.593 404.869 -0.921
200.061 689.508 249.090 753.330 -0.957
49.224 1133.523 169.131 1318.803 -0.962
1176.027 1000.809 1215.035 1063.204 -0.986
1602.868 550.992 1628.856 652.598 -0.989
906.072 1149.224 940.334 1198.182 -0.992
2187.755 1204.412 2228.285 1285.206 -0.995
1721.728 396.626 1775.329 505.436 -1.006
2356.619 464.361 2391.878 575.689 -1.006
32.648 1069.031 204.125 1346.354 -1.007
1080.380 1697.031 1128.125 1862.235 -1.015
988.606 186.525 1115.199 431.335 -1.016
1211.550 469.918 1256.766 568.801 -1.020
1441.002 494.045 1494.875 594.366 -1.020
828.606 992.363 869.100 1078.214 -1.031
923.836 1127.269 978.106 1219.475 -1.032
886.789 1430.741 922.764 1487.239 -1.041
822.887 1021.783 869.227 1131.402 -1.045
2533.442 1006.441 2568.642 1079.773 -1.045
1050.972 512.465 1092.217 586.328 -1.047
199.878 1542.022 231.663 1588.259 -1.048
1111.590 1052.160 1146.996 1112.289 -1.048
876.859 942.256 910.170 1002.414 -1.050
1096.965 1151.507 1240.553 1419.501 -1.050
1547.585 580.988 1579.110 646.317 -1.050
1297.898 393.372 1462.485 669.436 -1.052
993.031 458.352 1071.373 585.989 -1.052
2181.977 1671.479 2241.727 1811.279 -1.052
193.392 1139.662 376.464 1402.725 -1.053
2199.559 669.218 2224.921 763.950 -1.054
2558.174 1793.923 2588.895 1853.337 -1.057
1280.424 521.694 1310.118 615.047 -1.057
1090.866 153.811 1204.598 370.807 -1.060
818.544 933.409 878.396 1085.827 -1.060
2505.357 117.990 2575.700 250.633 -1.061
537.303 1240.697 578.372 1301.215 -1.061
102.183 2.565 151.528 82.812 -1.062
831.025 1726.826 894.182 1828.819 -1.064
192.765 4.117 243.836 76.391 -1.065
1187.233 1578.229 1224.135 1644.402 -1.065
1100.621 1587.876 1151.634 1655.782 -1.066
1655.398 381.759 1811.401 653.786 -1.066
1927.108 386.034 2086.629 670.433 -1.066
1024.714 1273.430 1060.526 1345.098 -1.069
901.825 986.559 947.910 1070.749 -1.069
1563.032 1544.098 1599.381 1663.293 -1.070
1485.071 349.742 1877.330 1118.876 -1.071
1195.800 413.158 1261.452 555.635 -1.071
3.509 658.716 47.106 703.888 -1.073
1347.349 1777.792 1393.865 1846.836 -1.073
1325.080 1447.970 1373.703 1517.903 -1.073
1902.523 73.878 1959.539 194.737 -1.074
1285.187 1610.918 1354.882 1700.846 -1.075
1496.404 218.806 1589.355 384.627 -1.075
376.605 548.180 418.724 636.371 -1.076
569.778 1159.020 607.011 1215.395 -1.077
1872.786 538.769 1926.028 643.616 -1.077
1182.161 547.941 1219.927 618.231 -1.078
1466.795 231.640 1517.228 339.903 -1.078
6.645 237.362 52.364 327.274 -1.079
962.117 1171.932 1011.815 1263.376 -1.079
10.131 1319.459 81.275 1436.528 -1.080
778.172 863.877 817.088 930.036 -1.080
1180.550 1537.792 1230.607 1626.142 -1.081
1.000 304.697 41.988 406.205 -1.083
1567.768 187.450 1604.165 315.823 -1.084
2544.788 846.866 2577.186 931.444 -1.084
452.312 1.000 1611.528 1944.000 -1.084
2537.708 722.353 2572.729 804.077 -1.087
2119.209 1696.969 2180.167 1807.869 -1.087
358.569 311.706 438.449 447.386 -1.089
5.511 733.806 58.898 847.491 -1.096
132.625 886.966 177.185 947.891 -1.099
276.262 509.788 323.744 582.924 -1.101
2235.677 1703.871 2305.162 1816.447 -1.101
1628.467 138.836 1692.140 294.720 -1.101
1.589 1584.824 40.208 1633.246 -1.102
3.695 645.617 59.090 754.437 -1.103
2214.987 1252.061 2244.948 1324.776 -1.104
2464.278 1877.952 2487.949 1940.870 -1.104
2158.056 62.644 2203.247 171.536 -1.104
2549.340 1752.438 2583.914 1830.262 -1.104
245.994 441.038 282.135 511.144 -1.108
2541.151 1658.268 2570.382 1730.897 -1.110
1872.991 451.368 1917.592 549.402 -1.110
1735.840 226.298 1946.221 695.111 -1.112
137.945 442.436 180.765 504.841 -1.113
228.412 571.082 283.131 676.567 -1.115
1793.506 136.718 1840.219 225.440 -1.116
25.058 437.137 62.604 494.937 -1.116
51.589 1680.197 104.556 1734.545 -1.118
2089.848 1169.546 2118.593 1221.146 -1.118
2254.682 829.802 2310.946 949.882 -1.119
124.019 1404.506 160.844 1452.822 -1.125
160.473 264.186 225.333 373.319 -1.125
2398.745 1375.024 2442.590 1459.280 -1.126
2110.317 30.602 2151.175 136.561 -1.127
1856.397 714.289 1920.154 834.000 -1.127
2141.276 1165.779 2246.429 1350.983 -1.128
352.606 1442.619 392.931 1507.794 -1.130
1.000 1516.878 51.371 1590.376 -1.131
378.466 619.937 433.049 705.084 -1.132
203.163 1627.954 269.950 1723.695 -1.133
1.945 1250.324 37.302 1290.728 -1.135
2533.479 792.462 2570.839 904.478 -1.135
2188.707 1336.249 2217.482 1455.701 -1.136
364.735 672.651 442.707 762.666 -1.137
2155.399 1608.937 2267.811 1817.808 -1.137
2400.202 1.000 2438.336 92.743 -1.137
16.782 1739.765 69.612 1824.092 -1.137
2383.256 86.490 2448.292 242.425 -1.138
430.758 943.326 470.548 1000.360 -1.138
28.041 680.691 77.877 775.486 -1.138
16.904 1872.989 56.223 1925.203 -1.139
1960.722 663.822 2002.018 772.412 -1.139
2055.556 1179.694 2120.679 1290.593 -1.140
1972.561 649.670 2037.313 791.266 -1.140
1.000 1257.013 48.088 1332.704 -1.141
109.531 1340.401 172.456 1448.021 -1.141
2523.034 1092.651 2572.412 1177.097 -1.141
329.417 6.288 380.182 80.357 -1.142
1592.431 1078.699 1640.363 1172.165 -1.142
2054.620 1601.267 2246.650 1928.403 -1.143
1950.312 256.198 2005.901 366.719 -1.143
2493.552 1710.867 2522.159 1781.352 -1.143
2431.247 883.787 2477.064 965.821 -1.144
2558.813 1614.842 2583.599 1687.329 -1.144
409.688 1153.767 450.838 1216.963 -1.144
2307.979 1776.319 2338.304 1854.698 -1.145
2532.518 1234.276 2578.087 1326.320 -1.145
4.801 838.065 42.780 905.595 -1.145
1604.100 1785.637 1650.412 1866.315 -1.145
8.382 1005.247 38.459 1062.585 -1.146
