1925.560 1338.559 2028.882 1386.080 -0.785
1086.508 1183.207 1185.770 1218.360 -0.813
941.004 1171.022 1019.107 1206.807 -0.848
2125.981 1.000 2204.196 45.476 -0.866
498.924 1.000 595.003 57.785 -0.873
763.254 1428.500 867.551 1463.346 -0.893
1090.924 1263.347 1136.696 1305.809 -0.899
934.974 1170.203 1062.399 1235.656 -0.903
878.477 1749.143 981.773 1834.359 -0.910
1906.967 1.000 2025.163 67.484 -0.912
905.783 1474.149 984.153 1542.170 -0.915
1028.034 1198.531 1111.423 1228.199 -0.921
628.978 147.352 717.437 198.615 -0.921
1716.598 1898.544 1832.717 1934.824 -0.923
972.613 1200.184 1063.706 1272.022 -0.923
850.991 798.154 956.520 853.310 -0.926
1391.382 1130.382 1468.696 1162.195 -0.928
809.164 346.689 906.962 398.276 -0.928
1067.436 1889.782 1143.921 1944.000 -0.929
1447.567 1853.176 1539.563 1881.627 -0.937
1087.231 1544.884 1497.863 1767.703 -0.938
340.107 591.632 425.121 633.763 -0.939
449.576 973.816 580.088 1027.499 -0.941
836.725 1129.195 922.827 1162.536 -0.942
1214.648 1163.167 1341.920 1210.516 -0.943
488.301 774.976 574.591 808.576 -0.943
1540.328 1878.538 1649.019 1902.471 -0.944
1255.261 574.409 1305.766 628.408 -0.944
2166.024 1.000 2250.299 48.137 -0.944
659.786 1194.029 847.920 1293.278 -0.949
658.273 338.889 783.769 419.499 -0.949
1680.833 1844.271 1819.612 1880.711 -0.949
1618.312 41.167 1681.721 92.171 -0.950
1436.732 274.107 1514.650 323.395 -0.951
1610.102 1222.390 1703.002 1261.871 -0.952
299.702 1272.778 399.122 1321.800 -0.952
1048.892 589.035 1165.803 654.516 -0.953
424.674 268.848 518.640 316.816 -0.953
1572.111 397.228 1846.647 675.264 -0.953
896.036 597.813 974.869 637.322 -0.954
1120.085 1181.533 1229.261 1224.421 -0.954
1772.688 1278.006 1848.600 1314.117 -0.958
2143.254 1754.305 2253.472 1794.576 -0.961
2308.506 81.380 2402.907 142.755 -0.961
656.585 661.358 737.213 739.559 -0.962
1912.842 319.166 2001.147 372.600 -0.963
