1144.508 1031.763 1254.374 1086.253 -0.874
2130.363 1766.928 2218.305 1820.041 -0.936
296.549 1156.502 392.507 1209.674 -0.958
155.305 1418.069 235.889 1514.882 -0.962
2479.730 1870.044 2592.000 1935.035 -0.963
2085.174 1777.363 2235.014 1905.413 -0.971
2161.036 1802.138 2307.617 1925.664 -0.973
1165.788 875.299 1293.977 938.949 -0.984
1001.390 1562.852 1116.745 1678.787 -0.990
627.855 350.971 789.929 434.865 -0.991
9.361 626.491 142.628 695.308 -0.991
406.025 558.265 476.568 634.974 -0.992
1807.366 640.524 1901.185 712.741 -0.992
46.666 1802.536 138.845 1852.729 -0.994
1427.495 723.766 1518.440 771.721 -0.999
1187.352 1606.320 1314.335 1734.626 -1.001
469.493 1.000 598.775 57.529 -1.002
1816.039 450.592 2042.147 647.985 -1.004
706.751 217.189 1029.034 366.997 -1.004
1610.442 709.900 1743.480 781.070 -1.006
2334.922 25.866 2444.505 80.218 -1.006
849.924 534.106 934.399 574.133 -1.010
933.061 344.969 1006.070 406.124 -1.012
962.064 992.532 1111.477 1064.865 -1.018
325.475 1435.037 412.465 1535.649 -1.018
1416.625 1407.556 1515.403 1492.696 -1.019
1136.032 799.645 1242.958 850.762 -1.020
1245.569 140.774 1342.129 223.494 -1.020
666.511 1297.692 805.071 1370.408 -1.020
759.691 1587.747 846.150 1636.672 -1.021
2054.935 1579.067 2160.890 1664.525 -1.022
778.571 1472.171 869.937 1518.281 -1.024
2031.745 608.110 2149.169 662.002 -1.024
1583.783 1581.746 1676.303 1628.347 -1.027
2498.965 325.117 2586.565 370.901 -1.027
748.774 1.000 850.334 46.695 -1.027
2382.991 1433.564 2485.926 1490.800 -1.028
1755.549 1196.707 1839.312 1245.696 -1.030
943.310 905.990 1288.430 1095.226 -1.030
1424.980 1017.882 1579.679 1098.595 -1.032
433.655 342.318 525.334 394.434 -1.032
599.059 1826.706 733.352 1896.173 -1.033
536.280 943.849 670.904 1011.849 -1.033
616.128 1606.028 738.143 1667.612 -1.034
450.832 387.735 529.234 430.016 -1.034
209.148 1458.848 322.198 1515.592 -1.036
1942.947 87.752 2049.515 139.829 -1.037
1.000 1855.573 90.580 1944.000 -1.039
2239.789 1002.433 2345.380 1055.316 -1.041
1487.530 6.176 1585.135 50.543 -1.044
2010.583 5.618 2103.921 56.617 -1.044
476.618 560.511 625.933 630.095 -1.045
2411.447 1870.600 2513.191 1923.741 -1.047
588.611 1561.666 697.514 1619.329 -1.047
381.412 1428.335 473.898 1526.457 -1.048
2260.485 459.629 2345.567 511.812 -1.048
333.210 991.063 419.919 1038.258 -1.048
1779.151 105.934 1868.867 152.862 -1.049
1619.159 18.193 1897.074 156.403 -1.049
2458.895 1167.262 2592.000 1233.014 -1.049
105.558 1413.904 940.910 1899.457 -1.049
1931.349 1403.573 2033.761 1457.271 -1.049
7.317 1126.080 147.016 1201.962 -1.050
2375.144 1560.509 2476.339 1616.560 -1.052
1408.008 1150.808 1530.710 1212.380 -1.052
2490.060 1631.525 2592.000 1691.765 -1.052
52.012 845.432 139.655 891.048 -1.052
204.726 462.238 280.787 506.631 -1.052
1901.420 1089.644 2009.737 1151.187 -1.052
1267.156 1516.721 1478.898 1618.699 -1.052
1577.109 1872.756 1677.928 1927.468 -1.053
1.000 568.012 115.310 624.011 -1.053
1534.173 1723.948 1684.800 1798.487 -1.053
1542.039 124.862 1639.345 168.309 -1.054
2058.917 843.439 2147.830 888.560 -1.054
1484.173 1.000 1643.796 67.876 -1.055
634.198 1295.096 739.874 1409.406 -1.055
2387.522 1622.365 2502.609 1687.298 -1.055
211.730 1026.135 307.291 1075.986 -1.055
491.966 625.643 697.965 726.134 -1.055
858.716 351.763 947.494 395.846 -1.055
1240.523 998.041 1348.407 1049.731 -1.056
1620.946 1064.309 1704.026 1108.443 -1.057
1024.157 752.215 1136.199 810.000 -1.057
1192.767 1168.054 1291.349 1220.160 -1.059
1456.362 1109.708 1554.167 1163.294 -1.059
2201.887 1701.363 2355.120 1838.167 -1.060
1700.444 1011.822 1831.252 1080.297 -1.060
1777.247 1563.796 1864.582 1607.674 -1.060
602.341 255.776 677.879 330.643 -1.060
1685.946 1857.730 1831.465 1930.273 -1.061
177.336 405.997 266.667 457.471 -1.061
2493.059 106.708 2592.000 154.450 -1.062
2101.379 1072.962 2218.254 1128.584 -1.062
574.743 1048.129 684.482 1104.997 -1.063
337.205 937.124 424.749 986.923 -1.063
2.942 1.000 86.218 35.891 -1.063
1881.526 1224.163 2014.104 1290.281 -1.064
2492.847 56.052 2592.000 111.649 -1.064
1982.032 1072.389 2081.704 1123.869 -1.065
