1003.529 179.675 1114.450 418.882 -0.843
1.000 1825.060 70.507 1931.303 -0.872
715.509 860.185 920.022 1069.482 -0.918
1265.219 557.748 1444.506 639.031 -0.923
1773.893 271.897 1991.995 696.513 -0.926
1420.266 262.668 1643.045 361.554 -0.926
2541.534 1736.196 2592.000 1838.278 -0.939
847.343 1434.612 1018.571 1699.058 -0.939
1829.806 1450.169 1929.548 1584.115 -0.942
1850.480 815.129 1967.508 1023.858 -0.946
1087.230 1.000 1319.251 406.273 -0.946
2239.259 858.244 2453.679 890.705 -0.951
1629.018 1329.603 1703.735 1430.987 -0.954
1319.732 1059.405 2166.479 1944.000 -0.961
2266.408 1816.980 2370.063 1938.337 -0.970
2249.282 712.177 2350.173 789.875 -0.974
1.000 1097.041 76.458 1221.668 -0.978
1168.751 560.161 1247.061 633.120 -0.983
1387.822 177.800 1442.300 286.844 -0.988
1056.535 1114.180 1145.134 1175.132 -0.989
29.796 1163.925 191.734 1422.424 -0.991
1061.296 1175.640 1139.668 1243.541 -0.994
644.710 884.651 707.119 971.934 -0.995
2272.577 1751.212 2386.926 1834.998 -0.997
479.865 561.978 544.803 620.278 -1.000
1314.855 169.362 1423.289 284.020 -1.002
1707.908 494.246 1799.228 569.862 -1.002
337.368 1143.489 497.549 1200.824 -1.002
810.288 1150.555 1313.673 1392.888 -1.003
284.525 1382.160 362.370 1474.555 -1.003
572.111 432.144 1008.411 682.383 -1.005
306.089 1247.725 350.970 1295.786 -1.007
1031.999 1901.939 1258.415 1944.000 -1.008
1378.760 115.100 1505.595 266.010 -1.008
128.722 954.938 289.136 1029.578 -1.008
427.692 1154.603 625.221 1235.141 -1.009
1180.718 1101.600 1370.061 1147.944 -1.009
575.717 1064.158 949.284 1638.251 -1.010
1302.041 492.636 1568.565 1076.615 -1.011
952.505 1136.780 1259.990 1770.488 -1.012
965.149 570.199 1054.184 659.480 -1.013
2135.465 321.410 2592.000 1350.493 -1.013
369.824 1781.262 485.664 1926.634 -1.014
1484.860 560.926 1704.710 630.314 -1.015
750.510 323.726 807.072 418.669 -1.018
2031.720 106.763 2546.077 370.290 -1.019
1627.869 584.687 1813.591 632.696 -1.020
718.477 189.707 792.876 337.209 -1.020
787.450 1008.137 1454.856 1359.429 -1.020
593.184 52.728 639.574 163.376 -1.021
309.641 488.086 384.219 628.330 -1.021
1050.291 549.208 1212.101 595.034 -1.021
940.431 324.863 994.827 410.230 -1.022
1505.994 499.267 1765.914 1045.564 -1.023
1.000 1629.038 73.437 1744.254 -1.025
1254.070 547.473 1330.933 705.011 -1.025
542.658 1094.944 1651.714 1795.718 -1.029
654.477 358.168 838.809 426.496 -1.029
1448.841 131.584 2025.052 394.310 -1.030
367.730 882.118 452.021 1006.728 -1.030
1030.006 477.643 1175.722 528.405 -1.031
317.725 900.899 932.352 1940.578 -1.031
1807.944 769.452 1902.398 931.132 -1.032
2170.151 1646.715 2265.193 1773.720 -1.032
1178.714 1920.920 1410.071 1944.000 -1.033
2516.885 1596.663 2592.000 1762.270 -1.034
991.742 498.157 1066.724 576.545 -1.034
1030.548 169.747 1231.771 641.518 -1.035
280.768 1497.789 351.901 1592.687 -1.035
621.779 227.480 769.208 556.768 -1.036
448.069 447.827 597.397 760.209 -1.037
35.080 241.885 125.571 288.646 -1.037
1051.289 460.658 2466.609 1345.447 -1.039
954.601 71.946 1112.274 428.596 -1.039
2525.996 221.221 2592.000 395.956 -1.039
2038.675 590.120 2592.000 1920.026 -1.040
1749.184 1.000 1826.892 147.443 -1.041
7.096 26.337 67.603 164.055 -1.043
482.959 468.722 738.678 969.598 -1.045
317.100 260.721 382.348 394.100 -1.045
1.000 363.323 65.860 491.934 -1.046
363.629 269.180 459.193 448.451 -1.047
1.000 1492.883 58.914 1592.446 -1.048
1.000 964.170 51.926 1039.900 -1.048
1.000 426.382 1302.137 1111.087 -1.048
1666.982 1.000 1744.213 157.803 -1.048
1.309 892.858 283.701 1482.514 -1.049
2106.574 4.148 2260.818 35.255 -1.049
497.950 340.598 543.071 425.429 -1.052
24.883 1091.817 407.287 1944.000 -1.055
46.612 279.699 116.537 368.501 -1.055
1.000 393.907 1690.786 1569.501 -1.056
819.331 101.485 974.803 175.074 -1.057
212.768 285.740 261.235 374.089 -1.058
395.902 138.815 447.390 245.909 -1.059
1209.291 1804.572 1309.124 1929.352 -1.060
265.758 331.683 313.267 417.169 -1.061
1304.312 57.176 1466.011 114.085 -1.064
1418.228 12.578 2329.788 1908.116 -1.065
900.242 1918.072 1126.502 1944.000 -1.066
896.091 228.400 954.935 342.820 -1.077
1184.907 1684.757 1343.436 1941.047 -1.077
826.873 293.502 886.024 393.225 -1.078
698.370 114.762 774.111 238.870 -1.079
2438.299 84.960 2592.000 111.087 -1.082
1315.564 1.000 1387.299 134.822 -1.083
1268.086 202.239 1378.564 388.892 -1.084
988.872 1821.948 1065.411 1914.489 -1.088
282.807 147.114 343.193 269.357 -1.091
683.443 95.742 789.156 141.667 -1.092
509.037 360.037 627.496 409.103 -1.092
