1771.361 1216.545 1858.661 1251.232 -0.427
1249.908 1532.270 1489.617 1634.923 -0.841
1128.434 544.396 1296.000 606.200 -0.902
1164.069 1543.272 1745.158 1769.936 -0.906
1124.444 1149.033 1201.537 1224.557 -0.919
1324.758 567.745 1595.829 676.408 -0.919
1153.895 1092.354 1348.725 1201.680 -0.919
1064.042 1544.182 1129.028 1572.825 -0.930
1729.880 575.577 1874.213 636.887 -0.949
336.934 339.007 436.738 382.489 -0.951
1609.318 612.221 1711.973 651.505 -0.976
1850.100 303.670 1961.340 368.923 -1.001
755.036 1113.756 853.667 1153.629 -1.005
1640.945 1901.746 1701.244 1935.295 -1.013
1760.973 1177.129 1836.971 1256.424 -1.032
1557.924 1137.913 1637.552 1173.157 -1.068
293.486 383.886 370.930 451.080 -1.071
961.280 1453.882 1043.953 1484.826 -1.072
727.763 779.432 804.396 851.695 -1.081
1813.174 640.242 1911.841 732.955 -1.090
1358.223 230.960 1414.032 290.125 -1.093
1.000 480.053 67.035 564.486 -1.096
850.871 841.319 954.802 948.235 -1.101
559.370 1373.383 640.253 1459.067 -1.103
1373.036 788.072 1460.863 830.863 -1.103
481.616 1907.768 541.107 1931.805 -1.104
1053.249 176.419 1107.610 232.043 -1.107
801.486 1134.640 1757.610 1944.000 -1.111
820.314 366.060 870.029 422.761 -1.114
2545.574 493.720 2592.000 557.185 -1.125
1.000 342.445 1437.485 1766.209 -1.126
1774.287 758.099 1859.487 846.542 -1.136
1769.736 865.967 1838.880 933.153 -1.138
1.000 11.321 64.889 70.795 -1.139
1546.540 399.733 1625.761 469.890 -1.143
2525.127 1850.549 2592.000 1944.000 -1.144
1708.078 556.758 1791.174 648.489 -1.149
1770.005 324.100 1835.377 398.151 -1.153
1844.972 979.797 1942.915 1069.831 -1.155
1631.697 114.322 1741.756 159.586 -1.159
1.000 1841.893 84.394 1943.516 -1.161
1509.789 631.600 1768.473 907.223 -1.161
1404.007 1058.759 1480.895 1138.104 -1.165
1611.460 544.707 1720.149 649.965 -1.166
396.292 1890.658 473.425 1944.000 -1.168
446.306 1907.048 526.143 1935.739 -1.169
2362.288 92.175 2414.583 153.023 -1.172
446.833 659.344 2537.086 1944.000 -1.175
2048.574 54.681 2099.380 107.810 -1.176
2483.979 1381.882 2592.000 1475.526 -1.177
1801.049 390.655 1865.887 460.262 -1.180
1755.228 285.611 1812.840 341.649 -1.180
1.000 1724.197 89.935 1822.773 -1.181
2499.519 1523.923 2592.000 1612.908 -1.183
2528.336 1708.569 2592.000 1786.677 -1.183
1637.664 247.615 1700.956 326.810 -1.186
1384.746 274.563 1617.553 387.088 -1.187
2539.927 846.172 2592.000 910.366 -1.190
2532.681 1086.714 2592.000 1170.230 -1.195
543.169 28.359 587.407 85.544 -1.196
1869.974 615.417 1950.585 698.352 -1.198
246.949 58.950 346.111 111.199 -1.202
2526.157 537.376 2592.000 619.756 -1.203
2529.411 768.505 2592.000 833.139 -1.204
1430.901 463.920 1488.542 526.288 -1.204
1274.078 205.071 1329.092 254.591 -1.207
1163.337 150.417 1233.029 236.286 -1.208
2538.315 634.266 2592.000 691.867 -1.213
1037.718 150.685 1102.033 222.838 -1.214
1526.615 97.510 1575.343 152.003 -1.217
1710.827 500.302 1847.673 620.969 -1.217
1921.623 341.848 1973.546 406.423 -1.219
2520.342 1053.780 2592.000 1130.699 -1.221
1466.102 359.964 1580.247 477.746 -1.221
1.000 72.312 49.216 126.966 -1.221
2504.008 677.557 2592.000 792.213 -1.222
1472.203 21.129 1528.439 74.941 -1.222
1747.369 158.077 1828.863 238.820 -1.223
902.910 201.245 979.419 261.964 -1.225
1.000 1782.808 59.669 1869.888 -1.226
2548.237 352.273 2592.000 414.402 -1.226
298.012 1742.592 383.754 1821.731 -1.227
1.000 1786.615 101.759 1888.195 -1.230
2517.643 382.603 2592.000 459.750 -1.231
471.320 245.247 565.891 345.425 -1.231
169.073 130.409 258.378 175.110 -1.232
2035.137 615.125 2102.725 701.690 -1.233
2487.967 1653.330 2592.000 1761.961 -1.234
2487.907 1588.623 2592.000 1711.022 -1.234
1920.988 352.307 2003.468 450.871 -1.237
1332.131 201.371 1416.069 291.381 -1.237
2460.384 338.426 2547.474 427.550 -1.237
2246.557 304.718 2295.377 360.439 -1.237
1988.930 130.265 2054.818 197.347 -1.238
1729.186 343.660 1971.897 679.776 -1.238
505.607 202.645 567.075 261.668 -1.238
404.316 258.319 476.426 325.124 -1.238
2308.268 607.305 2371.036 668.905 -1.239
272.733 177.327 329.658 263.385 -1.240
1628.431 308.836 1703.340 377.477 -1.240
2139.358 52.527 2208.131 112.885 -1.241
2378.869 327.123 2436.397 382.780 -1.241
2188.643 50.914 2236.145 110.741 -1.242
1942.516 32.512 2031.110 117.409 -1.242
112.360 1827.470 207.669 1926.299 -1.242
1716.001 8.083 1821.253 62.749 -1.242
1594.682 94.091 1656.565 156.712 -1.243
1.000 223.116 51.358 289.154 -1.244
1693.051 273.996 2095.135 696.349 -1.244
2539.514 293.559 2592.000 360.192 -1.246
1.000 265.343 51.704 327.686 -1.246
394.986 197.337 449.135 253.988 -1.246
1881.438 227.705 1937.036 290.870 -1.247
827.201 229.948 901.910 302.136 -1.248
904.796 289.046 980.994 376.392 -1.249
2535.841 126.244 2592.000 204.731 -1.250
2514.468 1777.554 2592.000 1874.023 -1.250
2159.618 152.728 2213.002 203.476 -1.252
2518.383 1300.879 2592.000 1390.090 -1.252
2556.239 188.437 2592.000 249.755 -1.253
164.173 1861.496 255.544 1943.634 -1.253
244.476 1875.257 337.736 1944.000 -1.253
2365.793 509.228 2439.780 578.361 -1.253
188.508 1837.506 308.150 1936.691 -1.253
1.041 306.544 62.600 369.999 -1.256
1009.038 240.724 1095.098 335.211 -1.257
336.888 235.079 421.995 276.582 -1.257
339.238 1863.861 435.809 1939.680 -1.257
960.634 72.759 1021.745 127.207 -1.257
3.016 19.116 94.239 108.568 -1.258
430.424 14.232 493.358 67.530 -1.259
2416.358 303.260 2481.671 370.222 -1.259
2207.747 26.954 2294.012 108.937 -1.260
2185.914 385.399 2253.761 441.621 -1.262
2516.562 316.398 2592.000 382.304 -1.262
1679.126 78.642 1738.245 137.196 -1.263
2232.639 417.332 2301.019 496.100 -1.264
1181.818 1.000 2157.404 836.304 -1.264
2426.233 19.774 2464.497 72.139 -1.264
1.000 234.454 86.827 312.353 -1.266
1.000 147.761 72.939 214.944 -1.268
2526.055 1.000 2588.799 62.071 -1.268
382.330 1859.420 487.245 1943.364 -1.269
1018.728 160.767 1120.132 247.612 -1.270
2414.120 338.433 2502.298 432.906 -1.270
2525.202 1157.316 2592.000 1236.823 -1.271
675.570 99.617 728.899 154.804 -1.271
2416.985 250.067 2467.840 309.003 -1.272
2498.756 415.846 2590.822 510.105 -1.272
769.728 1.000 844.788 50.533 -1.275
2534.732 917.450 2592.000 982.255 -1.275
2519.204 88.784 2592.000 165.687 -1.275
2518.423 972.517 2592.000 1059.587 -1.276
2510.154 882.836 2592.000 969.720 -1.277
2299.080 373.715 2379.155 459.944 -1.278
1057.237 104.947 1116.892 153.889 -1.278
540.385 197.562 602.293 256.661 -1.279
2525.743 1461.476 2592.000 1542.165 -1.279
2351.046 371.510 2417.936 453.543 -1.279
410.693 305.101 461.693 369.849 -1.280
2514.712 1238.469 2592.000 1320.745 -1.282
55.713 1823.876 173.143 1938.276 -1.283
2426.403 168.615 2504.263 246.149 -1.284
2507.999 831.515 2592.000 921.427 -1.286
718.127 291.247 793.210 375.317 -1.287
2163.438 331.977 2225.257 384.406 -1.291
59.096 280.194 126.755 359.164 -1.292
961.839 170.292 1054.795 267.687 -1.292
536.723 62.749 618.370 142.483 -1.293
2366.873 2.984 2439.260 60.096 -1.293
2549.981 58.396 2592.000 111.773 -1.294
1.000 266.039 96.451 371.081 -1.297
2339.412 91.174 2403.422 170.858 -1.298
2502.924 274.451 2589.386 363.558 -1.298
2433.313 1.000 2592.000 106.176 -1.300
874.707 182.236 966.396 224.219 -1.301
2150.067 123.227 2192.368 182.191 -1.301
37.768 77.929 109.840 157.473 -1.302
911.131 1.000 978.119 48.736 -1.305
2171.172 1.000 2254.026 70.178 -1.305
553.299 249.302 620.668 326.086 -1.305
2479.303 318.792 2586.777 444.473 -1.306
249.774 8.419 337.786 94.578 -1.307
361.824 17.272 429.149 76.292 -1.307
2450.996 252.760 2504.014 303.872 -1.307
374.971 230.172 458.695 306.911 -1.308
2158.006 166.425 2257.614 262.311 -1.312
601.509 15.906 656.381 62.807 -1.312
5.761 165.157 101.428 270.117 -1.312
229.537 78.789 291.922 148.808 -1.313
593.986 230.689 671.059 294.672 -1.313
770.766 234.012 843.053 297.229 -1.313
2265.166 458.644 2404.761 542.183 -1.315
2321.840 34.455 2367.238 94.505 -1.316
826.236 157.950 876.921 232.124 -1.316
516.718 27.218 605.799 70.593 -1.317
161.931 1.000 220.722 40.699 -1.318
635.086 145.735 717.172 231.013 -1.319
447.119 166.593 554.737 266.514 -1.320
2486.973 1823.455 2592.000 1944.000 -1.321
74.684 12.987 131.412 70.154 -1.321
2339.083 325.692 2390.788 385.495 -1.322
641.830 192.052 724.112 288.829 -1.322
301.736 97.901 377.898 178.432 -1.323
2313.363 276.719 2364.794 334.753 -1.324
724.073 177.573 794.439 234.667 -1.324
2530.464 597.481 2592.000 678.959 -1.327
2551.599 229.934 2592.000 280.157 -1.327
462.389 1.000 511.820 39.402 -1.327
2148.334 576.480 2238.858 660.495 -1.327
529.888 1.000 621.517 78.568 -1.330
1006.077 1.000 1053.060 41.265 -1.330
2190.568 350.094 2247.959 414.357 -1.330
489.246 2.462 565.842 78.118 -1.331
788.588 136.364 856.296 217.724 -1.331
394.736 1755.868 473.904 1836.447 -1.331
1108.147 189.046 1214.193 268.360 -1.332
965.435 25.045 1053.338 115.871 -1.333
2146.764 376.076 2207.730 427.434 -1.334
2319.475 343.694 2407.329 443.237 -1.334
2393.583 273.328 2592.000 462.971 -1.334
2224.637 372.103 2315.449 463.125 -1.335
1082.742 1.000 1136.151 60.365 -1.335
2257.598 317.286 2320.185 391.410 -1.337
342.290 1751.999 439.925 1831.844 -1.337
2499.253 1733.079 2592.000 1841.705 -1.338
2319.635 143.270 2386.915 204.376 -1.338
2212.766 450.393 2271.408 513.545 -1.339
2450.532 106.327 2508.153 160.104 -1.339
1.000 1.000 2402.894 1564.828 -1.340
1.000 1746.694 467.256 1944.000 -1.341
2381.659 120.402 2456.667 208.672 -1.360
2384.731 20.028 2459.779 97.132 -1.360
7.770 1598.679 767.317 1944.000 -1.361
2504.970 1192.756 2592.000 1283.228 -1.362
2501.921 993.185 2592.000 1112.353 -1.362
2484.805 103.300 2577.261 205.366 -1.364
2493.737 1127.763 2592.000 1238.248 -1.365
2502.457 1446.270 2592.000 1567.935 -1.365
2392.007 438.292 2461.809 516.179 -1.370
2519.028 483.995 2592.000 568.418 -1.374
2433.944 508.380 2489.571 572.839 -1.375
2499.735 552.289 2589.943 651.687 -1.378
2517.041 164.328 2592.000 233.070 -1.383
2480.124 491.752 2583.201 590.454 -1.386
2359.454 168.736 2450.798 260.495 -1.390
2416.387 544.638 2473.297 616.287 -1.391
2397.930 459.721 2491.758 571.275 -1.392
2377.581 593.167 2443.491 650.747 -1.394
2418.308 97.121 2486.675 163.293 -1.395
2516.257 622.454 2592.000 726.363 -1.395
2267.117 387.678 2592.000 746.299 -1.395
2494.512 781.435 2592.000 875.615 -1.398
2391.939 3.316 2592.000 228.453 -1.400
2473.800 232.186 2541.803 302.845 -1.405
2490.840 1254.716 2592.000 1361.550 -1.407
2259.685 101.267 2592.000 467.202 -1.413
2514.177 921.286 2592.000 1020.342 -1.423
2486.482 1068.595 2592.000 1177.550 -1.423
2485.356 1324.903 2592.000 1421.489 -1.436
