1.000 1.000 2592.000 785.726 -0.252
3659.523 1.000 2592.000 331.463 -0.280
1.000 1.000 -723.302 1468.008 -0.297
2792.893 1.000 2592.000 767.470 -0.347
4520.299 1.000 2592.000 301.405 -0.348
1.000 1.000 -399.495 903.499 -0.349
1.000 267.749 799.281 1517.084 -0.349
1113.333 562.390 2592.000 1944.000 -0.352
1.000 1.000 -1496.452 1530.609 -0.352
2116.997 1.000 2108.400 12.906 -0.356
2436.972 1.000 2226.319 79.328 -0.362
2082.915 1.000 2057.663 64.588 -0.364
3084.527 1.000 1480.664 457.765 -0.366
832.971 1.000 775.689 175.773 -0.367
2893.541 1.000 2592.000 35.292 -0.368
2281.858 1.000 1085.398 346.640 -0.368
2604.937 1.000 2592.000 64.340 -0.372
2353.179 1.000 2231.711 51.707 -0.372
3048.041 1.000 2592.000 -13.120 -0.373
1558.411 1.000 1501.967 2.533 -0.376
2898.764 1.000 2592.000 86.120 -0.377
1861.164 1.000 1852.323 12.375 -0.378
2639.885 1.000 2592.000 32.515 -0.380
70.486 1.000 50.436 14.782 -0.381
1805.023 1.000 1784.564 6.199 -0.381
2617.072 1.000 2592.000 60.079 -0.383
1.000 1.000 -182.311 274.539 -0.383
1.000 1.000 -294.210 1788.868 -0.384
1.000 150.096 1902.966 1589.649 -0.385
1.000 529.354 -530.055 1401.186 -0.385
2620.218 1.000 2592.000 20.725 -0.385
2853.674 1.000 2592.000 25.484 -0.386
2604.345 1.000 2592.000 68.909 -0.387
2788.500 1.000 2592.000 75.512 -0.387
2195.845 1.000 2138.131 26.788 -0.389
2578.303 1.000 2513.127 21.791 -0.389
1648.454 1.000 1627.950 8.249 -0.390
2641.801 1.000 2592.000 34.800 -0.390
2630.420 1.000 2592.000 37.246 -0.391
2596.990 1.000 2592.000 28.875 -0.391
2615.924 1.000 2592.000 56.101 -0.393
2629.584 1.000 2592.000 16.878 -0.393
3076.892 1.000 2592.000 101.162 -0.393
2634.540 1.000 2592.000 39.872 -0.393
1922.050 1.000 1915.011 15.777 -0.393
2656.245 1.000 2592.000 375.035 -0.396
2639.042 1.000 2592.000 13.908 -0.396
4021.677 1.000 2592.000 747.998 -0.396
2129.072 1.000 2121.769 35.749 -0.396
1902.439 1.000 1877.986 5.794 -0.396
1.000 1.000 -147.804 223.013 -0.397
2090.122 1.000 2069.395 31.654 -0.397
2624.833 1.000 2592.000 50.432 -0.398
145.805 1.000 132.503 28.992 -0.398
1.000 1.000 -1396.140 1428.116 -0.398
2223.079 1.000 2166.043 22.221 -0.398
1.000 1.000 -277.095 416.074 -0.399
2593.794 1.000 2592.000 60.074 -0.399
1.000 1.000 -1233.413 931.999 -0.399
1.000 1.000 -250.233 291.377 -0.399
2623.481 1.000 2592.000 52.391 -0.399
2620.032 1.000 2592.000 78.975 -0.400
2887.159 1.000 2592.000 35.744 -0.400
1.000 1.000 -170.003 256.160 -0.400
1906.280 1.000 1864.240 6.848 -0.401
2641.735 1.000 2592.000 26.539 -0.401
145.359 1.000 100.867 21.212 -0.401
2593.072 1.000 2592.000 115.898 -0.401
2144.162 1.000 2120.874 27.332 -0.401
1.000 1.000 -38.519 59.825 -0.401
2304.764 1.000 2282.095 11.077 -0.402
3051.913 1.000 2592.000 742.480 -0.402
1.000 1.000 -258.439 388.217 -0.402
2618.152 256.480 2592.000 317.164 -0.402
1.000 1.000 -33.341 52.093 -0.403
2645.855 1.000 2592.000 42.451 -0.403
1.000 1.000 -638.518 955.762 -0.403
2597.001 1.000 2592.000 41.642 -0.404
2413.676 1.000 2396.742 38.918 -0.405
1460.449 1.000 1444.557 7.724 -0.405
1.000 1.000 -287.662 334.690 -0.405
2644.460 1.000 2592.000 23.193 -0.405
2745.696 1.000 2592.000 40.046 -0.406
2598.710 1.000 2592.000 30.900 -0.406
2628.305 1.000 2592.000 24.211 -0.406
1556.438 1.000 1499.478 2.683 -0.407
1.000 1.000 -297.089 445.930 -0.408
3277.325 1.000 2592.000 387.681 -0.408
2646.348 1.000 2592.000 28.396 -0.408
1951.691 1.000 1943.429 11.175 -0.409
2598.882 1.000 2592.000 107.218 -0.409
2084.313 1.000 2067.233 9.230 -0.409
1.000 1.000 -364.176 960.202 -0.409
1854.432 1.000 881.895 281.577 -0.409
585.568 1.000 252.114 117.824 -0.410
1.000 1.000 -36.806 35.282 -0.410
2637.703 1.000 2592.000 34.102 -0.410
1.000 1.000 -213.397 484.218 -0.411
1.000 1.000 -228.819 518.965 -0.411
2107.997 1.000 2075.081 31.165 -0.411
1928.633 1.000 1910.778 32.712 -0.411
854.868 1.000 802.443 14.196 -0.412
2588.131 1.000 2586.119 19.479 -0.412
2814.189 1.000 2592.000 23.817 -0.413
1.000 1289.245 -811.071 1944.000 -0.413
1.000 578.052 -1575.779 1729.450 -0.413
2631.135 1.000 2592.000 25.533 -0.413
2204.428 1.000 2195.140 12.210 -0.413
2117.698 1.000 2113.503 14.600 -0.413
3120.091 1.000 490.069 315.579 -0.413
5114.641 1.000 2592.000 680.676 -0.413
1.000 1.000 -1322.045 998.884 -0.414
2611.319 1.000 2592.000 28.878 -0.414
2410.698 1.000 2366.738 49.156 -0.414
1.000 1.000 -200.050 216.421 -0.414
3001.056 1.000 2592.000 -25.700 -0.414
2597.239 1.000 2592.000 26.986 -0.415
2376.770 1.000 2288.139 88.126 -0.415
2823.645 1.000 2011.701 574.326 -0.415
1.000 1.000 -209.640 315.348 -0.415
2595.516 1.000 2592.000 81.306 -0.415
2625.111 1.000 2592.000 32.937 -0.415
2615.464 1.000 2592.000 82.566 -0.415
2093.306 1.000 2062.796 56.301 -0.416
2648.785 1.000 2592.000 21.686 -0.416
1858.058 1.000 1854.315 10.439 -0.416
2666.298 1.000 2592.000 68.729 -0.416
2650.578 1.000 2592.000 22.734 -0.416
2682.191 1.000 2592.000 34.876 -0.416
2210.311 1.000 2119.699 24.421 -0.416
6330.010 1.000 2592.000 1038.610 -0.417
1116.523 1.000 1097.073 5.802 -0.417
1.000 1.000 -733.684 1097.867 -0.417
2618.444 1.000 2592.000 38.358 -0.418
1163.069 1.000 1150.918 2.709 -0.418
2169.189 1.000 2142.103 6.638 -0.418
2333.407 1.000 2324.374 11.282 -0.418
2343.000 1.000 2336.479 13.477 -0.419
2404.445 1.000 2203.896 74.051 -0.419
2619.722 281.426 2592.000 324.300 -0.419
1.000 590.694 -215.559 1784.855 -0.419
2222.664 1.000 2213.447 7.889 -0.419
1.000 1.000 -195.502 294.237 -0.419
2932.120 1.000 2592.000 -23.943 -0.419
1.000 1.000 -119.776 181.161 -0.419
2732.661 1.000 2592.000 156.605 -0.419
2618.309 284.805 2592.000 349.852 -0.419
1741.695 1.000 1713.252 5.424 -0.420
1.000 1.000 -858.856 879.145 -0.420
1052.385 1.000 1028.680 13.738 -0.420
2635.178 1.000 2592.000 40.310 -0.420
2624.520 239.100 2592.000 289.022 -0.420
2370.647 1.000 2338.071 10.261 -0.420
2634.640 1.000 2592.000 25.541 -0.421
370.838 1.000 361.371 2.056 -0.421
2645.219 1.000 2592.000 20.112 -0.421
2107.782 1.000 2085.693 93.551 -0.421
2603.030 1.000 2592.000 38.099 -0.422
2431.247 1.000 2414.432 19.645 -0.422
2283.050 1.000 2219.554 -1.051 -0.422
2614.928 295.745 2592.000 355.668 -0.422
1.000 1015.177 -1888.399 1944.000 -0.422
2265.943 1.000 2212.702 45.993 -0.422
1.000 528.191 -708.845 1340.660 -0.422
1014.855 1.000 976.546 29.186 -0.422
2673.565 1.000 2592.000 5.613 -0.422
1.000 802.120 -804.177 1944.000 -0.422
2635.488 1.000 2592.000 28.393 -0.423
2071.653 1.000 2065.700 29.947 -0.423
1.000 1.000 -111.656 169.035 -0.423
827.671 1.000 824.340 24.981 -0.423
1.000 1.000 -14.079 33.030 -0.424
1.000 1.000 -507.578 367.150 -0.424
2623.647 249.731 2592.000 299.447 -0.424
549.775 1.000 547.451 12.493 -0.424
2638.234 310.209 2592.000 352.258 -0.424
1.000 1.000 -1150.716 869.592 -0.425
2201.999 1.000 2175.512 8.134 -0.425
2074.956 1.000 2073.010 11.999 -0.425
1.000 520.132 -264.052 1481.709 -0.425
2640.191 1.000 2592.000 50.436 -0.426
1.000 1.000 -35.841 55.825 -0.426
2611.079 250.409 2592.000 319.993 -0.426
2612.805 299.973 2592.000 355.846 -0.426
2603.216 1.000 2592.000 52.387 -0.427
1.000 618.386 -270.978 1429.689 -0.427
1.000 1.000 -264.441 285.539 -0.427
2566.728 1.000 2545.879 17.736 -0.427
2384.847 1.000 2365.588 38.907 -0.427
2052.867 1.000 2039.154 8.121 -0.427
2755.206 1.000 2592.000 42.872 -0.427
1.000 1.000 -31.009 48.611 -0.428
1.000 6.229 -18.965 49.039 -0.428
2700.769 1.000 2592.000 93.977 -0.428
2639.249 1.000 2592.000 32.018 -0.428
2667.287 1.000 2592.000 52.942 -0.428
2314.490 1.000 2169.130 58.413 -0.428
2414.084 1.000 2395.171 91.183 -0.428
1.000 1.000 -274.408 1669.079 -0.428
2607.375 295.513 2592.000 364.223 -0.429
2594.592 1.000 2518.265 36.991 -0.429
1.000 1.000 -19.051 43.553 -0.429
1.000 1.000 -36.702 41.082 -0.429
1.000 1.000 -224.793 337.975 -0.429
2693.092 1.000 2592.000 69.062 -0.429
1.000 1.000 -29.534 33.387 -0.429
1802.425 1.000 1778.241 949.946 -0.429
1.000 1246.949 -237.240 1868.451 -0.430
2610.252 1.000 2592.000 615.085 -0.430
992.692 1.000 941.506 19.675 -0.430
2617.727 1.000 2592.000 29.647 -0.430
2074.708 1.000 2050.645 10.893 -0.430
106.210 1.000 104.358 1.997 -0.430
1.000 1263.897 -238.454 1797.128 -0.430
2333.993 1.000 2257.335 31.551 -0.430
2624.496 1.000 2592.000 20.866 -0.430
2028.318 1.000 2013.604 11.015 -0.430
969.488 1.000 934.248 4.798 -0.431
2304.031 1.000 2296.900 34.792 -0.431
2109.036 1.000 2099.943 11.975 -0.431
1.000 1563.807 519.237 1944.000 -0.431
2094.404 1.000 2067.982 27.630 -0.431
2599.023 284.067 2592.000 330.400 -0.431
2609.481 1.000 2592.000 75.101 -0.431
2600.727 1.000 2581.541 12.870 -0.431
1396.543 1.000 1333.985 -2.013 -0.431
2425.867 1.000 2391.011 44.979 -0.431
2620.374 1.000 2592.000 34.973 -0.431
2606.495 1.000 2592.000 43.240 -0.431
2722.851 1.000 2592.000 45.129 -0.431
384.558 1.000 328.900 92.798 -0.432
2688.241 1.000 2592.000 21.366 -0.432
2551.072 1.000 2496.195 26.132 -0.432
1.000 862.291 -2288.407 1944.000 -0.432
1137.156 1.000 1109.739 3.794 -0.432
2603.155 1.000 2571.058 29.511 -0.432
1.000 1.000 -55.088 84.566 -0.432
1720.783 1.000 1685.452 7.981 -0.433
1.000 1.000 -167.581 342.499 -0.433
1.000 1.000 -171.546 242.633 -0.433
2604.242 1.000 2592.000 37.167 -0.433
1.000 1.000 -22.024 25.326 -0.433
2626.769 1.000 2592.000 38.146 -0.433
2642.876 1.000 2592.000 21.966 -0.434
1.000 1.000 -161.366 366.992 -0.434
2369.473 1.000 2351.114 28.045 -0.434
2784.007 1.000 2592.000 99.307 -0.434
2618.408 313.518 2592.000 361.997 -0.434
1.000 1.000 -716.220 1262.739 -0.434
2618.663 1.000 2592.000 18.474 -0.434
2645.565 1.000 2592.000 15.733 -0.434
2097.063 1.000 2094.490 32.062 -0.434
2613.000 1.000 2592.000 40.063 -0.435
1860.749 1.000 1856.567 10.617 -0.435
2612.630 1.000 2592.000 499.731 -0.435
1710.604 1.000 1657.589 21.810 -0.435
2140.425 1.000 2078.667 33.559 -0.436
981.065 1.000 902.211 247.806 -0.436
1748.434 1.000 1675.411 24.881 -0.436
2099.119 1.000 2083.429 13.288 -0.436
2153.451 1.000 2127.125 10.212 -0.436
1.000 1.000 -318.518 477.929 -0.436
2628.431 1.000 2592.000 34.797 -0.436
2552.554 1.000 2504.513 49.188 -0.436
2616.694 1.000 2592.000 42.899 -0.436
2019.622 1.000 2016.689 29.145 -0.436
2430.693 1.000 2330.261 28.014 -0.436
2642.873 1.000 2592.000 38.352 -0.436
2603.953 1.000 2592.000 34.724 -0.436
2626.232 1.000 2592.000 19.058 -0.436
2613.383 1.000 2592.000 50.312 -0.436
1817.743 1.000 1789.360 4.785 -0.436
138.841 1.000 107.018 14.036 -0.437
2621.027 281.624 2592.000 330.722 -0.437
1844.692 1.000 1838.117 31.132 -0.437
2569.749 1.000 2553.049 44.641 -0.437
2715.776 1.000 2592.000 21.096 -0.437
2598.426 1.000 2554.993 25.930 -0.437
2225.755 1.000 2176.512 7.821 -0.437
2625.706 1.000 2592.000 102.115 -0.437
2708.806 1.000 2592.000 233.735 -0.437
1934.770 1.000 1918.299 6.742 -0.437
1359.960 1.000 1334.111 5.321 -0.437
2047.530 1.000 1969.666 18.518 -0.437
1.000 1289.559 917.438 1944.000 -0.437
1.000 1.000 -63.499 97.126 -0.437
1.000 1247.179 -297.743 1804.848 -0.438
2562.965 1.000 2555.511 51.178 -0.438
1.000 684.192 -1132.972 1783.768 -0.438
2783.722 1413.489 2592.000 1944.000 -0.438
2730.485 1.000 2592.000 25.943 -0.438
2476.173 1.000 2472.729 17.452 -0.438
1051.102 1.000 966.860 265.585 -0.438
1797.644 1.000 1771.951 11.760 -0.438
2187.520 1.000 2175.614 30.341 -0.438
1.000 608.967 -452.761 1365.024 -0.439
1.000 1.000 -1050.498 768.702 -0.439
2660.793 1.000 2592.000 41.142 -0.439
2169.499 1.000 2100.796 22.387 -0.439
1.000 6.644 -20.432 52.552 -0.440
2642.774 1.000 2592.000 334.865 -0.440
2524.230 1.000 2453.149 2.670 -0.440
2725.406 1.000 2386.133 506.770 -0.440
1736.441 1.000 1499.828 106.134 -0.440
1.000 1.000 -68.163 104.090 -0.440
1233.349 1.000 1224.928 7.158 -0.440
461.898 1.000 427.172 93.980 -0.440
2499.143 1.000 2488.839 13.096 -0.440
1176.864 1.000 1142.249 3.002 -0.440
2604.640 1.000 2592.000 57.714 -0.441
2714.092 1.000 2592.000 361.016 -0.441
2631.572 1.000 2592.000 23.491 -0.441
2635.775 1.000 2592.000 25.129 -0.441
2613.853 308.833 2592.000 368.503 -0.441
1.000 1.000 -1417.039 1070.571 -0.441
1.000 1.000 -27.556 61.553 -0.441
2109.388 1.000 2099.691 13.930 -0.441
1326.662 1.000 1297.490 5.264 -0.441
2621.167 1.000 2592.000 28.761 -0.441
1913.627 1.000 1904.378 36.239 -0.441
2472.565 1.000 2435.262 27.714 -0.442
2609.635 1.000 2592.000 49.569 -0.442
2618.500 1.000 2592.000 30.573 -0.442
2095.635 1.000 2066.669 25.818 -0.442
1.000 1.000 -53.315 75.209 -0.442
2607.014 1.000 2530.161 21.243 -0.442
850.347 1.000 793.420 13.300 -0.442
1.000 765.780 -976.368 1719.673 -0.442
2702.581 1.000 2592.000 73.956 -0.442
1336.302 1.000 1330.856 10.036 -0.442
2278.540 1.000 2252.347 14.162 -0.442
1.000 461.619 -342.770 1034.518 -0.442
1318.405 1.000 1300.825 4.119 -0.442
1.000 551.167 -201.025 1665.335 -0.443
2277.980 1.000 2213.233 120.078 -0.443
2624.816 1.000 2592.000 17.224 -0.443
1990.662 1.000 1973.983 35.036 -0.443
2619.573 1.000 2592.000 73.731 -0.443
1388.038 1.000 1344.265 26.670 -0.443
2085.176 1.000 2038.226 28.429 -0.443
2700.338 1.000 2592.000 13.668 -0.443
2647.221 1.000 2592.000 17.971 -0.443
1425.843 1.000 1420.453 10.050 -0.443
1430.348 1.000 1103.772 86.923 -0.443
161.744 1.000 159.837 2.609 -0.443
2314.322 1.000 2269.021 4.986 -0.444
1.000 1.000 -59.148 90.628 -0.444
1.000 1.000 -90.415 137.317 -0.444
1346.295 1.000 1337.367 6.420 -0.444
2601.167 1.000 2592.000 56.838 -0.444
1874.563 1.000 1869.215 14.822 -0.444
1.000 1.000 -341.486 512.224 -0.444
2242.482 1.000 2166.357 28.937 -0.444
72.686 1.000 29.217 11.701 -0.444
2110.336 1.000 2096.954 13.035 -0.444
1.000 1.000 -34.145 38.337 -0.445
2092.361 1.000 2068.687 29.572 -0.445
2617.441 309.191 2592.000 351.527 -0.445
2541.048 1.000 2479.634 27.743 -0.445
1488.774 1.000 1481.014 16.439 -0.445
1496.854 1.000 1472.653 23.476 -0.445
1.000 1.000 -20.450 23.636 -0.445
2376.490 1.000 2289.345 20.161 -0.445
1.000 1.000 -518.359 776.338 -0.445
2650.437 1.000 2592.000 34.598 -0.445
2800.597 1.000 2592.000 333.885 -0.445
1.000 302.893 -1138.950 1944.000 -0.445
1523.330 1.000 1517.137 32.622 -0.445
1667.955 1.000 1662.235 7.129 -0.445
2627.051 1.000 2592.000 26.881 -0.445
1.000 1.000 -246.633 266.424 -0.445
1608.057 1.000 1588.308 32.487 -0.445
1.000 1.000 -104.080 157.722 -0.446
1.000 1.000 -990.974 1065.407 -0.446
256.028 1.000 120.902 6.903 -0.446
2604.845 1.000 2592.000 32.933 -0.446
2623.625 5.180 2592.000 67.539 -0.446
1.000 432.193 -882.808 1343.013 -0.446
1794.085 1.000 1789.383 84.981 -0.446
843.205 1.000 829.833 24.545 -0.446
2708.461 1.000 2592.000 749.253 -0.446
2574.325 1.000 2554.210 35.849 -0.446
1214.968 1.000 1151.195 32.558 -0.446
1087.129 1.000 1012.428 16.002 -0.446
2530.741 1.000 2500.425 33.984 -0.446
2593.391 1.000 2592.000 32.670 -0.446
2160.957 1.000 2080.755 15.247 -0.446
1502.626 1.000 622.314 189.674 -0.447
2653.770 1.000 2592.000 23.723 -0.447
1.000 1206.738 -404.399 1550.095 -0.447
2439.757 1.000 2422.718 11.472 -0.447
1.000 1088.797 -520.958 1519.293 -0.447
1501.973 1.000 1458.668 3.686 -0.447
1.000 379.610 -412.565 978.799 -0.447
1870.972 1.000 1862.231 13.863 -0.447
2668.141 1.000 2592.000 43.055 -0.447
2643.383 1.000 2544.701 20.042 -0.447
1077.852 1.000 1058.420 4.197 -0.447
2644.249 1.000 2592.000 13.586 -0.448
2165.335 1.000 2156.325 70.098 -0.448
2177.678 1.000 2167.603 8.458 -0.448
2611.845 1.000 2592.000 105.668 -0.448
2415.615 1.000 2405.951 11.080 -0.448
2620.154 292.256 2592.000 341.147 -0.448
2637.815 1.000 2592.000 16.880 -0.448
2697.199 1.000 2592.000 27.973 -0.448
2666.915 1.000 2592.000 34.092 -0.448
2455.054 1.000 2341.471 23.239 -0.448
2607.898 1.000 2592.000 30.317 -0.448
2610.746 1.000 2592.000 19.133 -0.448
1605.266 1.000 1597.826 11.359 -0.448
1.000 1.000 -483.547 724.355 -0.448
2438.327 1.000 2417.529 38.919 -0.448
1749.789 1.000 1721.350 11.049 -0.448
396.918 1.000 377.894 23.694 -0.448
2046.212 1.000 2009.007 5.492 -0.449
2656.931 1.000 2592.000 128.266 -0.449
1.000 1.000 -37.954 79.964 -0.449
1.000 711.562 -1940.354 1944.000 -0.449
2176.268 1.000 2163.461 10.540 -0.449
2308.195 1.000 2302.723 9.658 -0.449
2771.627 1459.047 2592.000 1922.160 -0.449
2345.948 1.000 2314.918 50.301 -0.449
2546.967 1.000 2495.779 74.778 -0.449
2436.971 1.000 2383.752 34.950 -0.449
2063.967 1.000 2053.941 38.836 -0.450
2622.773 260.362 2592.000 309.872 -0.450
2639.522 1.000 2592.000 26.399 -0.450
1472.163 1.000 1448.673 23.471 -0.450
2388.061 1.000 2177.016 80.696 -0.450
308.523 1.000 277.024 19.522 -0.450
2703.229 1.000 2592.000 29.932 -0.450
2664.393 1.000 2592.000 105.006 -0.450
1458.309 1.000 1270.928 144.920 -0.450
2632.000 1.000 2592.000 41.093 -0.450
2615.412 1.000 2592.000 26.703 -0.450
1698.719 1.000 1694.934 13.824 -0.450
2480.947 1.000 2405.741 25.154 -0.450
826.740 1.000 815.780 1.833 -0.450
2343.950 1.000 2315.293 12.240 -0.450
2493.358 1.000 2482.615 25.893 -0.451
1536.272 1.000 1531.481 31.531 -0.451
2141.201 1.000 2138.624 72.609 -0.451
867.891 1.000 855.747 1.842 -0.451
2626.308 1.000 2592.000 98.443 -0.451
2112.315 1.000 2107.078 9.601 -0.451
1660.305 1.000 1646.188 5.876 -0.451
2208.331 1.000 2123.244 16.144 -0.451
2616.003 282.656 2592.000 342.833 -0.451
833.941 1.000 831.029 8.554 -0.451
2722.524 1.000 2592.000 387.999 -0.451
2685.683 1.000 2592.000 28.453 -0.452
2673.211 1.000 2592.000 7.698 -0.452
2003.970 1.000 1934.514 -3.046 -0.452
901.769 1.000 891.866 26.239 -0.452
1379.681 1.000 1292.991 13.715 -0.452
197.158 1.000 182.221 20.180 -0.452
2619.117 1.000 2592.000 19.751 -0.452
2434.760 1.000 2422.403 12.044 -0.452
896.010 1.000 879.229 5.168 -0.452
2610.367 1.000 2592.000 38.293 -0.452
1208.300 1.000 1201.470 11.433 -0.452
2632.185 1.000 2592.000 50.583 -0.452
1.000 1081.863 -563.331 1544.931 -0.452
