822.326 1059.091 1340.162 1924.715 1.582
1130.948 550.659 1184.770 644.608 0.223
766.741 917.092 848.840 1076.037 -0.087
112.247 625.963 717.805 1626.272 -0.134
1012.523 496.830 1061.378 576.333 -0.145
1267.435 162.939 1342.379 271.989 -0.198
1928.903 156.737 2268.050 735.064 -0.240
1279.992 520.400 1340.911 619.655 -0.325
1744.081 563.914 1801.878 652.761 -0.326
1455.208 1414.927 1574.139 1648.697 -0.362
322.889 454.755 1271.103 1923.068 -0.363
1436.261 515.362 1478.996 590.149 -0.409
1424.248 1044.874 1470.070 1135.944 -0.443
1341.611 1070.591 1444.252 1129.439 -0.463
697.516 641.850 2356.342 1943.593 -0.514
1673.584 566.597 1720.193 636.898 -0.545
938.165 325.037 986.782 409.971 -0.593
1394.698 503.218 1451.752 607.895 -0.596
1607.639 522.716 1660.189 612.607 -0.666
794.885 331.163 948.871 422.485 -0.698
1640.327 577.612 1684.417 649.434 -0.712
1472.878 524.199 1736.838 681.396 -0.781
351.691 342.899 474.407 430.630 -0.788
962.086 87.875 1104.756 205.141 -0.799
1782.668 300.742 1895.581 380.819 -0.810
1041.658 335.277 1619.904 811.118 -0.827
285.464 415.596 366.119 469.828 -0.830
901.719 129.162 1233.079 737.684 -0.876
1.580 1133.739 215.175 1511.268 -0.885
1667.218 496.856 1937.613 687.405 -0.891
820.538 169.869 898.943 229.000 -0.930
269.193 386.460 374.295 472.961 -0.949
205.202 1908.270 292.533 1933.772 -0.955
1219.740 275.393 1262.855 354.513 -0.956
2494.022 33.077 2571.685 92.858 -0.963
2043.597 12.269 2117.175 106.573 -0.963
2227.660 41.965 2283.558 113.795 -0.967
667.400 180.797 749.668 244.503 -0.983
1763.111 459.463 2027.580 778.000 -0.989
495.356 199.837 580.157 262.786 -0.989
455.841 388.580 534.600 440.484 -0.993
171.097 180.338 233.541 251.824 -0.993
259.494 375.464 423.214 504.732 -0.995
1867.809 335.531 2531.188 839.903 -0.995
450.258 227.002 729.007 473.471 -0.995
677.469 146.147 1062.790 426.583 -0.997
1.000 192.814 49.720 247.524 -1.002
276.197 588.597 357.564 637.390 -1.005
2521.324 1320.710 2592.000 1399.570 -1.007
587.080 169.770 1026.442 642.408 -1.008
1317.545 237.306 1380.331 311.458 -1.010
1216.738 197.855 1271.654 259.427 -1.011
1231.834 253.889 1348.026 397.445 -1.012
2511.214 834.323 2591.070 915.892 -1.012
55.462 981.542 152.378 1075.522 -1.012
2516.883 1724.953 2592.000 1814.457 -1.014
33.814 1839.646 162.780 1944.000 -1.015
662.690 102.692 716.024 167.182 -1.016
956.075 81.199 1481.428 429.053 -1.018
216.330 1899.577 377.678 1944.000 -1.020
40.011 211.545 93.323 275.582 -1.022
442.794 1908.136 584.145 1944.000 -1.022
120.042 1669.125 216.623 1747.708 -1.023
1534.828 92.649 2008.337 662.765 -1.024
2176.147 25.392 2243.753 110.291 -1.025
2501.189 1856.472 2592.000 1944.000 -1.028
2477.827 671.667 2592.000 758.789 -1.029
2483.884 376.867 2592.000 457.376 -1.030
1.000 1786.790 106.924 1893.328 -1.031
6.993 163.772 85.718 262.695 -1.032
2526.608 9.965 2592.000 77.744 -1.032
1.000 505.065 68.263 579.884 -1.032
555.777 1916.674 659.980 1944.000 -1.034
13.890 891.909 82.729 953.620 -1.035
2501.175 903.857 2592.000 1010.510 -1.035
2306.957 1845.507 2432.867 1944.000 -1.035
62.095 428.499 117.827 486.372 -1.036
2268.008 1725.716 2549.093 1944.000 -1.036
94.541 1.000 2261.626 1860.969 -1.036
2532.522 1035.530 2592.000 1106.801 -1.038
1.000 1009.590 62.403 1073.073 -1.039
1.857 90.826 68.258 164.621 -1.041
2452.231 299.834 2592.000 894.235 -1.042
367.930 1908.354 479.334 1944.000 -1.042
39.226 1092.854 117.314 1158.365 -1.043
179.728 1871.018 281.066 1944.000 -1.043
38.273 599.101 111.323 672.092 -1.043
648.632 1906.739 746.053 1944.000 -1.044
1.000 31.268 56.457 99.469 -1.046
2400.970 1616.496 2515.103 1723.771 -1.047
1.000 404.577 58.401 466.600 -1.048
2491.149 20.604 2587.505 141.643 -1.050
2265.214 205.955 2316.779 270.647 -1.052
114.778 1916.623 218.803 1944.000 -1.054
1.000 435.830 28.142 518.970 -1.054
2514.770 1795.943 2592.000 1877.206 -1.056
2510.538 1277.235 2592.000 1377.324 -1.056
2350.092 1086.179 2430.364 1166.565 -1.058
3.528 1.000 49.730 40.353 -1.058
2515.144 976.708 2592.000 1075.688 -1.058
2517.382 1223.961 2592.000 1310.520 -1.059
2452.203 1087.720 2531.418 1167.648 -1.059
1.000 769.999 61.728 832.201 -1.060
1.000 1662.615 99.101 1767.382 -1.060
98.168 1899.563 259.468 1944.000 -1.061
2339.784 1427.876 2433.326 1520.725 -1.062
1.000 571.721 77.810 654.299 -1.063
2576.537 233.787 2592.000 312.816 -1.064
2557.986 1136.035 2592.000 1221.771 -1.064
7.848 303.313 58.520 357.870 -1.064
2547.855 172.122 2592.000 237.060 -1.065
2379.646 1154.743 2467.516 1241.554 -1.065
93.021 1866.305 430.843 1944.000 -1.065
1.000 202.457 116.238 620.688 -1.066
2431.449 1422.224 2514.052 1501.017 -1.068
5.189 1.000 88.771 68.075 -1.069
2404.482 20.813 2480.169 84.110 -1.069
2428.601 130.808 2509.885 227.407 -1.070
2183.731 1371.986 2592.000 1944.000 -1.070
2517.637 1146.016 2592.000 1231.157 -1.071
2393.895 1.000 2592.000 847.293 -1.072
1.000 1099.152 64.898 1167.159 -1.072
2532.320 1099.646 2592.000 1170.435 -1.072
1.000 1860.460 55.372 1944.000 -1.073
2464.771 1324.749 2554.599 1408.405 -1.073
2241.269 143.586 2299.648 217.680 -1.074
1.000 1050.361 76.721 1128.437 -1.075
2345.803 42.071 2401.926 115.914 -1.075
1.000 632.468 84.847 722.657 -1.076
2343.959 118.242 2401.761 194.025 -1.078
51.151 650.131 121.120 712.090 -1.078
2345.143 1185.386 2423.932 1258.153 -1.078
2443.949 927.927 2516.833 1004.352 -1.078
2276.490 289.839 2334.724 361.324 -1.079
2290.682 55.450 2340.319 119.068 -1.080
1.000 712.664 65.751 778.370 -1.080
7.146 1715.213 137.279 1826.361 -1.081
35.674 1549.323 124.265 1623.091 -1.082
2335.080 969.990 2412.851 1053.659 -1.083
2193.004 19.737 2592.000 787.122 -1.085
2387.230 997.313 2459.204 1065.405 -1.087
25.535 900.461 110.822 983.806 -1.087
1.000 905.335 37.137 1002.816 -1.089
1.000 1363.436 179.592 1944.000 -1.089
2494.926 1052.168 2592.000 1167.383 -1.089
6.085 1788.609 651.102 1944.000 -1.090
1.000 766.632 88.116 854.377 -1.091
34.412 32.934 116.899 130.207 -1.094
3.087 104.165 89.116 204.339 -1.094
46.854 1058.249 136.389 1141.861 -1.095
1.000 831.826 28.637 900.221 -1.095
1.000 456.401 119.875 877.433 -1.095
2416.709 904.826 2490.381 982.234 -1.096
1.000 843.405 77.210 928.059 -1.099
1.000 826.713 166.178 1419.260 -1.100
2357.772 925.873 2456.723 1034.643 -1.101
2327.592 1327.799 2409.542 1402.290 -1.101
2323.279 896.717 2393.105 970.984 -1.101
2437.681 1049.182 2520.152 1126.001 -1.103
2444.749 987.389 2517.704 1058.169 -1.104
2512.748 840.842 2592.000 1248.415 -1.105
2386.934 1104.557 2470.329 1187.913 -1.106
2111.957 395.974 2592.000 1944.000 -1.107
1.000 33.038 186.051 466.878 -1.125
1.000 465.609 166.735 1059.301 -1.139
2265.590 1.000 2313.784 34.230 -1.160
2233.961 1.000 2293.085 26.867 -1.172
2336.990 1.000 2388.294 25.230 -1.175
2291.767 1.000 2341.471 24.360 -1.180
63.387 1.000 115.731 16.935 -1.192
2368.751 1.000 2416.867 33.020 -1.195
59.636 1.000 122.681 54.496 -1.195
2289.536 1.000 2370.011 34.038 -1.213
1983.679 1.000 2592.000 1041.948 -1.256
10.966 1.000 170.569 50.506 -1.256
1404.019 1948.087 1504.331 1944.000 -1.273
1465.441 1947.446 1560.500 1944.000 -1.302
630.590 1946.552 738.903 1944.000 -1.332
2468.971 1947.133 2557.452 1944.000 -1.332
1901.419 1944.702 1995.713 1944.000 -1.335
658.741 1946.988 739.826 1944.000 -1.344
508.466 1950.565 594.863 1944.000 -1.345
141.036 1950.253 224.394 1944.000 -1.347
1066.349 1949.489 1149.278 1944.000 -1.357
1926.781 1944.407 2069.414 1944.000 -1.360
1526.545 1944.367 1620.101 1944.000 -1.363
626.920 1945.175 744.207 1944.000 -1.364
1812.236 1950.580 1901.690 1944.000 -1.365
211.718 1948.049 307.404 1944.000 -1.365
1571.150 1947.392 1681.313 1944.000 -1.371
1388.433 1944.243 1481.718 1944.000 -1.372
991.282 1945.500 1109.285 1944.000 -1.375
2236.833 1945.001 2331.787 1944.000 -1.376
1829.011 1946.412 1911.126 1944.000 -1.378
1061.208 1946.937 1170.368 1944.000 -1.378
