1995.910 556.412 2101.277 677.219 -0.699
1611.685 503.477 1900.663 835.604 -0.825
1321.637 193.955 1418.024 299.176 -0.905
1346.699 1626.819 1413.399 1870.242 -0.919
1161.287 556.103 1231.777 633.714 -0.926
2.394 1034.493 79.491 1259.386 -0.931
1203.253 1613.221 1246.277 1655.737 -0.943
503.947 858.215 670.168 961.924 -0.943
2455.788 256.007 2504.552 372.533 -0.949
1852.575 840.450 1944.418 939.819 -0.968
1983.672 257.737 2033.068 370.821 -0.968
1932.431 495.953 1985.788 638.019 -0.972
1427.715 500.845 1556.108 586.042 -0.973
1521.731 1352.854 1592.805 1589.890 -0.975
2058.183 1038.480 2122.794 1104.438 -0.977
1133.740 555.746 1267.326 646.207 -0.988
2150.832 1523.982 2219.724 1596.927 -0.989
2372.340 1122.022 2577.027 1270.767 -0.991
190.261 695.998 253.650 766.013 -0.991
360.517 337.975 403.013 444.330 -0.993
1930.554 463.784 2004.685 545.470 -1.001
1941.932 1124.840 2592.000 1942.924 -1.002
31.353 1083.202 215.408 1316.832 -1.010
775.656 1189.678 910.353 1271.888 -1.013
754.859 452.752 810.240 514.371 -1.014
1509.952 977.057 1592.801 1068.110 -1.015
884.636 1473.122 936.756 1683.689 -1.016
978.074 505.786 1033.416 570.086 -1.021
660.534 353.039 789.057 436.791 -1.021
1879.302 533.207 2006.626 670.540 -1.023
1822.096 187.602 1899.070 266.066 -1.028
1746.377 46.563 2592.000 776.479 -1.031
1323.386 1406.986 1511.154 1522.453 -1.032
866.872 1718.183 1051.749 1835.563 -1.032
1.000 213.282 93.164 273.343 -1.033
1571.254 490.590 1648.642 569.176 -1.036
1100.935 1788.323 1152.822 1850.074 -1.039
1.000 1865.956 142.052 1944.000 -1.041
1491.326 1441.845 1654.444 1544.535 -1.045
1205.320 1529.749 1269.632 1600.887 -1.046
1133.226 1174.009 1197.029 1253.809 -1.047
1.000 569.869 56.388 650.190 -1.050
849.537 1185.136 932.460 1425.525 -1.055
1601.199 269.321 1699.929 372.501 -1.057
588.121 1194.597 638.702 1382.319 -1.057
1267.452 934.556 2592.000 1925.753 -1.059
915.416 1869.805 1122.065 1944.000 -1.060
644.005 811.004 706.062 989.400 -1.061
1053.317 40.832 1218.772 386.127 -1.061
653.354 465.270 711.078 607.236 -1.062
823.342 1398.400 971.591 1491.350 -1.062
195.905 598.675 257.517 762.257 -1.064
1181.740 503.730 1316.276 596.735 -1.065
892.133 897.352 955.896 1085.270 -1.067
1.000 671.150 126.433 753.728 -1.070
1220.546 544.887 1349.658 633.173 -1.072
1521.352 203.642 2592.000 1317.584 -1.073
928.614 1471.308 996.920 1543.824 -1.076
