1452.542 1055.209 1716.208 1155.937 -0.887
1525.983 566.956 1711.621 660.336 -0.893
504.488 730.699 727.697 967.374 -0.926
1092.269 1752.112 1116.715 1893.293 -0.929
1582.914 659.231 1608.238 750.903 -0.935
877.100 1022.576 1075.382 1078.419 -0.936
852.057 1098.569 1219.183 1501.686 -0.939
1191.810 27.142 2280.387 754.176 -0.944
1295.377 1126.959 1491.185 1205.373 -0.946
1081.083 340.631 1117.654 443.611 -0.956
1586.070 1175.322 1813.276 1267.545 -0.960
378.907 1132.777 439.535 1291.580 -0.970
2124.380 361.440 2585.521 1523.840 -0.973
70.358 894.234 2034.119 1944.000 -0.977
1125.744 243.313 1198.793 408.643 -0.978
690.889 501.010 792.310 633.871 -0.999
962.588 514.617 1327.699 1121.240 -1.003
1006.256 410.631 1183.815 600.272 -1.013
2109.570 1433.363 2151.356 1637.694 -1.015
1088.588 139.711 1224.493 437.950 -1.017
2582.378 791.373 2592.000 915.008 -1.017
2302.631 1812.962 2324.034 1944.000 -1.020
432.110 675.832 478.061 816.793 -1.028
2285.243 1604.494 2290.815 1725.332 -1.029
2055.370 1299.986 2149.036 1585.464 -1.031
780.882 341.234 936.274 409.660 -1.039
365.200 493.272 664.806 976.364 -1.042
1825.379 660.798 1987.474 1010.156 -1.048
1598.283 762.858 1629.906 883.606 -1.048
2092.083 1134.476 2104.055 1252.404 -1.049
2204.803 1486.581 2262.334 1615.355 -1.049
1693.500 748.124 1791.539 875.794 -1.051
1020.832 257.033 1089.981 403.625 -1.062
1887.944 1.000 2556.411 1304.976 -1.065
4.289 1137.677 66.476 1315.255 -1.067
1018.736 198.744 1129.843 396.987 -1.069
371.951 260.866 469.348 462.484 -1.073
633.410 418.621 742.609 664.174 -1.076
1.000 1120.143 134.825 1410.593 -1.081
2044.962 1805.945 2077.431 1944.000 -1.082
2100.785 1698.718 2125.674 1838.198 -1.082
269.655 186.578 343.987 263.051 -1.083
867.861 185.040 1116.176 408.953 -1.084
1659.191 811.342 1845.722 889.901 -1.091
674.731 653.819 731.026 803.144 -1.093
2218.648 1283.701 2586.784 1933.274 -1.093
595.814 342.564 631.559 437.920 -1.093
951.407 106.162 1110.359 197.437 -1.093
