1.000 1.000 323.951 1494.268 -0.849
2077.793 345.306 2568.526 1505.192 -0.864
805.872 884.959 823.745 1000.988 -0.988
1387.353 192.301 1411.556 278.334 -0.994
1087.873 27.805 1165.667 378.616 -1.015
1511.351 1206.257 1549.218 1407.058 -1.018
1023.590 1068.191 1026.119 1180.826 -1.018
958.335 1100.717 957.356 1266.498 -1.029
869.558 1423.554 922.135 1650.419 -1.035
672.198 437.564 705.413 571.109 -1.050
1722.789 474.992 2096.173 1214.586 -1.051
917.932 1077.956 924.093 1254.328 -1.054
959.566 1109.719 970.718 1291.739 -1.056
2470.834 35.011 2502.176 120.699 -1.056
1216.850 553.029 1228.774 659.549 -1.061
2096.238 272.517 2087.632 355.927 -1.065
456.304 902.733 468.551 1016.619 -1.065
824.335 1679.890 821.718 1900.303 -1.067
2024.736 254.930 2064.965 355.568 -1.070
1556.521 772.744 1836.324 1171.143 -1.072
1574.558 800.161 1569.420 969.965 -1.073
745.756 903.504 802.089 1060.817 -1.073
1384.015 1030.261 1402.938 1211.950 -1.075
914.769 1076.452 930.184 1246.279 -1.075
1292.379 141.812 1370.147 254.349 -1.075
2232.928 1237.290 2227.989 1428.794 -1.075
502.287 1417.990 521.898 1631.701 -1.077
877.526 1314.841 961.559 1648.217 -1.078
874.084 1649.214 886.249 1876.564 -1.081
1070.066 222.568 1098.887 307.463 -1.081
1946.435 441.804 1941.911 537.968 -1.082
1506.512 1731.452 1487.224 1944.000 -1.082
1388.474 484.254 1402.217 581.718 -1.084
2236.160 1389.069 2215.646 1602.330 -1.084
1170.485 160.930 1208.658 257.671 -1.084
1590.244 542.407 1629.857 683.167 -1.086
2142.280 1442.986 2096.228 1643.505 -1.086
2216.148 1268.029 2179.352 1450.676 -1.087
1956.370 1628.277 1927.879 1849.528 -1.087
1393.403 493.256 1449.296 623.248 -1.087
388.958 1465.214 404.551 1660.555 -1.087
2090.799 273.152 2107.962 357.269 -1.088
968.849 1079.437 992.940 1252.076 -1.088
1214.376 309.895 1249.909 420.106 -1.088
2194.685 200.320 2231.991 280.885 -1.088
1312.281 1275.548 1327.051 1499.031 -1.089
1.000 278.838 734.658 1319.881 -1.091
892.728 1071.317 938.621 1239.728 -1.091
1485.184 1418.470 1522.548 1491.665 -1.091
1299.637 262.984 1358.148 364.388 -1.092
1693.237 1381.160 1681.608 1573.918 -1.093
839.686 1680.635 824.833 1905.010 -1.093
831.144 1479.502 911.292 1806.680 -1.094
2560.186 85.882 2592.000 200.038 -1.094
1190.424 1.000 1539.934 334.210 -1.095
1043.257 1078.514 1054.316 1251.105 -1.095
1010.218 395.735 1036.490 505.533 -1.096
1888.853 1.000 1907.749 42.361 -1.097
2145.537 1337.056 2114.563 1528.481 -1.097
1554.854 170.684 2509.915 1588.425 -1.100
1299.816 151.187 1738.417 664.158 -1.100
984.004 1704.749 1013.159 1944.000 -1.101
1465.835 1080.910 1475.048 1253.080 -1.101
2239.326 1523.083 2213.568 1731.555 -1.102
2583.636 271.734 2560.772 367.768 -1.102
2545.044 282.541 2589.355 407.517 -1.102
326.052 6.097 375.369 59.200 -1.103
2152.048 1310.042 2127.931 1497.561 -1.103
2129.650 1472.959 2111.734 1689.310 -1.103
800.626 921.573 842.291 1101.431 -1.103
1296.685 1266.418 1357.686 1531.222 -1.103
1213.629 544.177 1240.288 688.469 -1.104
1077.277 560.736 1116.008 683.793 -1.105
2180.872 1463.827 2162.166 1672.637 -1.105
2632.423 372.107 2592.000 456.858 -1.105
2148.065 1318.898 2128.447 1503.584 -1.106
1166.300 1119.809 1186.530 1320.530 -1.106
