1672.257 361.222 2071.819 1205.626 -1.006
786.975 952.705 821.462 1142.479 -1.069
1607.126 295.540 1630.631 341.350 -1.069
1485.147 1258.305 1533.658 1343.230 -1.072
1577.381 1460.729 1567.359 1479.229 -1.077
1876.468 1175.587 1974.500 1281.755 -1.082
1386.587 514.109 1432.251 662.141 -1.084
602.018 1239.272 601.352 1276.190 -1.085
2229.177 1721.495 2220.359 1743.822 -1.088
1793.945 1054.806 1790.844 1082.156 -1.089
573.171 427.322 924.469 1065.353 -1.098
1192.826 1003.156 1217.124 1051.707 -1.099
1037.745 1690.594 1130.704 1840.411 -1.100
1588.071 1525.388 1583.622 1546.096 -1.106
1148.106 1817.374 1163.984 1871.233 -1.109
1364.821 1418.069 1372.607 1446.863 -1.109
1080.301 288.285 1135.402 441.975 -1.111
1594.336 298.088 1631.835 356.230 -1.113
1577.072 506.077 1650.870 602.427 -1.114
866.731 1707.962 990.605 1837.223 -1.114
1172.336 661.339 1225.212 732.393 -1.121
2147.550 1297.340 2168.975 1352.468 -1.122
1581.636 1031.429 1628.442 1103.134 -1.124
345.826 311.922 416.184 391.548 -1.126
1116.480 232.573 1470.268 601.391 -1.126
475.517 527.978 508.723 680.573 -1.135
1202.697 1109.829 1208.429 1155.043 -1.136
460.218 731.810 563.275 876.049 -1.136
1341.042 514.210 1943.681 1220.496 -1.137
1600.853 1208.620 1611.782 1252.833 -1.137
1940.005 297.989 1963.119 335.785 -1.139
600.163 1237.010 603.922 1273.439 -1.141
186.244 1448.982 208.010 1510.458 -1.141
891.556 1707.125 887.946 1734.887 -1.142
999.177 1058.166 1038.060 1299.322 -1.142
1497.001 1440.974 1586.397 1543.372 -1.145
