810.257 593.879 976.797 655.443 -0.431
1175.266 1083.488 1340.950 1136.485 -0.853
817.758 356.071 946.364 395.255 -0.856
2484.728 86.297 2592.000 134.093 -0.934
1577.892 1327.636 1670.722 1442.084 -0.944
903.794 1029.708 945.192 1094.137 -0.957
1866.793 677.172 1983.287 701.583 -0.962
716.376 885.618 848.681 922.415 -0.977
1691.677 1087.393 1828.382 1131.190 -0.992
285.879 588.812 425.819 640.111 -0.993
1417.927 1557.426 1490.608 1609.232 -0.995
1803.399 238.195 1905.488 310.630 -0.996
1228.495 1205.301 1318.666 1241.446 -0.999
403.406 1173.270 433.275 1237.866 -1.002
643.521 1175.351 845.186 1300.362 -1.006
1259.153 1248.374 1315.535 1288.601 -1.011
628.486 1288.540 860.765 1431.122 -1.013
1301.817 1224.958 2107.986 1944.000 -1.015
1720.026 549.145 1818.836 635.687 -1.016
525.565 395.840 624.238 431.458 -1.023
1064.340 600.100 1140.707 638.958 -1.024
2199.100 1241.481 2261.852 1317.239 -1.025
1830.275 649.882 1916.334 730.030 -1.028
326.008 1129.868 445.471 1207.341 -1.031
1284.204 560.309 1413.133 623.883 -1.035
1500.629 765.993 1859.646 1097.638 -1.039
852.750 851.524 944.239 947.472 -1.039
80.166 1183.832 119.573 1261.798 -1.042
737.202 465.853 800.651 538.868 -1.042
1986.441 435.710 2070.105 476.474 -1.045
817.758 1109.673 2225.700 1902.879 -1.046
1214.318 310.551 1333.999 378.067 -1.046
1877.189 318.908 1968.843 362.511 -1.046
1.000 71.761 2149.549 1930.804 -1.048
2223.909 1231.306 2306.417 1279.201 -1.054
2513.398 627.482 2592.000 666.276 -1.064
2472.799 246.363 2592.000 339.737 -1.077
2254.460 1602.668 2592.000 1944.000 -1.082
2467.350 59.001 2592.000 173.914 -1.096
2395.151 458.907 2489.312 526.064 -1.110
2469.537 374.919 2592.000 481.413 -1.111
2269.590 1563.827 2326.935 1609.666 -1.117
2177.610 931.649 2592.000 1719.976 -1.119
2215.108 678.488 2334.736 781.842 -1.121
2303.180 384.583 2406.695 438.190 -1.124
2055.709 1461.627 2580.031 1944.000 -1.130
2113.893 3.831 2250.452 67.077 -1.132
1.645 3.760 78.616 46.102 -1.134
2016.495 1.000 2150.916 81.957 -1.134
185.448 1.000 253.863 59.639 -1.138
208.528 1906.709 197.321 1944.000 -1.140
1.000 1796.638 -4.313 1862.190 -1.140
2221.371 370.801 2324.587 453.993 -1.140
1235.483 47.778 1325.435 90.153 -1.148
1292.776 1.000 1389.657 61.700 -1.148
