2354.649 1208.229 2501.610 1316.374 -0.878
1.844 308.828 97.177 379.614 -0.883
2465.200 723.302 2592.000 821.344 -0.900
2462.077 1129.503 2592.000 1245.363 -0.932
2331.781 1419.036 2577.439 1455.625 -0.938
651.335 1913.191 860.794 1930.837 -0.942
1.000 387.097 88.149 452.881 -0.943
1288.577 634.262 1421.472 729.728 -0.946
1087.394 1178.187 1202.389 1265.882 -0.951
2.928 1011.374 139.328 1113.551 -0.953
805.732 1080.659 1227.962 1359.808 -0.954
1353.863 891.194 1495.088 991.984 -0.954
2.243 832.479 91.962 901.240 -0.960
2485.231 200.121 2588.072 268.299 -0.962
2367.312 687.573 2469.695 756.938 -0.964
956.082 640.474 1134.361 676.422 -0.964
69.446 1740.293 176.759 1833.439 -0.965
2495.773 1745.276 2592.000 1844.091 -0.966
2407.337 956.611 2575.330 990.169 -0.967
878.908 1704.561 1027.243 1819.743 -0.968
288.022 1180.066 387.341 1267.348 -0.970
2427.700 1529.785 2592.000 1556.400 -0.971
2476.170 1565.466 2592.000 1668.538 -0.973
2475.208 523.047 2592.000 602.367 -0.974
1.000 1722.075 165.684 1737.500 -0.976
1.000 514.507 127.162 533.905 -0.977
101.826 632.858 195.401 699.752 -0.977
2273.504 405.178 2418.823 440.312 -0.978
780.998 757.865 956.611 787.072 -0.978
2402.524 1296.279 2585.630 1329.323 -0.979
541.171 1564.924 641.991 1648.518 -0.979
11.392 1306.931 372.992 1573.547 -0.982
510.715 1924.480 712.994 1939.503 -0.982
2425.192 674.277 2580.280 782.048 -0.983
774.656 571.485 972.817 608.676 -0.984
2439.369 452.003 2557.014 475.141 -0.984
1742.090 4.150 1839.213 34.480 -0.985
832.695 606.964 948.531 691.199 -0.985
1228.737 560.157 1330.791 634.028 -0.986
716.587 636.291 815.825 706.449 -0.986
2293.709 1813.068 2429.143 1914.714 -0.986
1727.178 1526.494 1889.732 1656.951 -0.987
1677.363 748.640 1858.602 785.876 -0.989
2423.919 52.245 2585.263 155.581 -0.989
958.792 548.344 1448.222 651.921 -0.989
799.937 373.648 1039.133 429.916 -0.989
1515.560 1908.556 1712.229 1927.981 -0.989
2415.543 978.491 2545.667 1076.312 -0.990
1447.087 551.676 1552.737 629.926 -0.990
2203.883 616.092 2324.846 703.733 -0.991
1495.140 28.227 1580.627 86.357 -0.991
1.000 1615.806 210.751 1643.096 -0.992
1278.280 1616.097 1475.947 1645.657 -0.994
2101.236 990.068 2241.551 1095.539 -0.994
2399.899 197.899 2552.527 243.291 -0.994
72.140 117.956 205.021 148.395 -0.995
267.748 540.057 744.771 667.033 -0.995
998.469 1906.798 1247.466 1930.979 -0.996
1898.920 1651.724 2029.307 1756.268 -0.997
1143.607 941.732 1281.342 962.709 -0.997
1.000 1698.054 189.126 1714.361 -0.997
336.083 165.027 459.697 193.630 -0.997
1.000 70.233 108.692 95.727 -0.997
925.824 1433.819 1184.417 1471.958 -0.998
92.265 487.348 180.704 550.955 -0.998
315.693 1819.918 426.660 1911.347 -0.998
1.000 1887.175 251.856 1914.002 -0.998
2061.820 276.161 2169.542 301.076 -0.998
3.771 637.539 99.108 713.469 -0.999
694.061 135.262 802.453 159.925 -0.999
113.483 42.548 2592.000 1855.937 -1.000
1.000 1680.894 119.874 1775.512 -1.000
3.249 273.440 122.971 297.059 -1.000
14.221 197.087 190.913 232.605 -1.001
850.176 1918.664 1092.481 1942.432 -1.001
369.306 1914.314 554.833 1930.017 -1.002
1.000 1599.132 207.277 1620.264 -1.004
279.581 1899.608 558.106 1931.940 -1.004
1.000 910.579 175.235 936.537 -1.005
893.434 1814.979 1038.800 1931.159 -1.007
1.000 1171.600 148.260 1187.782 -1.009
1229.418 1909.184 1424.435 1931.865 -1.010
10.610 479.023 92.599 541.775 -1.010
1.000 983.578 147.898 1008.048 -1.010
1.000 175.200 103.857 200.850 -1.013
1245.250 1914.037 1512.496 1944.000 -1.014
1.000 567.198 201.511 614.078 -1.015
560.025 1911.568 758.872 1932.710 -1.015
672.671 1894.509 877.207 1911.704 -1.015
1.000 577.440 129.806 662.168 -1.018
2.135 158.401 92.471 216.647 -1.018
1.701 1603.454 122.486 1706.613 -1.019
532.968 1897.165 807.217 1933.526 -1.019
6.487 111.199 123.008 139.026 -1.019
2382.637 1916.345 2546.734 1934.114 -1.020
1175.679 1877.824 1369.375 1893.472 -1.020
3.194 440.253 78.878 496.817 -1.021
1.000 852.285 216.004 887.900 -1.021
1.000 785.161 122.260 804.884 -1.021
1.000 631.680 223.086 670.679 -1.021
103.311 1822.455 216.873 1918.220 -1.022
8.588 1811.813 167.968 1944.000 -1.022
4.989 45.730 158.588 82.160 -1.022
3.256 956.202 130.276 1049.297 -1.022
1.000 248.701 131.601 334.683 -1.022
3.605 485.936 191.901 530.569 -1.023
1352.002 1902.090 1585.426 1931.349 -1.024
2.608 754.499 101.383 828.491 -1.024
1722.366 1888.911 1964.049 1936.266 -1.025
433.316 1812.880 559.217 1920.226 -1.026
1408.050 1864.058 1557.368 1944.000 -1.027
2442.221 1852.882 2592.000 1944.000 -1.029
2110.384 1907.538 2372.769 1944.000 -1.029
1760.969 17.308 1897.354 50.561 -1.029
4.103 1081.058 102.285 1158.811 -1.030
4.123 1756.038 115.835 1855.989 -1.030
1301.768 1890.363 1505.072 1912.283 -1.031
4.441 127.286 144.992 159.911 -1.031
2.450 673.263 141.682 775.625 -1.031
187.555 1933.411 382.986 1944.000 -1.033
1576.129 1901.316 1799.611 1928.867 -1.033
7.415 97.140 201.718 139.120 -1.033
5.978 921.878 202.540 954.936 -1.033
236.565 13.919 412.233 51.628 -1.034
604.793 1866.761 808.361 1891.508 -1.035
4.035 833.611 212.615 867.196 -1.035
1.000 61.951 113.411 147.420 -1.036
1051.264 1921.557 1252.200 1942.499 -1.037
91.926 1895.426 349.611 1937.188 -1.038
1513.760 1897.587 1690.140 1910.208 -1.040
1597.530 1909.287 1860.715 1944.000 -1.040
1398.069 1847.071 1605.283 1870.416 -1.040
378.322 8.659 507.037 39.380 -1.041
1233.911 1884.526 1438.069 1914.540 -1.041
1891.422 1906.368 2087.130 1932.874 -1.042
1442.232 21.861 1542.931 45.914 -1.043
1.000 332.637 119.037 411.586 -1.043
674.372 1923.197 879.480 1942.053 -1.044
1.839 1528.272 149.172 1647.585 -1.044
4.596 6.273 105.418 33.229 -1.044
1004.489 1860.304 1201.629 1875.780 -1.046
165.918 1883.877 351.768 1895.718 -1.046
1687.447 20.290 1790.441 50.961 -1.047
741.854 1894.852 1010.890 1931.847 -1.047
909.511 9.449 1043.888 41.583 -1.047
689.421 1884.776 878.081 1902.167 -1.047
1596.073 1874.739 1786.344 1894.591 -1.050
2168.342 1843.606 2304.628 1944.000 -1.054
217.884 1875.339 400.458 1885.497 -1.054
1.000 231.253 170.708 257.584 -1.054
270.284 1923.414 474.997 1941.809 -1.055
1197.938 1855.525 1370.922 1873.154 -1.055
376.555 1922.050 577.600 1942.506 -1.055
1.000 28.263 175.547 61.645 -1.055
1.000 148.279 185.133 195.370 -1.056
1325.983 4.067 1428.021 36.964 -1.056
706.663 1864.366 903.236 1883.421 -1.057
1.000 416.938 216.450 465.419 -1.057
1174.899 14.452 1292.114 49.946 -1.057
1069.672 9.027 1187.349 34.894 -1.057
1772.134 1873.810 1938.087 1894.432 -1.057
1.027 217.151 86.521 276.044 -1.058
1082.016 1913.286 1354.903 1944.000 -1.058
657.297 1850.700 781.859 1944.000 -1.058
670.008 9.546 836.203 48.727 -1.059
614.503 1885.206 876.549 1914.253 -1.061
3.004 752.059 215.582 796.600 -1.061
566.009 1848.821 735.127 1865.916 -1.062
960.594 1884.830 1135.352 1901.914 -1.062
1489.410 1918.651 1686.472 1941.225 -1.062
1.000 541.801 157.365 576.209 -1.063
1028.612 1895.951 1212.278 1908.507 -1.063
1517.838 1872.833 1978.695 1944.000 -1.063
1531.005 1852.161 1744.811 1886.336 -1.064
528.988 1881.037 703.004 1894.473 -1.064
1519.944 5.756 1646.724 42.328 -1.064
32.968 1122.765 182.950 1139.991 -1.065
587.766 16.837 700.550 39.313 -1.065
1858.368 1865.375 2029.890 1886.445 -1.067
327.693 1861.066 527.961 1882.737 -1.067
2077.466 1.000 2212.752 42.457 -1.067
431.702 8.620 584.199 49.810 -1.068
1711.120 1851.400 2308.704 1944.000 -1.068
1025.173 1873.553 1228.356 1890.890 -1.068
1.000 1146.256 149.505 1166.367 -1.069
1454.057 1810.242 1572.042 1910.312 -1.070
12.596 527.770 138.310 551.198 -1.070
660.910 1910.135 924.607 1944.000 -1.070
975.506 1803.296 1123.962 1922.747 -1.070
2352.498 1864.191 2498.451 1944.000 -1.070
7.759 178.119 134.936 268.760 -1.070
65.009 865.299 148.276 927.893 -1.072
393.665 1843.668 662.181 1874.302 -1.072
767.854 1818.075 886.074 1915.795 -1.072
1.000 1193.757 142.438 1211.889 -1.073
274.662 1861.038 375.177 1944.000 -1.073
404.432 1923.840 775.446 1944.000 -1.073
1610.791 1.720 1698.458 31.464 -1.074
1245.959 1847.975 1431.967 1866.200 -1.074
784.932 1.000 938.808 36.420 -1.074
556.750 14.998 667.789 48.415 -1.075
1640.415 1.000 1780.731 30.336 -1.075
1.974 896.149 149.426 1002.383 -1.075
85.697 1931.401 265.682 1944.000 -1.075
1.000 1.161 171.658 44.447 -1.076
138.025 1.521 282.106 31.941 -1.076
2440.576 24.914 2537.333 54.856 -1.078
2224.034 27.456 2321.942 56.601 -1.078
2.551 805.901 204.193 844.863 -1.078
3.858 1137.760 95.166 1209.374 -1.079
1226.306 1807.034 1374.259 1921.947 -1.079
2273.217 1.000 2364.279 36.024 -1.081
27.954 1641.536 153.800 1748.117 -1.082
674.840 1881.818 1134.662 1944.000 -1.082
643.209 1854.230 897.304 1883.598 -1.082
1257.323 1.000 1396.907 31.228 -1.082
311.225 1870.100 568.786 1901.942 -1.083
4.968 613.394 146.389 722.711 -1.083
1222.243 1891.689 1553.363 1942.326 -1.084
1.000 1909.666 492.063 1944.000 -1.084
513.000 1888.624 688.982 1905.733 -1.085
132.510 1865.534 322.589 1877.263 -1.085
3.086 1214.789 156.907 1329.404 -1.085
1469.127 1814.088 2244.144 1944.000 -1.086
2296.066 17.524 2389.338 48.940 -1.086
1873.366 1.000 1983.664 25.822 -1.087
564.284 1844.499 783.500 1872.323 -1.088
453.682 1867.015 673.586 1893.978 -1.088
2311.923 11.352 2530.790 68.612 -1.088
621.758 1808.931 742.157 1908.973 -1.089
1400.685 19.637 1499.900 53.427 -1.089
2.333 841.424 127.724 935.379 -1.089
1998.745 20.589 2107.731 54.777 -1.089
