132.041 1131.467 505.882 1203.073 -0.455
1150.222 773.165 1675.878 754.785 -0.505
98.272 1072.388 487.360 1212.755 -0.596
132.428 1250.047 517.939 1220.086 -0.597
7.113 915.601 490.733 1160.439 -0.759
1292.796 746.121 1764.982 796.348 -0.771
1185.382 599.803 1759.676 739.650 -0.801
143.956 1205.178 472.236 1254.785 -0.869
142.210 1232.146 544.448 1228.249 -0.882
1285.954 825.175 1732.815 777.820 -0.940
121.991 1232.751 485.692 1190.648 -0.987
923.141 1100.422 1028.330 1220.134 -1.001
401.051 669.520 649.713 985.007 -1.026
1355.979 533.928 1430.272 648.786 -1.034
137.612 1250.298 535.357 1259.485 -1.041
1083.893 1106.916 1173.894 1224.182 -1.048
1.000 1069.812 166.630 1349.499 -1.052
791.787 55.228 1096.403 418.651 -1.052
751.734 534.764 1380.261 1231.270 -1.053
962.122 475.540 1052.386 590.940 -1.055
1913.266 12.803 2052.344 54.849 -1.056
1229.577 686.205 1733.452 885.352 -1.058
1521.358 386.997 1609.804 525.360 -1.062
1120.814 1148.658 1372.387 1461.546 -1.062
1521.735 335.220 1857.156 771.954 -1.067
142.105 1220.253 594.557 1201.891 -1.069
2171.353 1510.607 2532.557 1944.000 -1.071
1944.706 291.950 2038.650 358.071 -1.072
1604.385 1210.551 1889.273 1538.120 -1.074
419.795 495.784 1590.825 1920.293 -1.079
670.580 1.000 1996.816 1172.069 -1.080
