2084.318 245.261 2579.540 444.547 -0.819
2400.009 1825.791 2581.462 1944.000 -0.868
1.000 626.258 487.451 725.642 -0.886
2460.787 462.164 2545.713 637.375 -0.889
739.362 1801.129 852.399 1908.966 -0.889
9.339 1487.303 826.176 1923.426 -0.902
1553.989 636.999 1834.086 771.687 -0.908
1221.249 1842.258 1385.814 1944.000 -0.911
2083.807 510.317 2578.279 711.558 -0.918
4.711 403.925 139.927 459.959 -0.921
7.490 807.756 142.089 881.273 -0.930
2063.318 1715.095 2583.197 1944.000 -0.931
3.720 741.057 489.943 1000.417 -0.941
603.885 1326.150 712.474 1411.810 -0.945
888.798 398.298 1205.170 446.503 -0.947
2459.691 109.084 2528.601 290.592 -0.948
1645.890 1377.335 1762.698 1461.341 -0.952
694.880 808.590 813.758 883.271 -0.954
637.569 14.302 773.105 73.777 -0.961
2422.861 1472.243 2580.646 1617.728 -0.966
784.798 1654.533 1146.104 1733.516 -0.971
2346.015 477.214 2561.737 476.817 -0.972
1304.477 782.846 1487.078 889.515 -0.980
27.769 422.216 608.258 518.736 -0.982
1265.087 887.750 1406.792 975.422 -0.987
2453.240 380.979 2548.602 560.908 -0.993
1359.527 1415.427 1511.941 1498.696 -0.993
2454.655 1277.645 2579.076 1415.289 -0.997
782.634 530.973 926.522 602.592 -1.001
2364.826 1543.022 2578.563 1695.167 -1.002
1943.459 1139.060 2179.647 1274.625 -1.004
1389.586 193.747 1539.143 263.835 -1.007
1.000 1038.338 281.721 1102.460 -1.009
612.122 715.573 724.539 785.560 -1.009
876.407 1762.838 1087.149 1841.944 -1.010
9.808 1071.030 138.031 1142.032 -1.010
1818.326 1686.625 1971.032 1772.940 -1.012
2247.692 845.799 2412.508 949.588 -1.012
1.000 1925.148 194.845 1919.364 -1.014
