868.063 1062.774 991.565 1238.102 -0.573
1334.295 1255.335 1515.380 1519.865 -0.739
265.111 1100.586 465.657 1242.506 -0.786
622.611 1351.761 700.898 1507.691 -0.849
1870.825 1037.436 1979.585 1186.660 -0.872
730.601 1340.049 937.744 1451.380 -0.884
2010.322 489.837 2079.053 582.130 -0.899
2309.693 1039.539 2565.330 1029.575 -0.916
2304.183 1284.949 2585.393 1289.244 -0.943
2026.856 380.565 2282.212 820.568 -0.963
200.604 680.627 246.622 772.250 -0.986
1469.448 447.460 1562.224 566.771 -0.991
630.820 347.375 817.599 416.331 -1.017
2182.026 1581.066 2259.618 1720.594 -1.022
1777.785 766.752 2549.023 1117.756 -1.027
1488.534 1561.002 1690.690 1840.489 -1.031
1650.199 1286.927 1738.338 1431.061 -1.059
1642.725 1548.092 1784.807 1846.788 -1.081
950.637 985.270 988.181 1073.640 -1.093
2309.116 1044.520 2570.090 1040.489 -1.106
12.043 1326.163 187.579 1495.732 -1.112
1573.128 1398.343 1684.698 1577.644 -1.113
555.440 1095.194 903.513 1595.599 -1.117
2326.416 473.091 2520.301 402.319 -1.119
1010.198 1736.160 1068.026 1867.287 -1.126
2514.975 911.369 2592.000 1029.686 -1.127
1095.619 1046.547 1161.097 1146.219 -1.128
2035.462 1339.360 2089.790 1440.156 -1.135
1398.098 185.937 1470.642 291.599 -1.145
23.209 1507.043 281.173 1731.100 -1.146
1349.684 1766.694 1406.049 1926.258 -1.153
1209.319 1414.043 1443.701 1510.458 -1.155
118.752 1227.859 235.474 1526.643 -1.161
1221.821 253.977 1278.185 328.302 -1.163
67.397 662.359 588.254 1039.468 -1.165
1178.487 1228.152 1209.298 1311.180 -1.165
441.683 1089.194 650.194 1223.399 -1.171
1393.785 1817.565 1426.374 1927.204 -1.173
1566.196 1410.569 1826.467 1492.524 -1.173
997.119 497.370 1076.260 592.543 -1.176
21.577 318.977 163.300 440.720 -1.178
2522.477 1836.011 2569.720 1932.110 -1.189
10.164 409.363 167.170 515.805 -1.193
1623.727 1557.095 1926.672 1944.000 -1.194
1580.477 599.712 1815.081 626.111 -1.195
2306.886 1049.095 2565.537 1035.880 -1.203
2317.247 1782.288 2592.000 1822.036 -1.210
2330.976 1670.941 2592.000 1691.043 -1.214
861.636 1820.002 919.407 1944.000 -1.215
752.029 530.460 794.043 600.865 -1.218
2214.440 1218.173 2261.004 1301.784 -1.218
20.753 1687.489 292.362 1922.901 -1.220
1090.606 458.916 1190.192 582.748 -1.221
2503.709 250.498 2592.000 335.963 -1.224
936.847 449.830 978.949 531.945 -1.224
2462.201 254.339 2592.000 394.811 -1.224
2041.837 309.154 2114.478 377.910 -1.227
50.132 1115.651 129.500 1327.793 -1.228
1998.061 1126.325 2047.052 1208.384 -1.229
846.225 754.326 1598.392 1220.524 -1.230
1077.180 1690.570 1134.261 1851.223 -1.233
726.713 435.639 1010.144 584.538 -1.235
2285.918 1496.366 2592.000 1544.981 -1.243
1918.334 167.119 1988.793 238.027 -1.247
1845.826 1130.376 2084.098 1155.379 -1.252
2014.542 298.520 2140.979 418.492 -1.254
799.919 1658.182 853.449 1825.482 -1.255
1324.806 1750.017 1359.886 1860.857 -1.259
1360.518 1279.088 1684.646 1913.585 -1.267
832.856 1630.325 1060.397 1770.998 -1.270
2294.954 1639.316 2592.000 1691.429 -1.272
2131.023 1557.571 2220.821 1741.690 -1.273
2312.860 1471.611 2592.000 1501.924 -1.273
11.287 960.948 174.112 1107.297 -1.274
258.071 1369.073 304.356 1520.695 -1.276
2282.296 1136.549 2574.720 1161.851 -1.279
1163.407 1203.888 1195.941 1291.543 -1.280
1094.930 21.019 1195.140 161.170 -1.282
1133.066 198.064 1205.512 277.315 -1.282
1820.675 31.287 1886.430 95.237 -1.283
2330.282 350.160 2520.412 266.385 -1.283
591.371 538.325 633.646 624.075 -1.285
2088.940 1474.561 2234.789 1747.498 -1.287
2311.819 369.959 2525.371 310.406 -1.287
2543.801 1309.611 2592.000 1396.201 -1.288
1763.262 724.563 1960.224 722.151 -1.289
311.970 1380.240 334.241 1494.681 -1.290
725.654 424.475 1052.861 825.805 -1.292
368.025 1495.123 386.339 1602.762 -1.293
2260.267 1206.886 2579.259 1248.610 -1.294
2294.757 1747.268 2592.000 1814.388 -1.296
1938.426 1607.261 2013.745 1753.605 -1.299
1892.719 1595.190 1964.141 1730.197 -1.300
1013.268 209.235 1095.156 331.717 -1.303
2287.068 1833.086 2331.662 1928.388 -1.303
2459.653 365.147 2588.018 491.600 -1.305
837.802 1083.678 1097.478 1443.433 -1.306
403.077 359.395 444.161 442.183 -1.307
204.159 1094.453 321.740 1380.359 -1.310
294.243 1181.684 642.292 1603.553 -1.311
1018.657 14.271 1083.259 107.263 -1.317
1361.424 25.978 1427.203 92.123 -1.317
2090.718 1161.840 2374.701 1192.521 -1.318
1553.265 1460.291 1823.039 1541.050 -1.318
1589.225 1297.601 1819.093 1346.318 -1.322
2461.048 1834.594 2510.499 1934.439 -1.323
1047.569 1565.937 1086.618 1679.778 -1.324
21.128 1151.052 283.954 1364.682 -1.334
2309.648 368.629 2518.826 310.354 -1.336
1824.435 162.548 2506.496 434.431 -1.337
2308.836 1444.733 2591.455 1467.286 -1.340
1644.498 1282.302 1786.348 1476.371 -1.341
1012.294 314.169 1077.063 388.265 -1.341
1292.147 1745.825 1357.555 1926.387 -1.341
2266.509 1696.754 2592.000 1779.389 -1.342
1231.590 614.640 1413.303 631.308 -1.343
62.692 1457.966 831.070 1938.546 -1.344
982.021 14.834 1038.889 91.666 -1.347
1598.337 478.537 1657.346 554.366 -1.347
4.883 4.328 103.920 131.424 -1.348
1289.776 1510.804 1353.245 1639.665 -1.350
517.935 997.383 1324.272 1456.902 -1.350
1877.449 1446.930 1969.806 1594.215 -1.352
2198.588 368.392 2592.000 1182.861 -1.357
32.804 580.811 245.555 752.801 -1.357
1364.054 363.132 1522.760 350.306 -1.359
2467.479 43.097 2592.000 209.587 -1.360
29.798 1301.544 423.521 1611.331 -1.364
229.133 249.050 342.395 315.425 -1.366
484.335 234.223 533.643 320.459 -1.366
1648.451 1412.173 1797.717 1627.699 -1.367
1975.966 1748.321 2325.853 1857.851 -1.368
1902.577 1329.678 1965.178 1446.763 -1.374
1614.601 1257.964 2135.577 1944.000 -1.378
2383.349 1837.781 2428.276 1927.610 -1.379
2485.994 1727.666 2592.000 1929.457 -1.381
2296.952 1266.278 2579.446 1287.727 -1.384
1989.297 1111.616 2078.371 1239.648 -1.389
956.515 335.154 1034.813 429.078 -1.390
180.713 5.233 244.906 118.094 -1.391
930.050 1536.017 989.929 1690.126 -1.394
1724.364 31.547 1792.730 97.591 -1.395
1717.686 946.598 1763.421 1022.319 -1.395
1347.289 706.066 1558.236 738.474 -1.396
2129.534 1179.742 2551.747 1338.213 -1.397
734.936 9.875 788.390 91.586 -1.398
155.646 5.365 203.693 94.078 -1.402
425.261 315.673 467.029 390.908 -1.403
1236.905 143.501 1383.649 306.857 -1.403
914.133 146.806 1091.314 185.685 -1.404
952.231 236.884 1016.789 327.514 -1.406
1553.249 23.043 1617.449 90.777 -1.407
2329.525 348.677 2515.869 266.056 -1.407
2322.498 347.158 2521.153 273.955 -1.408
505.547 330.060 635.779 392.268 -1.409
1014.851 1540.332 1085.055 1685.721 -1.409
1203.322 1586.071 1293.313 1748.740 -1.413
2183.407 607.917 2387.162 562.326 -1.419
18.681 83.972 140.077 173.091 -1.420
386.386 533.851 585.691 646.200 -1.421
1249.697 281.515 1346.136 389.523 -1.421
829.792 15.452 883.969 83.847 -1.423
878.185 1520.706 921.280 1646.728 -1.423
1053.624 16.871 1121.711 110.165 -1.424
1181.379 547.308 1228.546 626.514 -1.428
200.100 1074.302 486.270 1293.530 -1.430
1963.485 111.976 2143.958 44.825 -1.433
1963.225 117.941 2129.799 44.529 -1.434
136.989 1.953 331.322 363.144 -1.440
1269.410 1774.897 1290.978 1868.103 -1.440
1949.247 671.848 2145.953 643.855 -1.441
908.279 230.086 1010.423 349.505 -1.442
2320.781 821.402 2547.811 779.888 -1.442
2323.796 1356.729 2592.000 1368.179 -1.444
1268.846 26.851 1323.905 99.493 -1.445
158.021 433.273 525.563 652.043 -1.446
1207.926 1702.166 1233.153 1799.908 -1.447
1166.474 524.834 1243.539 652.375 -1.449
2312.712 381.267 2523.423 312.235 -1.451
428.259 84.367 546.001 125.818 -1.452
1062.557 517.275 1107.612 589.431 -1.454
2310.425 1046.276 2576.527 1041.174 -1.454
1180.621 183.179 1259.658 313.880 -1.454
619.092 17.167 669.291 86.249 -1.457
2265.617 493.369 2515.267 474.839 -1.460
466.367 443.433 677.032 694.783 -1.461
267.443 330.221 382.497 396.545 -1.464
1.000 31.263 312.362 717.495 -1.464
23.958 908.414 46.110 999.956 -1.468
1077.226 1628.509 1116.369 1750.256 -1.469
572.624 929.212 765.592 1030.163 -1.470
1585.385 985.572 1626.982 1058.034 -1.471
667.254 787.988 700.861 863.702 -1.475
1491.073 686.613 1559.116 775.996 -1.476
1160.054 1694.901 1451.332 1859.836 -1.479
1391.098 174.326 1569.736 496.779 -1.479
672.828 718.206 824.831 923.836 -1.480
2311.134 753.654 2547.660 729.920 -1.480
998.209 409.917 1191.979 780.254 -1.481
934.109 1814.120 958.365 1919.702 -1.486
1881.693 687.397 1983.535 821.508 -1.488
978.702 1450.648 1008.970 1548.564 -1.489
787.981 12.757 847.131 102.096 -1.489
1727.244 211.477 1887.523 168.258 -1.490
438.037 447.433 761.356 1068.454 -1.491
705.100 12.742 768.336 110.237 -1.493
1780.953 511.977 1846.846 591.969 -1.493
505.048 15.008 579.590 103.479 -1.494
1541.052 676.677 1588.831 749.620 -1.495
1890.267 494.573 2467.698 774.275 -1.497
913.537 1813.171 937.259 1920.949 -1.497
1608.499 317.186 1769.950 283.720 -1.499
1893.663 412.355 1964.343 490.192 -1.499
4.001 1450.157 46.302 1574.008 -1.501
1644.922 493.615 1696.689 563.147 -1.504
1109.291 1835.464 1126.106 1924.982 -1.504
948.348 1505.242 1171.849 1626.461 -1.504
2303.745 390.260 2515.239 322.785 -1.504
2048.700 1262.093 2348.952 1940.816 -1.505
1592.277 446.113 1676.673 570.535 -1.508
2307.777 978.772 2566.594 969.405 -1.509
2227.052 217.740 2497.399 196.742 -1.510
1566.257 670.347 1618.435 745.553 -1.511
1551.388 355.821 1750.320 354.989 -1.512
1247.385 1810.353 1285.549 1925.815 -1.512
1496.930 31.639 1567.220 97.780 -1.513
2238.860 361.144 2518.917 333.360 -1.514
410.484 257.408 781.290 438.173 -1.515
1959.149 30.734 2028.790 94.711 -1.518
972.676 104.747 1027.223 185.957 -1.518
2271.134 396.099 2523.595 341.200 -1.519
2264.041 1366.271 2585.256 1432.532 -1.519
1824.550 722.033 1894.876 809.153 -1.520
409.557 10.568 473.788 97.026 -1.520
2282.734 1318.331 2588.559 1354.808 -1.520
814.490 1752.847 1074.366 1904.723 -1.520
11.442 1572.412 19.531 1668.701 -1.521
893.479 343.636 956.585 421.917 -1.522
636.041 17.913 708.937 98.623 -1.522
2308.497 1057.905 2579.506 1047.742 -1.522
2340.208 1594.876 2592.000 1615.093 -1.523
2327.329 480.001 2522.743 408.395 -1.525
1041.641 1678.868 1153.343 1908.677 -1.525
2327.692 356.156 2515.804 271.030 -1.525
874.631 14.478 979.159 196.403 -1.530
1728.881 696.607 1781.893 767.144 -1.530
1279.629 26.825 1363.699 122.617 -1.531
2310.666 197.511 2511.701 122.050 -1.533
2257.995 221.957 2509.717 182.459 -1.535
2321.218 152.895 2504.019 56.742 -1.536
1963.664 358.574 2187.452 341.935 -1.536
2325.263 356.877 2522.579 277.376 -1.536
1582.741 950.278 1640.669 1054.831 -1.537
1709.183 320.331 1788.098 406.291 -1.537
2313.572 1048.724 2571.466 1037.360 -1.538
1134.051 196.498 1229.057 369.849 -1.539
1416.341 22.679 1482.078 89.775 -1.539
1371.197 664.258 1420.778 746.249 -1.539
2323.784 1285.176 2580.678 1280.713 -1.539
1318.772 696.398 1557.696 762.042 -1.539
2234.882 145.361 2507.436 106.980 -1.540
1241.623 1496.532 1269.048 1583.411 -1.541
1720.989 905.143 1769.682 988.715 -1.542
323.575 10.732 372.702 111.673 -1.546
15.390 1059.995 196.659 1211.244 -1.548
1959.216 370.380 2191.087 351.062 -1.549
298.245 201.316 412.444 252.338 -1.549
368.794 14.402 426.991 82.898 -1.550
2313.945 920.229 2554.809 893.712 -1.551
2320.075 355.222 2516.406 282.665 -1.551
1008.393 211.445 1114.339 402.525 -1.552
2042.545 32.425 2116.189 88.150 -1.553
1552.764 665.078 1635.662 779.470 -1.553
2332.589 1434.262 2592.000 1441.489 -1.554
2255.319 332.464 2511.483 299.629 -1.555
1.000 601.103 605.917 1857.553 -1.556
2105.623 1129.460 2343.726 1123.778 -1.556
2327.335 1286.008 2588.515 1279.919 -1.556
1115.104 1738.408 1184.745 1930.538 -1.556
2307.660 758.772 2548.815 737.850 -1.556
1193.500 662.730 1242.760 751.491 -1.561
2283.900 1339.423 2592.000 1379.569 -1.561
1381.018 37.734 1447.982 122.532 -1.561
2311.097 746.000 2544.927 698.832 -1.561
2250.434 362.797 2526.731 337.970 -1.564
2299.570 379.711 2520.658 315.839 -1.564
1934.402 518.809 2131.843 499.119 -1.565
1942.467 682.406 2147.332 659.915 -1.566
1966.119 110.729 2141.540 42.918 -1.568
1788.454 441.572 1846.161 506.115 -1.570
1326.908 89.310 1474.690 77.038 -1.571
2311.025 931.692 2556.548 912.199 -1.572
707.761 1572.526 968.325 1750.816 -1.572
1925.766 32.293 1990.766 97.561 -1.572
355.841 272.932 415.163 358.420 -1.572
1335.174 23.496 1401.181 117.494 -1.573
1567.375 309.570 1796.733 312.465 -1.573
2316.656 1537.737 2592.000 1575.947 -1.573
2317.595 1043.665 2567.268 1028.442 -1.573
1707.696 751.326 1914.317 758.339 -1.575
431.923 7.497 512.008 157.682 -1.575
1557.572 901.451 1818.213 965.233 -1.578
1400.144 439.124 1484.946 583.614 -1.579
1186.877 14.115 1244.772 91.299 -1.581
2329.902 846.548 2551.929 805.923 -1.582
1552.121 358.341 1745.262 349.565 -1.586
1724.596 165.886 1789.439 241.414 -1.587
1960.290 618.389 2171.320 606.866 -1.587
2296.869 37.175 2516.194 275.124 -1.587
1754.578 242.299 1928.058 197.381 -1.589
1723.231 211.517 1880.763 166.987 -1.589
1225.730 27.447 1299.083 100.860 -1.589
586.473 17.722 688.464 144.987 -1.590
2248.622 1446.326 2563.525 1497.127 -1.593
515.899 125.877 561.216 205.870 -1.593
2257.392 1812.546 2592.000 1894.345 -1.593
1242.556 245.439 1392.222 496.914 -1.594
2209.676 1680.201 2500.974 1713.585 -1.595
