1271.298 245.639 1335.479 343.836 -0.892
222.003 1091.270 238.527 1221.500 -0.966
1010.076 182.680 1095.163 408.308 -0.970
935.087 4.736 1234.996 696.558 -0.971
1996.219 427.238 2079.702 670.196 -0.974
1691.298 517.186 1715.834 641.686 -0.976
880.327 847.197 948.303 1078.562 -0.976
1850.446 790.854 1860.846 895.037 -0.981
1889.977 582.980 2006.587 690.468 -0.981
1367.183 1525.725 1458.582 1707.439 -0.991
605.471 504.012 648.011 642.162 -0.995
1919.329 453.108 1938.778 554.208 -0.996
1904.081 909.795 1912.291 1018.766 -1.002
2240.044 1469.263 2242.038 1627.714 -1.002
33.439 1206.880 42.700 1354.007 -1.003
2066.935 1266.075 2084.399 1429.734 -1.005
631.997 661.646 714.442 773.849 -1.005
1231.005 232.511 1253.107 317.397 -1.006
740.991 464.057 790.267 618.436 -1.006
1985.117 1015.296 2224.341 1773.530 -1.008
1564.911 225.809 1678.926 568.128 -1.010
362.956 1275.941 358.208 1383.338 -1.017
1837.912 760.422 1858.957 891.405 -1.018
1539.736 1306.123 1545.635 1425.682 -1.018
386.739 1603.891 379.165 1748.237 -1.018
1571.789 528.352 1596.332 643.718 -1.018
1862.818 237.438 2033.097 641.382 -1.019
2129.007 1291.423 2119.553 1410.582 -1.019
653.273 478.238 696.037 625.275 -1.020
32.463 1253.915 32.367 1369.434 -1.020
2103.235 254.367 2139.610 367.063 -1.020
941.211 1027.787 974.444 1187.334 -1.022
1311.811 535.218 1336.923 635.672 -1.022
1522.484 1238.683 1551.309 1435.323 -1.023
2180.805 581.847 2220.153 762.039 -1.024
1982.777 605.255 2022.101 761.655 -1.026
1489.869 1249.007 1496.618 1384.661 -1.027
1877.098 724.060 1898.146 861.163 -1.027
929.804 1468.057 918.042 1608.249 -1.028
1497.419 1271.201 1493.862 1384.809 -1.028
77.867 1034.751 146.731 1319.424 -1.028
1542.813 1373.294 1573.975 1571.336 -1.029
1222.523 195.798 1260.591 312.037 -1.029
1510.239 1017.082 1530.015 1150.089 -1.029
739.237 844.427 752.935 960.920 -1.033
1864.343 797.541 1939.292 1053.175 -1.033
1126.561 983.533 1260.174 1365.876 -1.034
1281.333 1181.588 1477.134 1554.140 -1.034
447.291 889.026 472.187 1040.137 -1.034
19.246 933.965 250.498 1560.925 -1.035
2234.925 1410.720 2231.660 1585.295 -1.035
1529.262 810.687 1559.417 976.292 -1.035
1251.127 537.737 1266.418 634.770 -1.036
882.831 1400.531 939.626 1677.980 -1.036
1347.009 658.337 1380.270 804.827 -1.037
1782.594 72.185 2008.391 700.800 -1.039
481.011 1100.724 478.123 1207.958 -1.039
1360.469 161.504 1405.726 278.142 -1.039
936.933 1527.463 921.518 1647.189 -1.039
2196.068 1.000 2242.931 81.305 -1.039
1390.180 1700.878 1379.092 1834.599 -1.040
869.960 927.906 869.301 1031.418 -1.040
1080.805 1622.382 1117.191 1852.814 -1.041
32.990 1241.217 29.728 1359.319 -1.042
34.241 1241.718 31.651 1363.022 -1.043
1353.412 1704.983 1349.057 1853.167 -1.043
1975.135 1043.262 1979.123 1174.751 -1.044
1134.272 1717.989 1120.418 1835.989 -1.044
40.488 1263.324 32.085 1374.643 -1.046
1.000 78.421 451.110 1219.721 -1.047
766.692 863.712 785.627 1008.503 -1.047
1507.819 311.443 1526.941 399.267 -1.047
2097.346 1.000 2144.609 88.769 -1.048
863.381 909.132 871.799 1030.751 -1.049
1383.554 1698.260 1371.775 1835.278 -1.051
1405.263 519.760 1419.320 620.052 -1.051
708.157 507.601 735.711 617.837 -1.051
2544.604 178.329 2573.685 277.777 -1.053
35.858 1087.434 34.636 1198.561 -1.054
2492.311 1644.127 2480.843 1791.119 -1.054
1575.182 1376.175 1576.883 1523.789 -1.054
1695.710 480.340 1738.940 653.289 -1.055
810.342 897.777 852.693 1082.281 -1.055
1008.817 1329.421 1005.990 1447.079 -1.056
2236.161 1172.634 2244.758 1335.391 -1.057
1518.783 1327.114 1544.109 1536.285 -1.057
42.593 1404.281 36.683 1524.064 -1.057
1393.914 1702.031 1376.881 1828.057 -1.058
1380.950 1623.754 1405.165 1844.523 -1.058
1174.494 548.151 1302.160 676.263 -1.058
2562.045 990.571 2573.636 1125.773 -1.059
1068.755 1051.734 1095.747 1235.435 -1.059
1912.088 993.831 1943.759 1163.372 -1.059
695.837 890.898 710.976 994.213 -1.060
467.359 432.635 680.517 981.997 -1.060
728.114 806.064 815.651 1087.921 -1.060
2553.946 757.000 2572.299 891.212 -1.060
2237.506 1461.830 2238.350 1625.523 -1.061
1645.690 1590.140 1656.614 1759.185 -1.061
626.865 350.674 652.231 438.330 -1.061
1556.549 589.896 1574.018 682.209 -1.061
861.181 1501.976 849.112 1628.397 -1.062
1604.404 1541.071 1586.267 1663.829 -1.062
2175.492 1491.175 2161.880 1607.661 -1.063
1529.379 927.951 1536.564 1045.392 -1.063
1119.541 1668.000 1116.654 1838.407 -1.063
1973.093 1049.092 1983.223 1173.920 -1.064
1543.934 1292.191 1534.270 1406.746 -1.064
42.332 1461.400 36.200 1590.137 -1.065
305.285 1207.902 305.619 1343.006 -1.065
1876.603 990.698 1886.845 1142.630 -1.065
2229.926 1279.671 2249.339 1471.288 -1.065
2558.333 690.341 2576.120 797.691 -1.066
816.796 798.253 909.267 1085.687 -1.066
2072.364 272.883 2104.884 387.510 -1.066
815.335 272.738 857.716 380.144 -1.067
1559.763 242.975 1738.439 668.905 -1.067
1239.983 1459.524 1225.018 1574.278 -1.067
1498.912 921.050 1508.301 1034.565 -1.067
1199.679 1579.591 1192.637 1717.231 -1.068
2292.943 1537.490 2286.936 1691.868 -1.068
