1165.048 519.366 1238.080 744.461 -0.421
1220.175 250.460 1273.499 394.281 -0.552
1241.005 1483.769 1282.762 1610.437 -0.756
1167.533 1016.789 1249.570 1101.616 -0.774
2471.313 163.982 2500.191 263.437 -0.820
1147.471 1152.053 1186.491 1246.384 -0.825
1074.652 1680.206 1133.336 1877.112 -0.837
735.200 977.634 772.765 1077.127 -0.842
372.400 1449.308 426.264 1486.797 -0.859
682.768 732.377 1682.403 1944.000 -0.867
2066.198 1799.500 2187.466 1918.157 -0.897
2486.707 667.382 2536.693 752.982 -0.901
482.642 659.849 549.092 724.659 -0.912
2470.467 113.055 2498.794 211.205 -0.919
1674.184 557.573 1702.693 646.935 -0.925
313.410 357.726 418.169 546.444 -0.929
166.187 838.747 214.073 886.198 -0.931
1811.322 534.244 1911.982 676.075 -0.941
1764.440 461.173 1924.700 742.444 -0.942
2410.665 1489.808 2468.881 1553.124 -0.943
1280.500 148.669 1392.616 304.567 -0.944
1927.426 1403.340 1973.698 1499.836 -0.948
1402.929 583.551 1458.431 652.646 -0.955
1580.867 268.431 1665.498 383.451 -0.965
1985.425 520.900 2034.135 591.751 -0.970
1677.819 195.256 1722.040 268.820 -0.974
2101.443 1665.328 2157.535 1719.321 -0.976
551.420 821.139 595.217 912.052 -0.976
291.813 1271.445 340.109 1309.121 -0.977
1375.367 188.794 1434.085 276.488 -0.981
194.049 615.693 250.312 782.893 -0.983
1.000 1010.274 161.576 1340.685 -0.984
991.579 234.299 1131.693 415.372 -0.987
432.420 1411.303 504.257 1478.472 -0.988
6.826 1700.864 46.078 1811.940 -0.988
1230.456 574.397 1288.360 650.916 -0.991
337.194 275.040 473.850 455.145 -0.991
2476.785 1376.326 2519.088 1466.563 -0.994
1928.329 558.549 1956.764 650.394 -0.994
1604.555 121.926 1836.524 406.302 -0.995
561.561 1159.574 627.530 1308.540 -1.001
2501.647 1261.020 2549.091 1344.553 -1.003
2506.422 1433.579 2577.830 1521.209 -1.003
2419.883 750.856 2464.343 814.297 -1.005
1841.446 252.474 1889.085 334.826 -1.005
1922.312 1356.698 1999.562 1437.711 -1.005
1438.791 481.886 1564.006 670.449 -1.006
2502.725 1712.473 2548.900 1759.217 -1.007
1804.062 825.900 1853.043 884.741 -1.007
561.161 883.148 618.434 939.796 -1.007
1.000 266.546 44.041 350.700 -1.007
2016.595 283.996 2078.717 374.992 -1.009
1927.743 1026.156 1990.232 1106.162 -1.009
2039.689 460.966 2110.337 565.280 -1.009
1956.849 1054.668 2019.718 1177.151 -1.012
175.929 1524.435 230.327 1563.291 -1.012
1822.983 1405.409 1872.086 1521.440 -1.013
2421.931 1119.621 2493.796 1210.635 -1.014
18.034 767.213 68.667 811.304 -1.014
418.763 961.748 488.685 1035.046 -1.015
459.802 1776.042 506.473 1924.851 -1.016
191.741 1.000 260.700 93.430 -1.016
2260.324 1761.487 2309.781 1801.957 -1.016
2476.909 747.338 2552.724 856.094 -1.016
114.073 395.830 171.934 504.889 -1.017
383.967 1246.058 450.807 1301.719 -1.018
3.322 1091.951 234.273 1552.667 -1.019
1512.596 251.197 1567.415 331.716 -1.019
586.518 1381.204 642.851 1516.160 -1.020
1665.616 1647.061 1714.487 1766.059 -1.020
1294.868 565.928 1375.208 663.771 -1.021
719.638 277.055 778.067 358.065 -1.022
2435.546 1553.997 2498.097 1622.666 -1.022
1872.728 804.508 1944.818 956.832 -1.024
272.187 1663.960 325.299 1693.612 -1.024
1774.436 1634.735 1823.338 1670.513 -1.025
1919.853 1690.676 1971.506 1736.409 -1.025
1711.443 511.759 1953.817 961.990 -1.027
457.580 1663.549 518.825 1705.500 -1.027
1670.261 860.394 1720.466 925.838 -1.027
1152.889 318.009 1210.650 399.411 -1.029
2137.792 772.944 2187.381 845.642 -1.029
513.372 1232.335 635.469 1384.577 -1.030
1932.782 260.006 1981.498 342.355 -1.031
120.911 1860.768 186.612 1892.769 -1.032
446.659 159.232 494.113 230.878 -1.032
1790.507 1397.657 1830.296 1492.882 -1.033
1663.716 1361.237 1723.377 1421.015 -1.034
304.738 1563.664 397.451 1661.099 -1.035
579.088 21.022 638.511 107.156 -1.035
2303.211 1879.012 2351.177 1920.031 -1.036
1019.924 596.233 1090.085 737.060 -1.037
1947.098 1134.556 2020.877 1212.872 -1.037
1160.064 243.361 1208.825 326.832 -1.038
85.768 1781.364 117.029 1895.127 -1.038
76.801 700.171 151.230 849.411 -1.039
529.157 444.638 700.116 673.463 -1.040
40.773 395.502 100.595 464.917 -1.041
2275.296 450.784 2364.809 582.044 -1.041
2199.836 1180.800 2276.456 1334.400 -1.042
2208.027 613.011 2254.373 692.866 -1.042
728.830 522.035 799.709 617.439 -1.043
2000.982 1857.793 2070.253 1919.648 -1.043
2531.219 1538.258 2587.869 1594.134 -1.044
1834.328 987.352 2348.917 1944.000 -1.044
1560.848 456.521 1625.620 558.747 -1.044
699.104 459.769 836.652 630.638 -1.046
1714.142 1362.494 1769.112 1485.257 -1.046
1983.968 369.803 2158.624 663.475 -1.046
1579.974 387.916 1784.565 658.808 -1.046
1290.844 266.572 1346.203 357.579 -1.047
359.916 161.303 423.421 243.818 -1.049
2440.859 1774.535 2500.722 1832.628 -1.050
972.817 555.171 1070.451 731.576 -1.050
2395.655 1167.205 2443.483 1228.475 -1.050
2361.246 1303.818 2419.270 1434.198 -1.050
249.185 185.276 296.184 248.742 -1.051
277.209 892.393 367.152 983.709 -1.051
2114.249 1341.591 2592.000 1944.000 -1.051
1361.719 659.968 1412.349 726.118 -1.051
393.852 1759.407 435.081 1874.098 -1.052
310.053 788.937 361.452 843.869 -1.052
1224.831 419.767 1269.864 481.415 -1.052
126.692 1795.031 203.464 1849.451 -1.054
8.518 1876.327 61.687 1944.000 -1.054
2419.823 312.043 2464.372 382.496 -1.055
1132.290 254.499 1180.477 331.568 -1.055
566.374 1343.837 661.867 1438.131 -1.056
1771.755 1775.745 1833.386 1826.580 -1.056
1018.225 98.857 1072.677 170.841 -1.057
1220.870 491.428 1265.728 573.732 -1.057
1308.024 505.765 1452.859 782.476 -1.057
2133.379 906.030 2178.904 970.495 -1.057
533.824 1818.155 589.346 1846.215 -1.057
1918.067 231.095 2289.182 869.680 -1.057
746.993 276.815 811.858 359.295 -1.058
307.898 1401.416 362.105 1528.402 -1.058
942.572 524.738 1022.614 662.817 -1.058
2468.509 270.918 2518.586 351.145 -1.059
925.860 278.295 991.049 406.689 -1.059
2511.565 1095.980 2567.277 1165.592 -1.060
1408.866 461.197 1731.765 1106.286 -1.061
240.043 304.439 296.611 374.691 -1.061
633.191 1465.970 671.286 1567.075 -1.061
614.195 66.218 662.450 130.749 -1.062
2461.711 56.378 2514.487 124.149 -1.062
2196.034 55.111 2259.037 138.131 -1.062
1037.733 16.614 1110.240 119.910 -1.062
78.018 344.605 129.696 406.851 -1.063
352.114 737.375 403.059 784.899 -1.063
1303.750 422.632 2012.892 1312.383 -1.063
1896.588 668.179 2359.377 1256.190 -1.063
35.462 113.579 110.549 202.976 -1.063
1111.734 496.121 1161.891 584.872 -1.063
250.546 1135.613 306.281 1255.855 -1.065
1195.736 285.658 1239.477 367.298 -1.065
1628.856 36.874 1674.039 112.284 -1.065
46.771 66.660 90.682 140.849 -1.066
114.562 1651.145 170.840 1683.513 -1.067
2338.389 1087.369 2404.652 1173.242 -1.067
760.076 599.353 810.110 700.885 -1.068
580.805 687.681 634.759 808.160 -1.068
148.211 431.278 197.942 531.134 -1.068
1056.470 442.523 1222.514 689.817 -1.069
63.441 166.074 120.591 239.054 -1.069
265.126 1255.807 316.493 1296.187 -1.070
614.053 1548.545 684.087 1612.275 -1.070
1192.720 190.934 1238.413 259.707 -1.070
1195.131 224.677 1249.487 327.064 -1.073
1123.770 48.564 1171.092 123.953 -1.073
127.957 672.893 186.599 730.681 -1.073
299.888 352.632 492.655 664.853 -1.073
2401.020 897.029 2456.279 963.160 -1.073
418.442 1149.250 648.944 1556.763 -1.074
61.531 1753.029 119.584 1790.571 -1.074
942.386 1.000 1012.017 101.394 -1.075
383.121 1303.695 423.127 1413.048 -1.075
5.518 1534.635 63.894 1575.179 -1.076
301.801 196.700 351.117 270.450 -1.076
7.779 1505.215 73.071 1678.488 -1.076
1688.004 1335.821 1735.853 1387.475 -1.077
1223.121 189.055 1273.926 268.573 -1.077
1677.519 1447.718 1740.529 1512.555 -1.078
1765.930 1817.812 1818.994 1856.847 -1.079
1792.520 1498.245 1847.766 1550.755 -1.079
1447.465 500.462 2242.160 1874.412 -1.079
1199.980 480.540 1246.056 547.341 -1.079
13.433 612.230 77.074 682.091 -1.079
1147.394 504.098 1286.649 783.336 -1.079
229.974 665.022 277.397 767.501 -1.080
2428.206 361.692 2479.764 450.785 -1.080
2269.717 272.916 2323.923 364.810 -1.080
1151.634 178.438 1218.047 278.647 -1.080
1483.298 324.111 1531.586 392.077 -1.080
2454.351 313.052 2510.905 388.374 -1.080
43.837 1863.657 79.360 1944.000 -1.081
1275.292 491.175 1315.150 571.748 -1.082
193.783 578.641 243.512 625.980 -1.082
2404.405 1256.105 2456.461 1311.072 -1.083
646.788 882.735 702.444 988.243 -1.083
101.009 32.199 148.409 119.810 -1.084
2495.799 842.510 2554.723 950.773 -1.084
2274.208 109.484 2319.458 189.559 -1.084
863.384 2.979 923.266 89.493 -1.084
617.208 1.629 663.428 73.239 -1.086
2550.670 613.043 2592.000 689.015 -1.086
1193.391 211.285 1402.502 490.279 -1.087
2395.188 391.433 2444.050 467.717 -1.087
375.942 1428.646 413.250 1528.592 -1.088
572.982 807.581 647.046 945.241 -1.088
123.247 900.197 212.877 999.637 -1.088
2386.727 1046.958 2434.393 1138.050 -1.088
2345.897 157.354 2389.966 237.083 -1.088
2239.040 122.893 2291.147 188.987 -1.089
960.810 57.997 994.216 146.309 -1.089
499.461 989.806 548.689 1039.390 -1.090
2529.673 707.395 2582.197 781.475 -1.090
119.717 545.236 169.850 597.423 -1.090
1068.428 164.186 1166.547 360.135 -1.091
134.576 1591.379 178.896 1729.699 -1.091
63.916 298.330 112.026 355.207 -1.092
2394.218 189.773 2458.950 287.894 -1.092
1.000 392.528 43.477 477.606 -1.092
361.422 763.350 432.016 848.961 -1.092
330.369 1149.141 405.690 1228.031 -1.093
232.462 375.184 276.784 466.017 -1.093
186.457 1878.985 240.450 1899.921 -1.093
773.730 341.568 861.554 443.826 -1.093
550.545 1677.130 619.253 1727.584 -1.093
635.591 681.344 688.197 735.129 -1.094
1006.945 2.510 1062.002 86.831 -1.094
303.593 758.907 344.278 852.531 -1.094
640.887 1520.610 687.645 1655.327 -1.094
217.877 908.641 269.433 956.713 -1.095
2468.463 1041.861 2517.218 1140.556 -1.095
474.198 849.783 523.528 897.620 -1.095
419.836 1505.470 463.201 1622.791 -1.096
2393.148 27.307 2438.535 114.442 -1.096
1118.440 231.948 1218.702 411.457 -1.096
632.652 356.583 701.199 439.942 -1.096
160.529 757.720 218.319 886.799 -1.097
320.196 1781.899 409.950 1859.671 -1.097
248.793 18.295 307.985 128.243 -1.098
531.036 1744.850 685.093 1899.944 -1.098
234.459 540.607 275.545 643.397 -1.098
2305.806 259.833 2366.216 353.990 -1.098
1.000 21.598 42.664 97.259 -1.099
272.141 1607.423 329.274 1647.185 -1.099
429.638 1631.976 462.360 1738.536 -1.099
640.629 1000.779 690.337 1046.124 -1.099
2371.197 842.410 2416.746 907.896 -1.100
1363.258 26.271 1416.967 103.551 -1.100
208.545 673.656 567.115 1101.750 -1.100
267.976 1826.228 356.877 1884.894 -1.100
53.433 552.692 93.906 640.607 -1.101
2551.926 942.829 2592.000 1032.972 -1.101
306.070 28.732 363.274 114.699 -1.101
3.081 122.153 49.747 186.580 -1.102
2444.172 109.943 2491.837 193.822 -1.102
143.400 1785.186 190.170 1934.878 -1.102
186.934 1512.890 222.184 1616.672 -1.102
1483.986 159.702 1667.652 392.383 -1.102
1277.526 19.094 1323.574 96.484 -1.102
18.205 252.663 65.065 307.694 -1.103
2510.265 1041.244 2556.052 1122.603 -1.103
955.567 88.364 1010.910 177.413 -1.103
1.000 193.625 56.433 259.125 -1.103
1024.648 140.397 1080.292 238.155 -1.104
2166.787 119.446 2248.110 224.795 -1.104
2509.640 657.190 2565.769 737.946 -1.105
2319.243 176.906 2375.152 282.600 -1.105
2550.807 758.547 2592.000 838.322 -1.105
622.768 1289.257 695.125 1355.708 -1.105
743.690 63.493 834.805 188.125 -1.105
152.377 714.693 201.926 759.183 -1.105
138.133 259.550 199.221 324.123 -1.105
4.439 1845.689 86.904 1904.245 -1.107
885.637 535.605 1037.374 800.449 -1.108
107.421 96.665 168.908 181.367 -1.108
145.470 1585.256 199.824 1607.957 -1.108
473.650 277.238 523.146 374.637 -1.109
215.631 1834.959 281.761 1944.000 -1.109
798.405 260.858 883.944 412.709 -1.110
1818.968 209.556 1903.195 337.581 -1.110
729.805 653.678 793.073 732.699 -1.110
157.673 169.867 207.956 265.365 -1.110
346.705 1258.441 430.873 1340.837 -1.111
2340.029 523.717 2394.485 617.303 -1.111
3.317 684.209 55.944 740.429 -1.111
72.706 58.053 129.518 128.202 -1.111
727.593 421.277 929.655 660.051 -1.111
619.247 444.108 785.049 666.361 -1.111
26.800 506.795 78.510 563.152 -1.111
2273.231 162.598 2325.720 260.323 -1.112
2553.424 1038.247 2592.000 1127.867 -1.112
2401.116 1077.956 2459.611 1177.648 -1.112
284.877 120.932 339.824 199.077 -1.112
255.090 1423.503 294.880 1534.581 -1.112
268.351 1175.554 318.143 1299.195 -1.112
104.803 818.894 146.116 920.339 -1.113
412.342 148.822 466.172 251.274 -1.113
79.538 1539.171 173.480 1618.719 -1.113
2540.991 1187.695 2592.000 1311.105 -1.113
460.940 1620.014 503.339 1735.310 -1.113
432.747 790.012 783.824 1415.598 -1.114
60.090 225.674 112.104 287.845 -1.114
607.231 690.562 669.886 811.820 -1.115
529.717 1524.002 580.382 1666.901 -1.115
665.268 15.883 728.433 123.589 -1.116
1440.089 1.000 1524.846 111.553 -1.116
155.288 689.470 190.788 781.938 -1.116
8.835 1341.626 329.850 1944.000 -1.117
172.395 41.884 222.755 119.180 -1.117
591.554 340.423 693.600 532.402 -1.117
341.277 1680.588 403.148 1714.132 -1.117
1154.963 81.564 1202.253 157.619 -1.117
2527.622 522.248 2581.303 620.117 -1.117
441.618 349.463 896.146 1090.913 -1.118
960.829 496.319 1084.849 644.029 -1.119
516.818 121.445 564.708 193.577 -1.119
1145.396 1.000 1199.627 76.406 -1.119
227.655 1172.464 297.151 1339.823 -1.120
233.162 427.931 277.646 511.180 -1.120
625.823 110.609 687.407 190.341 -1.120
247.307 351.368 304.565 436.170 -1.120
408.057 1774.950 452.133 1906.285 -1.120
2430.735 985.477 2498.081 1097.508 -1.121
708.523 46.462 760.085 114.751 -1.121
2428.557 634.059 2494.132 747.605 -1.122
268.122 562.869 308.114 656.357 -1.122
2543.059 132.672 2592.000 211.703 -1.122
1.000 562.816 65.372 711.431 -1.122
288.280 62.316 512.495 468.471 -1.122
1827.309 315.712 1877.847 385.079 -1.123
2363.901 811.733 2410.092 874.016 -1.123
113.151 480.726 165.436 541.452 -1.123
704.649 242.007 791.526 348.895 -1.123
2397.273 863.751 2473.324 992.793 -1.124
173.163 106.101 223.318 190.447 -1.125
2393.464 1000.241 2455.142 1105.770 -1.125
295.822 1221.993 369.023 1299.025 -1.125
2017.546 130.576 2072.435 227.232 -1.125
169.031 691.093 210.988 789.055 -1.125
176.623 312.489 216.816 390.971 -1.126
1.000 352.341 80.091 447.583 -1.126
2431.293 1205.901 2481.160 1260.255 -1.126
122.651 948.688 167.874 1057.442 -1.127
466.784 1.000 542.724 102.408 -1.127
590.993 1645.297 654.652 1685.242 -1.127
212.380 275.761 259.155 370.154 -1.128
183.795 149.554 239.649 220.079 -1.128
2419.892 301.886 2494.801 415.842 -1.129
2546.729 901.605 2592.000 994.328 -1.129
2491.179 130.636 2535.526 227.580 -1.129
63.722 13.310 115.406 122.106 -1.129
1981.322 173.936 2033.817 244.392 -1.129
99.938 907.678 134.283 1009.704 -1.129
1272.937 686.629 1318.440 768.872 -1.130
326.863 1639.182 358.387 1741.968 -1.130
1408.609 212.002 1454.154 294.242 -1.131
19.386 81.373 65.549 143.636 -1.131
1891.558 313.717 1939.029 395.523 -1.131
529.847 1.000 609.614 107.159 -1.131
1893.935 1.000 2037.974 230.147 -1.131
2507.506 392.839 2556.088 464.699 -1.131
633.120 21.961 693.710 114.745 -1.132
75.533 955.767 161.433 1054.265 -1.132
469.465 1834.933 553.268 1895.977 -1.132
1199.459 517.663 1378.598 859.034 -1.133
3.863 493.190 42.560 586.687 -1.133
74.540 40.793 154.652 144.577 -1.134
1220.354 446.841 1306.545 559.235 -1.134
133.200 826.875 196.362 966.460 -1.134
2541.588 167.329 2587.422 257.436 -1.134
215.681 104.368 280.876 221.928 -1.135
75.993 613.110 597.184 1560.396 -1.135
1335.259 41.181 1391.852 133.596 -1.135
2506.037 1169.470 2558.289 1228.225 -1.135
2474.801 1186.757 2540.004 1263.142 -1.135
2344.096 752.535 2410.465 857.505 -1.136
267.783 525.761 331.081 674.251 -1.136
2.002 793.136 55.583 835.852 -1.136
3.141 708.622 53.992 835.659 -1.136
192.355 457.214 241.342 512.532 -1.136
2445.395 1032.796 2534.680 1148.947 -1.136
1.000 1.000 68.131 80.341 -1.136
556.513 1630.918 629.828 1791.216 -1.137
2365.891 930.022 2408.266 1007.158 -1.137
2530.484 463.541 2581.355 548.567 -1.138
344.947 405.306 1015.653 1721.433 -1.138
194.896 522.610 239.466 617.431 -1.139
2538.543 408.902 2592.000 518.609 -1.139
338.036 1.000 410.630 91.301 -1.139
2344.974 832.928 2394.817 904.519 -1.139
2426.875 354.487 2513.101 482.187 -1.140
881.029 83.994 1232.049 666.918 -1.140
2456.099 119.297 2522.325 212.095 -1.142
83.256 484.835 153.003 631.691 -1.142
2386.663 691.593 2436.950 765.617 -1.142
532.866 83.526 583.439 179.181 -1.143
2382.378 625.992 2441.391 723.918 -1.143
209.378 216.539 282.229 310.564 -1.143
2538.092 1252.229 2592.000 1369.968 -1.143
2360.715 1184.862 2421.335 1305.839 -1.143
10.063 67.932 81.076 160.006 -1.144
2473.770 895.530 2531.836 1005.967 -1.144
2337.966 910.154 2394.484 1009.041 -1.144
2055.515 73.487 2592.000 1440.600 -1.144
195.648 431.751 269.930 583.764 -1.145
1661.161 1.000 1712.407 87.685 -1.145
3.349 976.492 64.730 1032.755 -1.146
804.559 1.000 852.766 62.527 -1.146
705.675 1.000 769.057 83.112 -1.146
770.309 2.910 823.822 83.510 -1.146
524.110 1879.147 621.830 1944.000 -1.147
60.148 433.462 111.763 527.923 -1.147
2419.028 20.067 2461.998 111.725 -1.148
1229.434 152.587 1285.840 237.160 -1.148
1577.653 3.158 1629.447 91.609 -1.149
19.219 823.942 103.492 916.992 -1.149
2522.381 16.601 2573.129 109.273 -1.149
4.183 226.467 92.644 339.866 -1.150
133.833 1.000 224.530 109.254 -1.150
1.000 1164.183 1100.486 1944.000 -1.150
1763.562 1837.421 1805.455 1944.000 -1.151
1861.790 171.428 1934.207 282.001 -1.151
1.000 506.628 216.372 916.846 -1.153
1751.673 4.504 1801.171 91.123 -1.154
784.604 1.000 2592.000 1944.000 -1.155
166.904 287.525 231.529 386.918 -1.156
3.097 870.638 46.374 986.556 -1.160
4.916 851.776 77.524 1008.715 -1.164
265.743 480.823 324.203 536.695 -1.165
543.413 264.217 602.883 372.976 -1.167
100.949 229.062 149.353 318.342 -1.170
88.310 190.602 138.064 254.626 -1.170
210.332 539.842 280.352 681.381 -1.170
83.585 1.000 147.405 78.595 -1.170
635.463 243.472 684.062 329.215 -1.173
247.999 508.066 300.999 563.788 -1.175
551.353 141.148 608.720 220.383 -1.177
178.257 365.466 264.587 468.879 -1.177
120.020 215.131 171.551 280.567 -1.178
432.613 1.068 478.825 72.296 -1.178
11.220 451.809 52.071 538.099 -1.178
137.086 152.125 176.036 232.133 -1.182
197.036 160.049 268.386 256.619 -1.182
71.009 87.006 479.822 887.717 -1.183
621.742 276.018 684.164 378.938 -1.183
597.884 129.687 680.907 245.869 -1.184
495.926 225.524 538.586 301.541 -1.194
1.000 95.725 75.631 239.498 -1.197
30.533 336.546 101.051 472.074 -1.200
398.596 23.097 446.705 94.052 -1.201
659.525 82.234 713.393 162.888 -1.202
1.000 320.814 49.720 378.176 -1.203
561.399 73.730 601.597 152.054 -1.204
709.496 143.051 763.360 243.838 -1.205
655.963 71.530 726.328 206.590 -1.205
29.441 30.498 88.250 111.344 -1.208
584.174 76.361 629.754 143.367 -1.209
1.000 19.230 86.488 134.041 -1.210
571.347 185.241 617.140 274.174 -1.210
323.532 1.000 715.842 528.555 -1.216
693.869 312.973 741.836 378.265 -1.223
1.000 95.484 83.662 472.029 -1.223
730.710 24.562 784.894 121.990 -1.227
685.465 194.727 753.140 332.356 -1.228
2.956 402.986 75.485 560.432 -1.235
1.000 40.142 141.166 642.385 -1.240
715.732 273.711 798.554 416.261 -1.240
689.639 53.615 751.521 153.480 -1.244
699.703 44.974 779.960 185.422 -1.261
1.000 222.307 381.833 1944.000 -1.268
42.243 519.468 1365.767 1944.000 -1.273
