1492.506 771.965 1883.221 1141.963 -0.855
434.526 951.206 475.325 1047.000 -0.963
1926.150 550.328 1974.523 650.682 -0.996
1330.801 564.360 1417.989 625.956 -1.022
1361.095 197.942 1400.183 285.466 -1.022
1495.316 1378.376 1670.135 1551.712 -1.022
1547.523 553.054 1653.027 653.597 -1.024
486.995 651.302 870.378 1024.424 -1.034
2019.948 472.527 2077.512 526.970 -1.034
1633.885 1523.881 2049.207 1927.415 -1.036
1780.829 522.769 1986.582 699.614 -1.037
1131.297 288.206 1193.299 398.508 -1.041
1547.927 397.262 1833.682 674.693 -1.042
1228.878 1252.634 1572.616 1549.384 -1.043
898.363 343.729 980.319 413.563 -1.044
2030.661 1343.806 2063.832 1422.000 -1.053
2030.106 22.404 2127.681 93.783 -1.056
74.439 1129.959 137.974 1207.907 -1.061
2493.162 380.681 2577.718 470.786 -1.062
1757.174 271.070 1815.730 328.896 -1.063
2098.822 1337.332 2164.648 1427.465 -1.065
462.249 1129.809 556.864 1234.251 -1.069
2202.326 1612.522 2260.753 1676.346 -1.072
1311.170 567.431 1431.836 657.942 -1.073
1040.002 1106.799 1106.946 1192.699 -1.074
586.135 1233.708 633.163 1347.976 -1.076
1.846 1.000 69.918 57.298 -1.079
968.896 1441.789 1256.447 1700.252 -1.080
852.633 1699.883 1121.407 1944.000 -1.082
1943.665 452.434 2096.935 711.379 -1.083
769.375 1161.464 862.505 1268.406 -1.087
196.460 697.793 251.717 769.047 -1.088
2448.018 1.000 2500.370 45.170 -1.089
647.420 528.247 701.276 652.911 -1.089
1133.013 1134.252 1199.234 1211.402 -1.092
2099.224 1476.905 2148.863 1593.108 -1.092
1180.342 1690.947 1423.779 1944.000 -1.092
2096.494 1595.142 2141.800 1688.944 -1.093
1266.938 1051.655 1362.258 1165.964 -1.096
1150.978 652.704 1202.494 713.710 -1.097
1280.698 538.462 1361.194 620.778 -1.098
1303.702 504.463 1396.315 589.305 -1.099
