1817.116 656.939 1880.206 722.864 -0.845
1205.651 523.313 1286.915 579.627 -0.890
1270.890 1334.439 1383.347 1416.218 -0.892
2003.435 1677.390 2286.519 1944.000 -0.901
723.274 355.581 796.900 423.799 -0.916
1878.668 1102.015 1968.898 1168.658 -0.919
729.079 555.506 798.481 599.581 -0.943
751.807 918.715 854.272 993.524 -0.954
2268.844 420.179 2331.390 463.465 -0.965
1616.716 504.287 1687.304 557.896 -0.968
2486.517 1685.036 2568.846 1731.547 -0.970
1120.274 1245.497 1192.340 1298.922 -0.970
873.909 1874.926 995.918 1944.000 -0.970
759.054 788.334 852.004 858.461 -0.972
2011.726 2.636 2108.532 75.897 -0.973
962.572 132.027 1061.816 194.571 -0.975
1781.446 786.076 1879.897 860.050 -0.979
368.043 1680.981 445.286 1744.253 -0.981
2352.437 1447.068 2450.342 1519.187 -0.981
782.680 352.897 1216.540 681.374 -0.981
719.982 844.553 793.066 901.210 -0.982
490.026 455.061 555.884 500.441 -0.983
1480.531 692.097 1561.011 752.385 -0.985
1774.585 319.988 1841.419 371.240 -0.985
1895.250 327.792 1958.219 373.474 -0.986
608.415 960.379 689.355 1019.972 -0.986
1503.890 778.579 1939.916 1088.232 -0.987
1572.156 1363.373 1674.685 1439.393 -0.989
1227.353 807.294 1342.142 898.584 -0.989
382.480 1321.449 445.446 1374.453 -0.989
1490.724 1582.149 1555.239 1631.752 -0.990
1022.906 1694.685 1131.668 1782.806 -0.991
282.625 580.594 407.424 666.203 -0.992
1593.852 690.134 1676.339 749.731 -0.992
203.257 1139.308 314.231 1175.527 -0.994
1050.173 1119.225 1118.983 1178.268 -0.994
824.591 978.817 907.868 1045.022 -0.995
522.332 634.931 618.751 720.640 -0.995
2148.437 320.231 2216.219 366.748 -0.995
473.499 1137.319 582.943 1227.181 -0.997
1633.197 1557.106 1979.232 1907.381 -0.998
2328.007 1851.862 2456.742 1908.216 -0.998
97.488 64.560 160.222 114.000 -0.999
938.426 783.902 1581.323 1236.195 -0.999
1887.333 1184.885 1980.676 1243.941 -1.000
231.519 1023.983 357.728 1126.235 -1.000
497.374 757.597 713.841 988.853 -1.000
1325.087 64.533 1746.431 391.723 -1.001
1168.701 1512.936 1251.979 1577.944 -1.001
45.713 671.844 116.210 726.514 -1.002
2238.346 329.940 2295.052 372.644 -1.002
1045.980 109.900 1106.238 156.865 -1.002
1278.015 443.599 1349.240 488.994 -1.004
1212.134 1312.731 1519.797 1587.934 -1.004
1156.497 1715.658 1412.653 1944.000 -1.006
386.451 1170.051 456.592 1230.935 -1.006
791.975 1651.770 900.739 1682.372 -1.007
1033.532 686.318 1103.959 743.845 -1.007
2391.386 719.395 2462.742 772.995 -1.007
2332.536 685.432 2401.972 739.945 -1.008
283.278 1174.870 403.336 1269.747 -1.008
136.122 1.239 209.448 54.281 -1.008
750.173 1567.159 841.611 1634.867 -1.009
1765.573 220.581 1827.791 256.156 -1.009
9.252 1215.534 179.217 1348.921 -1.010
615.576 386.532 693.295 440.806 -1.010
1274.403 1270.388 1372.513 1348.096 -1.011
70.948 626.059 187.807 706.294 -1.011
2370.837 1.000 2513.754 100.107 -1.012
2174.507 1131.334 2284.093 1211.908 -1.012
92.229 1329.334 165.477 1385.213 -1.012
1264.059 585.250 1341.669 644.719 -1.012
1185.847 342.170 1266.140 402.360 -1.014
478.397 688.495 554.246 745.837 -1.014
593.939 1102.794 692.936 1136.406 -1.014
1856.377 192.821 1922.990 239.250 -1.014
1041.630 659.543 1104.224 706.336 -1.015
1790.784 204.471 1877.369 262.060 -1.015
1447.189 553.778 1564.640 643.319 -1.015
460.481 1266.952 569.028 1345.069 -1.016
843.030 1006.625 956.785 1092.979 -1.018
72.278 1139.217 146.324 1203.501 -1.018
1905.485 814.041 2480.392 1227.084 -1.018
1895.990 1326.359 1976.829 1397.272 -1.019
1129.911 932.210 2340.364 1832.089 -1.020
285.050 423.930 655.062 668.663 -1.020
55.278 983.686 148.027 1046.773 -1.020
1.000 2.182 81.285 60.350 -1.020
2072.636 505.174 2167.620 573.229 -1.020
894.007 1734.238 982.657 1808.248 -1.020
38.819 1780.164 125.382 1851.513 -1.021
2521.445 651.461 2579.160 693.899 -1.021
1792.543 521.578 1860.706 572.712 -1.022
496.487 343.459 567.402 394.114 -1.023
294.210 722.389 373.018 779.854 -1.023
1788.436 562.054 1958.439 681.123 -1.023
2415.658 1565.000 2491.602 1621.288 -1.023
732.491 1420.627 818.772 1484.600 -1.025
799.484 205.867 1099.041 431.289 -1.025
223.250 958.908 349.119 1046.428 -1.026
2433.239 1365.011 2497.530 1415.679 -1.026
351.878 951.348 438.359 1034.227 -1.027
2107.796 13.275 2187.067 69.154 -1.027
885.263 1721.751 1038.285 1839.238 -1.028
439.424 941.548 590.091 1067.924 -1.028
2350.131 1672.819 2415.223 1729.039 -1.029
2320.644 1587.013 2417.070 1652.005 -1.029
1823.261 328.132 1884.238 372.939 -1.029
2071.421 122.787 2144.273 173.988 -1.029
908.334 132.753 981.090 185.902 -1.030
100.021 954.999 185.901 1025.355 -1.030
499.967 62.396 577.543 115.712 -1.030
1016.296 361.664 1468.351 670.993 -1.031
1933.202 614.713 1998.015 660.184 -1.031
1671.868 517.887 1742.051 572.143 -1.032
218.575 621.657 290.462 679.110 -1.032
458.244 109.982 529.044 167.301 -1.032
2493.367 1632.459 2567.600 1672.848 -1.032
1990.828 623.566 2054.692 672.278 -1.032
788.800 1605.902 885.605 1685.273 -1.032
340.462 396.545 420.064 446.513 -1.032
6.522 1174.389 93.372 1240.824 -1.033
706.018 4.810 786.556 62.571 -1.033
1270.172 144.779 1345.803 199.669 -1.033
2199.972 1639.930 2542.086 1902.127 -1.034
1478.831 512.501 1550.717 563.035 -1.034
1571.325 554.515 1656.655 613.601 -1.036
1579.776 426.358 1676.662 490.277 -1.036
2319.252 1880.113 2439.546 1944.000 -1.037
1783.467 76.094 2286.523 411.052 -1.037
1812.982 656.117 1958.358 733.340 -1.038
1056.427 1248.366 1138.232 1313.694 -1.038
2021.937 612.866 2088.401 667.158 -1.038
1552.466 49.707 1996.137 398.384 -1.039
181.837 225.892 262.852 288.476 -1.039
1642.546 500.741 1751.039 577.487 -1.039
2245.290 617.240 2317.777 664.047 -1.039
1865.818 10.711 1972.358 80.601 -1.040
50.850 71.508 109.915 117.169 -1.040
563.927 148.643 1003.231 476.530 -1.040
11.636 1843.512 121.457 1936.038 -1.040
24.185 161.018 96.554 213.744 -1.040
949.414 1209.932 1030.981 1271.482 -1.041
308.918 1826.399 393.286 1892.974 -1.041
831.241 747.852 905.217 805.660 -1.041
849.527 93.101 969.550 175.705 -1.041
1105.105 109.617 1180.549 156.533 -1.041
258.008 174.280 393.730 270.591 -1.042
317.078 953.537 466.344 1067.440 -1.042
2165.095 12.471 2219.887 54.054 -1.042
2314.475 415.315 2389.022 475.263 -1.042
394.127 90.190 462.861 137.555 -1.042
377.603 1705.462 455.568 1776.699 -1.042
227.310 1866.877 323.023 1944.000 -1.043
206.868 1359.126 300.923 1432.101 -1.043
704.754 1714.324 791.007 1781.094 -1.044
957.591 1237.217 1043.785 1300.614 -1.044
1148.383 722.242 1219.381 772.453 -1.044
2329.678 282.126 2392.036 326.716 -1.045
197.653 83.760 267.830 134.736 -1.045
337.404 1133.718 457.903 1226.355 -1.045
1.000 715.743 535.868 1088.390 -1.045
767.194 1464.057 847.086 1521.153 -1.046
642.871 744.901 1250.096 1139.537 -1.046
1.000 505.147 95.948 584.928 -1.046
2489.417 1313.367 2592.000 1395.924 -1.047
1052.006 1771.597 1136.170 1843.735 -1.047
1307.667 358.941 1710.664 660.497 -1.047
401.035 288.159 467.211 336.839 -1.047
2534.676 1649.531 2592.000 1704.391 -1.047
2527.395 535.872 2592.000 600.411 -1.047
583.360 1186.345 646.748 1239.331 -1.048
405.263 668.716 486.799 726.184 -1.048
736.969 1361.570 807.417 1414.467 -1.048
2216.557 716.322 2293.381 771.134 -1.048
134.222 121.979 230.665 194.791 -1.049
9.474 1653.180 92.713 1720.321 -1.049
800.642 1409.280 866.772 1468.758 -1.049
5.556 1537.739 110.368 1615.987 -1.049
2338.257 586.922 2415.283 642.792 -1.049
542.517 84.969 643.488 155.138 -1.050
641.086 3.682 725.289 63.742 -1.050
1969.607 351.767 2239.765 544.905 -1.050
169.880 1405.309 325.419 1517.946 -1.050
2330.583 1522.769 2422.927 1590.113 -1.051
663.669 1542.295 747.222 1607.279 -1.051
85.242 494.453 149.974 542.143 -1.051
583.872 1322.699 669.781 1388.864 -1.051
211.798 1601.908 286.906 1661.919 -1.051
1964.261 1868.449 2036.531 1926.161 -1.051
166.849 1597.290 237.524 1653.587 -1.051
414.177 1425.456 505.613 1495.006 -1.052
135.908 1889.286 250.801 1944.000 -1.052
546.243 959.821 676.079 1051.870 -1.052
1809.939 471.846 1890.706 538.499 -1.052
709.161 485.771 793.004 554.015 -1.052
733.772 1755.745 818.215 1824.836 -1.052
12.683 626.184 98.252 689.191 -1.053
513.244 2.651 577.856 50.051 -1.054
412.476 1256.700 486.230 1310.330 -1.055
1773.175 499.522 1885.473 585.032 -1.055
816.190 1418.133 1400.487 1768.235 -1.055
2381.901 388.205 2464.351 448.351 -1.055
228.554 1210.011 298.200 1265.063 -1.055
169.262 57.182 229.593 103.990 -1.055
982.955 108.911 1041.380 153.944 -1.056
91.719 1854.655 171.352 1917.400 -1.056
650.610 1205.146 740.466 1278.502 -1.057
395.613 1360.880 494.231 1437.195 -1.057
190.649 1090.256 266.325 1147.375 -1.057
2043.066 665.387 2120.654 725.256 -1.058
2471.605 1115.277 2548.778 1175.516 -1.058
1977.550 521.145 2056.757 577.602 -1.058
1.000 89.302 59.797 133.887 -1.058
460.101 386.405 537.954 436.091 -1.059
616.356 1198.360 795.651 1322.708 -1.060
563.895 1397.649 640.325 1459.303 -1.060
15.587 332.212 90.761 385.974 -1.060
53.929 438.148 139.889 505.913 -1.060
1904.397 772.630 2018.181 851.977 -1.060
130.022 1467.660 1440.941 1944.000 -1.060
2538.383 126.408 2592.000 173.597 -1.061
2537.011 1233.428 2592.000 1284.187 -1.061
2503.896 1846.317 2575.544 1907.936 -1.061
2533.145 365.172 2592.000 406.769 -1.061
885.501 1344.466 964.260 1408.968 -1.062
146.116 216.323 209.797 261.852 -1.062
2270.356 140.985 2331.674 185.365 -1.062
757.006 1346.098 872.520 1432.890 -1.062
1430.588 339.217 1930.248 686.709 -1.063
63.046 207.151 431.960 468.503 -1.063
597.238 630.631 751.264 747.069 -1.063
1904.996 1864.168 2014.910 1944.000 -1.063
2509.331 1273.010 2585.847 1332.232 -1.063
566.526 1354.230 649.168 1420.645 -1.064
1522.130 9.508 1591.249 56.327 -1.064
1827.190 1904.803 1911.727 1944.000 -1.064
2468.670 1108.907 2582.085 1208.819 -1.064
311.189 58.879 375.945 108.671 -1.064
2184.097 610.089 2243.743 654.108 -1.065
919.643 52.803 989.485 99.346 -1.065
331.002 1393.772 434.367 1476.590 -1.065
1242.053 667.121 1313.024 719.824 -1.065
438.378 62.263 518.289 129.329 -1.065
975.472 1306.870 1052.871 1358.071 -1.065
527.679 1239.796 619.403 1310.720 -1.065
1129.194 80.464 1210.478 139.193 -1.066
1429.533 679.530 1504.965 738.556 -1.066
2258.191 372.068 2324.580 417.387 -1.066
2116.818 745.260 2193.087 800.480 -1.066
279.120 1128.778 459.841 1267.128 -1.066
1717.005 337.017 2246.208 690.462 -1.066
629.358 1380.627 705.936 1441.816 -1.067
109.215 1429.187 184.894 1489.616 -1.067
764.362 1397.567 854.604 1469.558 -1.068
153.480 520.165 229.499 582.968 -1.068
2498.246 715.006 2590.189 775.073 -1.068
933.395 1376.426 1027.341 1454.007 -1.068
58.246 1073.574 156.155 1154.061 -1.068
2485.174 1054.311 2562.152 1110.829 -1.068
872.707 1.000 962.850 60.140 -1.068
421.443 263.186 527.847 317.676 -1.069
2339.874 105.768 2408.083 154.086 -1.069
13.659 420.737 85.902 472.724 -1.069
722.450 596.998 804.730 650.874 -1.069
2434.369 1879.322 2565.666 1944.000 -1.069
455.902 1340.204 538.268 1404.467 -1.070
1210.132 714.968 1326.339 816.130 -1.070
517.436 1426.066 600.140 1491.022 -1.070
521.648 1328.593 597.933 1393.134 -1.070
2007.056 718.510 2074.246 765.878 -1.070
281.504 10.510 345.147 58.878 -1.070
397.534 89.159 1146.178 656.897 -1.070
1260.189 164.288 1356.891 234.496 -1.070
1009.067 1272.786 1105.908 1348.225 -1.071
913.704 1284.229 1019.803 1368.412 -1.071
758.920 43.983 873.283 122.242 -1.071
2051.201 12.014 2155.764 87.630 -1.071
504.633 1385.080 603.329 1461.583 -1.072
1298.866 23.811 1369.167 75.212 -1.072
488.033 22.940 572.805 83.956 -1.073
2287.111 1393.786 2397.394 1473.503 -1.073
570.845 1225.196 654.615 1285.748 -1.073
2430.022 1186.662 2505.215 1251.499 -1.073
1910.460 14.418 2508.944 437.216 -1.073
2445.807 1266.096 2514.727 1319.685 -1.073
1116.663 1.000 1213.924 37.302 -1.073
346.683 666.050 426.221 727.126 -1.073
13.040 1686.724 132.406 1786.772 -1.073
322.905 938.474 1272.234 1599.363 -1.074
1893.175 298.618 2586.516 771.138 -1.074
347.688 35.615 436.699 96.201 -1.074
73.892 1787.573 175.703 1862.365 -1.075
326.510 122.356 390.330 168.320 -1.077
1813.614 1.174 1895.535 58.522 -1.077
1018.835 47.587 1091.235 97.824 -1.077
2514.549 1538.997 2580.505 1593.833 -1.077
46.979 2.513 143.514 76.723 -1.077
1046.061 634.677 1206.038 749.192 -1.077
2472.060 845.049 2589.048 934.051 -1.077
78.783 1398.208 186.267 1479.923 -1.078
1737.096 1917.129 1823.538 1944.000 -1.078
2.025 1489.689 94.278 1572.924 -1.078
258.254 212.173 2178.289 1572.509 -1.078
1559.828 1829.843 1649.667 1901.405 -1.079
2471.476 239.634 2558.390 295.038 -1.079
214.828 1303.803 285.300 1358.810 -1.080
112.925 445.247 182.400 503.799 -1.080
2425.037 1304.762 2500.952 1363.545 -1.080
2416.021 782.456 2534.253 865.195 -1.080
2342.525 777.895 2406.953 819.617 -1.080
1.447 33.362 81.324 94.333 -1.081
8.121 1396.027 84.302 1455.293 -1.082
2439.890 1467.767 2501.934 1521.704 -1.082
306.448 91.547 386.235 146.793 -1.083
1309.846 29.445 1394.976 95.422 -1.083
2360.685 1224.863 2475.150 1313.166 -1.083
1500.020 1866.488 1583.523 1940.227 -1.084
2375.464 1386.078 2446.303 1443.151 -1.085
140.326 498.470 261.227 587.137 -1.086
13.546 1443.235 86.072 1501.301 -1.086
1559.236 1.000 1643.003 38.078 -1.086
182.814 1.000 253.736 44.180 -1.087
1.474 1071.286 155.419 1182.493 -1.088
2545.273 1896.411 2592.000 1944.000 -1.088
282.618 78.319 356.935 125.067 -1.088
1.000 223.462 50.649 272.643 -1.088
913.677 29.808 1013.784 104.362 -1.089
18.965 480.335 87.553 528.566 -1.089
2531.812 1699.580 2592.000 1750.702 -1.089
2437.743 1530.874 2496.030 1582.004 -1.089
572.525 28.919 641.639 77.716 -1.089
8.180 382.986 109.251 456.218 -1.090
788.580 1.000 849.049 29.468 -1.090
238.334 126.668 468.958 277.784 -1.090
2522.152 1775.579 2592.000 1833.709 -1.091
2401.472 1482.414 2474.174 1543.460 -1.091
1425.662 1863.911 1507.693 1937.426 -1.091
2329.028 1346.653 2392.701 1397.206 -1.092
11.009 683.896 92.061 741.051 -1.092
1.761 445.190 78.709 508.036 -1.092
2335.629 1312.727 2421.944 1379.690 -1.092
1597.126 1900.564 1700.826 1944.000 -1.092
984.907 34.208 1056.136 90.412 -1.092
1768.426 1896.467 1853.174 1944.000 -1.093
197.720 580.642 272.694 632.595 -1.094
2466.343 1375.815 2565.075 1453.265 -1.094
2328.618 762.788 2592.000 955.508 -1.094
2376.437 1566.429 2461.751 1634.755 -1.095
61.071 1309.203 171.029 1391.333 -1.095
2492.951 1519.159 2564.210 1579.459 -1.095
7.970 1301.496 175.810 1421.844 -1.096
1685.382 1872.794 1770.826 1944.000 -1.097
2451.418 1468.269 2575.631 1564.611 -1.098
4.314 556.527 110.479 637.284 -1.098
1748.145 12.734 1807.154 56.226 -1.099
2392.765 1291.434 2458.390 1342.507 -1.100
2523.929 1722.835 2592.000 1798.058 -1.100
2382.419 1353.393 2462.990 1418.512 -1.100
12.486 291.888 88.184 349.068 -1.100
2522.575 1601.230 2592.000 1658.824 -1.100
1225.389 38.695 1312.073 103.632 -1.101
166.534 171.104 276.778 241.339 -1.101
1520.404 1839.879 1595.456 1901.070 -1.101
13.660 126.598 120.779 205.168 -1.101
2343.777 1365.857 2411.671 1423.860 -1.101
166.104 26.155 266.995 90.175 -1.101
2474.192 1553.510 2544.082 1613.930 -1.102
2471.194 1229.458 2537.892 1281.594 -1.102
2559.751 213.116 2592.000 258.268 -1.102
1.000 1107.510 161.109 1263.913 -1.102
2304.852 1460.003 2385.135 1519.680 -1.103
2527.321 977.028 2592.000 1024.813 -1.103
588.286 1.788 677.287 66.219 -1.103
1003.187 6.721 1069.667 55.537 -1.104
2544.003 1169.711 2592.000 1242.763 -1.104
1200.792 133.654 1284.624 190.033 -1.104
2432.336 1083.641 2530.104 1170.793 -1.104
1.000 1793.385 110.583 1883.661 -1.104
1557.023 1874.241 1645.710 1944.000 -1.104
1077.589 56.152 1144.666 102.576 -1.104
1445.375 1817.860 1526.377 1883.309 -1.104
136.371 605.611 202.459 653.818 -1.105
2466.262 1593.417 2532.712 1647.755 -1.105
1036.921 7.981 1124.463 65.008 -1.105
2416.332 1409.941 2492.730 1466.136 -1.105
1190.925 181.013 1265.909 229.365 -1.105
1746.573 1874.057 1932.401 1944.000 -1.106
188.570 570.004 289.111 650.049 -1.106
1375.452 1748.632 1630.671 1943.632 -1.107
1473.478 17.301 1540.085 65.500 -1.107
2472.270 83.766 2579.200 153.212 -1.108
74.904 104.398 142.541 148.352 -1.108
91.924 494.632 186.501 561.727 -1.109
2482.111 1535.511 2589.952 1616.497 -1.109
2472.659 938.660 2564.114 1011.841 -1.109
837.761 24.268 912.097 86.818 -1.110
1792.452 731.572 2592.000 1339.945 -1.110
2502.449 1652.932 2592.000 1728.280 -1.110
1151.882 10.048 1224.933 62.294 -1.110
779.645 1.000 882.088 39.038 -1.110
2562.379 1469.460 2592.000 1526.864 -1.111
2278.077 1862.019 2490.347 1944.000 -1.111
1488.043 10.088 1579.668 74.279 -1.111
102.667 167.381 171.703 216.506 -1.113
911.234 1.000 1019.450 50.123 -1.113
410.539 18.900 490.150 82.777 -1.113
221.611 1240.281 291.925 1295.775 -1.113
2439.173 1591.850 2577.708 1659.918 -1.114
1323.037 1.000 1422.556 46.586 -1.114
1254.814 134.627 1389.302 241.059 -1.115
1199.089 1.000 2321.650 407.213 -1.115
8.045 1.000 717.961 455.779 -1.115
3.976 1354.529 228.157 1521.127 -1.115
935.209 13.423 1241.145 230.617 -1.117
179.771 442.119 296.551 527.907 -1.117
2151.747 1373.849 2592.000 1714.563 -1.118
81.502 547.822 200.597 637.368 -1.120
163.303 612.601 235.444 666.418 -1.120
92.283 669.219 213.368 759.913 -1.121
2524.938 1807.719 2592.000 1885.811 -1.122
2526.461 1.000 2587.153 43.313 -1.123
2473.612 75.003 2592.000 240.438 -1.123
139.708 1088.818 209.102 1141.864 -1.123
62.213 1478.186 169.481 1570.607 -1.123
47.377 1898.232 179.888 1944.000 -1.124
1612.507 1874.346 1746.704 1944.000 -1.124
2479.922 28.339 2579.400 97.205 -1.125
7.058 607.587 277.127 789.894 -1.127
1989.841 1522.185 2589.199 1944.000 -1.128
681.781 47.087 761.737 108.055 -1.129
51.884 1649.828 139.025 1719.172 -1.131
13.601 1129.624 315.719 1379.470 -1.135
169.482 1061.119 251.513 1119.217 -1.135
682.680 28.340 795.842 120.405 -1.136
46.087 1615.070 122.236 1678.865 -1.137
1.000 1013.353 1076.343 1944.000 -1.138
1540.138 1.000 2592.000 694.271 -1.140
2432.253 1315.155 2548.384 1400.060 -1.140
101.624 461.935 196.440 527.321 -1.141
1741.121 1816.741 2084.133 1944.000 -1.143
1792.153 199.063 2592.000 1256.027 -1.150
2229.826 1017.083 2592.000 1684.207 -1.152
13.023 401.707 476.601 755.725 -1.154
843.152 35.609 939.040 112.845 -1.161
1132.029 1743.113 2002.630 1944.000 -1.164
789.180 8.552 898.726 83.855 -1.172
1.000 1005.939 2592.000 1944.000 -1.177
660.806 1.000 816.175 62.783 -1.179
778.430 8.393 1020.674 159.364 -1.179
722.619 1.000 1432.020 420.976 -1.183
