1581.877 1.000 1661.646 2.596 0.678
1283.571 1.000 1350.404 1.042 0.676
2384.391 1.000 2411.881 -17.444 0.675
309.505 1.000 416.588 9.166 0.667
1618.360 1.000 1705.008 3.411 0.661
1902.546 1.000 1976.252 -5.761 0.659
1213.912 1.000 1461.702 24.655 0.658
261.920 1.000 441.364 26.328 0.654
1660.106 1.000 1710.045 -10.059 0.649
2184.038 1.000 2323.438 5.633 0.647
175.646 1.000 293.044 15.418 0.647
2400.931 1.000 2506.941 -3.172 0.646
2381.685 1.000 2402.618 -9.125 0.645
897.183 1.000 1033.432 10.556 0.645
662.194 1.000 870.991 15.561 0.644
1388.645 1.000 1556.355 9.534 0.643
2324.383 1.000 2354.608 -10.565 0.643
36.629 1.000 216.297 14.840 0.641
1564.595 1.000 1700.787 -6.700 0.637
2094.744 1.000 2160.304 -5.248 0.636
1072.775 1.000 1203.614 10.665 0.633
165.449 1.000 580.452 48.995 0.631
1204.858 1.000 1306.057 -5.070 0.631
2191.885 1.000 2258.619 -6.597 0.630
783.561 1.000 956.752 22.245 0.629
1992.932 1.000 2079.030 4.340 0.628
1977.694 1.000 2027.504 -2.729 0.625
1582.507 1.000 1671.503 7.377 0.625
2335.374 1.000 2371.149 -12.547 0.623
2297.599 1.000 2337.744 -13.540 0.623
2284.938 1.000 2347.554 -11.585 0.622
1717.335 1.000 1885.704 -3.255 0.621
2300.037 1.000 2336.865 -10.666 0.621
1.000 1.000 249.796 34.256 0.618
1709.037 1.000 1873.315 15.093 0.618
1929.114 1.000 2023.717 -0.569 0.618
1858.060 1.000 1921.556 -0.512 0.617
2003.118 1.000 2058.402 -4.624 0.616
2175.523 1.000 2311.498 14.122 0.616
1588.506 1.000 1652.221 -4.869 0.616
2373.388 1.000 2393.641 -17.115 0.614
2099.858 1.000 2174.808 -4.760 0.612
1891.827 1.000 1950.986 -4.257 0.609
1430.318 1.000 1692.928 22.041 0.609
969.561 1.000 1251.102 32.453 0.609
2109.940 1.000 2150.370 -9.049 0.609
1132.690 1.000 1495.149 42.447 0.608
2177.238 1.000 2254.692 -2.356 0.607
1832.738 1.000 1926.803 0.324 0.606
569.904 1.000 710.840 13.753 0.606
2186.832 1.000 2270.012 -4.422 0.604
1951.299 1.000 2012.838 -4.112 0.604
1974.497 1.000 2009.530 -5.814 0.604
2103.723 1.000 2240.045 2.040 0.600
1579.735 1.000 1634.854 -0.124 0.600
2219.356 1.000 2283.980 -4.341 0.600
1432.326 1.000 1512.576 -1.640 0.599
1839.259 1.000 1921.658 -1.151 0.599
552.358 1.000 788.321 25.239 0.599
1646.070 1.000 1727.167 -4.740 0.599
1638.635 1.000 1967.906 28.350 0.598
699.126 1.000 993.674 35.475 0.598
1933.463 1.000 1973.833 -12.177 0.596
1622.210 1.000 1694.728 -2.186 0.596
1917.920 1.000 1970.002 -4.148 0.596
1603.916 1.000 1675.189 -5.972 0.595
2184.676 1.000 2282.428 -0.155 0.594
1213.181 1.000 1799.128 62.682 0.594
2112.059 1.000 2213.805 -9.596 0.594
2244.613 1.000 2278.969 -8.535 0.594
326.017 1.000 744.188 64.555 0.594
1738.736 1.000 1793.467 -1.862 0.594
1233.410 1.000 1396.961 -2.042 0.594
2203.730 1.000 2244.294 -9.535 0.593
2249.618 1.000 2360.553 -1.262 0.592
1496.694 1.000 1562.835 -5.510 0.592
943.448 1.000 1669.779 92.119 0.592
1982.285 1.000 2023.047 -6.070 0.591
2202.118 1.000 2251.443 -7.195 0.590
2218.895 1.000 2327.224 -0.452 0.590
784.407 1.000 882.087 -1.184 0.589
1884.635 1.000 1981.327 -1.365 0.588
2181.595 1.000 2324.074 -8.275 0.588
2298.176 1.000 2391.523 -1.488 0.588
1972.339 1.000 2046.547 -1.440 0.588
1687.268 1.000 2106.674 38.558 0.588
350.216 1.000 1280.165 139.910 0.587
2453.549 1.000 2500.543 -10.218 0.587
1994.260 1.000 2070.447 -1.853 0.586
1569.422 1.000 1684.967 -0.511 0.585
1904.992 1.000 1973.080 -4.399 0.583
2122.090 1.000 2182.281 -10.566 0.583
2318.690 1.000 2364.220 -9.781 0.583
1997.070 1.000 2034.365 -11.613 0.583
2194.010 1.000 2237.369 -2.806 0.583
2227.644 1.000 2281.500 -5.828 0.582
1612.769 1.000 1714.464 -2.156 0.582
1710.743 1.000 1756.455 -5.794 0.582
1829.911 1.000 1876.155 -6.684 0.582
2442.384 1.000 2491.245 -10.000 0.581
2115.343 1.000 2222.570 -0.613 0.581
2216.725 1.000 2273.279 -4.161 0.581
1965.616 1.000 2013.718 -3.825 0.580
1922.873 1.000 1978.748 -3.873 0.580
2157.292 1.000 2210.669 -11.447 0.580
1.000 1.000 1377.768 207.309 0.579
642.147 1.000 753.807 -0.177 0.579
2190.186 1.000 2230.584 -1.434 0.577
2073.085 1.000 2106.550 -7.751 0.577
1653.270 1.000 1717.622 -3.751 0.577
2427.296 1.000 2463.826 -3.203 0.577
1507.702 1.000 1587.320 -2.726 0.577
1739.484 1.000 1794.476 -1.511 0.576
1535.647 1783.694 2592.000 1944.000 0.576
2253.632 1.000 2342.651 -6.495 0.575
2242.646 1.000 2277.946 -3.633 0.575
2309.747 1.000 2365.727 -8.493 0.575
2442.025 1.000 2480.373 -12.569 0.574
2117.740 1.000 2155.576 -14.313 0.574
2215.758 1.000 2259.217 -8.157 0.574
1643.300 1.000 1713.756 -4.147 0.574
2315.552 1.000 2515.349 9.035 0.574
2436.473 1.000 2468.007 -12.268 0.574
1666.768 1.000 1723.544 -1.750 0.573
1224.718 1.000 1307.744 -0.729 0.573
2099.150 1.000 2244.783 7.428 0.572
2104.457 1.000 2142.897 -6.517 0.572
1459.866 1.000 1531.573 -6.110 0.571
1642.085 1.000 1706.175 -9.294 0.570
2298.754 1.000 2360.003 -12.715 0.569
1999.184 1.000 2064.543 -3.290 0.569
2085.708 1.000 2239.192 -4.846 0.569
2411.341 1.000 2463.899 -3.565 0.568
2263.333 1.000 2329.279 -6.131 0.568
2320.028 1.000 2360.111 -9.150 0.568
2208.456 1.000 2296.698 -1.126 0.568
2420.924 1.000 2475.446 -6.281 0.567
1849.607 1.000 1937.076 -8.358 0.567
1724.655 1.000 1792.122 -3.977 0.567
1750.488 1.000 1835.343 -0.697 0.567
1592.508 1.000 1652.913 -0.145 0.566
1911.321 1.000 1969.972 -2.271 0.566
2407.691 1.000 2475.828 -10.308 0.566
1438.660 1.000 1490.427 -0.006 0.565
2419.729 1.000 2480.684 -5.503 0.565
2073.281 1.000 2123.565 -8.736 0.564
2110.499 1.000 2172.237 -6.103 0.564
1537.603 1.000 1604.013 -1.713 0.564
2408.032 1.000 2455.852 -15.269 0.564
1638.547 1.000 1685.550 -10.421 0.564
2366.660 1.000 2405.812 -6.289 0.564
2373.860 1.000 2415.447 -17.879 0.564
2287.371 1.000 2315.866 -12.056 0.563
1372.936 1.000 1437.947 -0.225 0.563
1648.811 1.000 1700.382 -2.987 0.562
2235.551 1.000 2320.315 -1.383 0.562
1447.310 1.000 1530.103 -2.659 0.562
1754.169 1.000 1817.233 -4.442 0.562
2441.690 1.000 2504.771 -4.545 0.562
1950.206 1.000 2020.135 -4.271 0.562
2003.883 1.000 2038.867 -3.378 0.562
1559.133 1.000 1667.887 -8.200 0.561
1327.948 1.000 1392.491 -6.202 0.561
1669.113 1.000 1731.500 -2.631 0.561
1680.841 1.000 1756.707 -8.531 0.561
2383.088 1.000 2505.395 -8.278 0.561
1467.101 1.000 1532.067 -3.808 0.561
2291.047 1.000 2339.917 -6.788 0.560
2363.117 1.000 2404.648 -18.489 0.560
1868.495 1.000 1962.658 -2.126 0.560
2046.182 1.000 2098.836 -9.538 0.560
2416.041 1.000 2478.723 -8.473 0.560
1882.483 1.000 1965.867 -2.207 0.560
2170.748 1.000 2354.348 -5.408 0.559
2204.381 1.000 2285.281 -9.770 0.559
1850.485 1.000 1882.500 -5.457 0.559
1346.758 1.000 1430.471 -4.009 0.559
1251.923 1.000 1328.285 -1.793 0.558
1904.754 1.000 1947.907 -4.005 0.558
1843.062 1.000 1898.658 -4.208 0.558
2212.033 1.000 2245.167 -11.214 0.558
1753.680 1.000 1817.087 -3.805 0.558
1454.039 1.000 1536.251 -5.092 0.558
1978.934 1.000 2053.094 -2.698 0.558
162.141 1887.305 915.796 1944.000 0.558
1366.487 1.000 1461.595 -0.251 0.557
1643.397 1.000 1767.085 -0.749 0.557
2292.207 1.000 2350.998 -3.374 0.557
1821.121 1.000 1902.031 -8.191 0.557
1756.813 1.000 1810.944 -4.902 0.557
2383.015 1.000 2521.584 -12.626 0.556
1906.678 1.000 2036.155 -1.949 0.556
2179.653 1.000 2221.152 -9.253 0.556
2390.522 1.000 2496.001 -11.523 0.556
2061.350 1.000 2402.689 24.964 0.556
1836.267 1.000 1902.100 -7.677 0.555
2249.867 1.000 2299.621 -6.863 0.555
2191.326 1.000 2247.782 -4.147 0.555
2229.181 1.000 2312.630 -2.321 0.555
2284.665 1.000 2363.505 -10.120 0.555
1970.801 1.000 2026.502 -0.386 0.555
2181.239 1.000 2243.396 -5.729 0.554
994.323 1.000 1095.130 -1.320 0.554
1491.008 1.000 1607.099 -3.544 0.554
1626.105 1.000 1690.160 -2.126 0.554
2430.388 1.000 2506.031 -4.684 0.554
2418.912 1.000 2441.601 -14.631 0.553
567.290 1883.110 1252.862 1944.000 0.553
2415.484 1.000 2457.244 -9.747 0.553
2257.957 1.000 2304.732 -10.239 0.553
1948.729 1.000 2023.404 -1.703 0.552
2252.969 1.000 2309.493 -11.732 0.552
2123.437 1.000 2174.198 -17.511 0.552
1716.574 1.000 1785.466 -2.711 0.552
2342.103 1.000 2389.315 -10.100 0.551
1870.412 1.000 1916.551 -3.663 0.551
1417.339 1.000 1495.027 -0.915 0.551
1467.127 1.000 1538.569 -1.012 0.551
1839.564 1.000 1919.082 -5.610 0.551
1610.014 1.000 1764.099 -2.414 0.550
1630.143 1.000 1684.601 -2.185 0.550
2061.740 1.000 2111.480 -5.069 0.550
2385.077 1.000 2460.938 -6.737 0.550
1937.410 1.000 1999.439 -3.257 0.550
1802.352 1.000 1868.922 -0.750 0.550
1235.595 1.000 1319.698 -0.020 0.550
1207.042 1.000 1295.521 -0.792 0.549
2254.354 1.000 2299.344 -11.106 0.549
2395.558 1.000 2435.311 -15.158 0.549
2334.587 1.000 2398.470 -0.617 0.549
1899.001 1.000 1944.160 -8.652 0.548
1839.184 1.000 1939.312 -9.418 0.548
2448.535 1.000 2465.135 -12.033 0.548
2296.532 1.000 2371.327 -6.467 0.548
1647.562 1.000 1704.216 -3.576 0.548
1884.352 1.000 1954.499 -1.009 0.547
1624.381 1.000 1733.702 -8.750 0.547
1639.430 1.000 1750.367 -1.881 0.547
2032.546 1.000 2199.822 -1.925 0.547
2185.756 1.000 2274.879 -0.859 0.546
1823.917 1.000 1949.187 -2.178 0.546
1462.826 1.000 1571.402 -1.061 0.546
2323.351 1.000 2365.345 -10.451 0.545
1375.971 1.000 1507.544 -0.346 0.545
1952.114 1.000 2000.849 -0.977 0.545
1618.450 1.000 1724.008 -0.993 0.545
1798.282 1.000 1903.983 -3.958 0.545
1804.345 1.000 1935.028 -0.915 0.544
1.000 1714.086 2592.000 1944.000 0.544
2306.755 1.000 2372.401 -8.534 0.544
2017.354 1.000 2480.657 40.583 0.544
1825.644 1.000 2389.329 65.509 0.544
2123.269 1.000 2247.131 -4.563 0.544
1745.523 1.000 1819.102 -5.054 0.543
2456.316 1.000 2496.506 -11.397 0.543
2338.172 1.000 2369.618 -7.076 0.543
2261.051 1.000 2313.285 -12.572 0.543
1730.210 1.000 1790.596 -2.006 0.543
1306.875 1.000 1369.499 -5.477 0.543
1770.691 1.000 1883.530 -6.377 0.543
1471.690 1.000 1575.988 -0.318 0.542
2374.490 1.000 2400.170 -8.416 0.542
2274.711 1.000 2317.556 -10.972 0.541
2337.211 1.000 2392.713 -13.803 0.541
893.996 1.000 999.459 -2.098 0.541
1202.612 1.000 1295.627 -1.004 0.541
1175.475 1.000 1235.651 -5.164 0.540
1881.089 1.000 1970.556 -8.529 0.540
2319.096 1.000 2405.491 -12.111 0.540
1602.294 1.000 1667.230 -1.380 0.539
1959.604 1.000 2042.693 -0.900 0.539
1575.220 1.000 1668.241 -3.865 0.539
1565.640 1.000 1703.650 -6.667 0.539
2322.828 1.000 2414.695 -3.676 0.539
2411.687 1.000 2498.581 -5.605 0.538
829.648 1.000 958.193 -4.274 0.538
2346.748 1.000 2507.394 -2.614 0.537
1530.186 1.000 1594.409 -11.494 0.536
1479.829 1.000 1583.640 -2.451 0.536
1979.394 1.000 2079.281 -5.795 0.536
1066.573 1.000 1173.137 -3.446 0.536
2342.829 1.000 2414.830 -12.170 0.536
1733.603 1.000 1783.584 -5.553 0.536
1328.684 1.000 1417.384 -4.693 0.535
2366.760 1.000 2397.226 -12.064 0.534
1208.541 1.000 1352.130 -4.090 0.534
1834.320 1.000 1926.308 -6.043 0.534
1113.101 1.000 1202.306 -1.379 0.534
1768.993 1.000 1830.898 -1.740 0.533
1881.941 1.000 1941.062 -5.268 0.533
2420.145 1.000 2508.236 -4.818 0.532
2119.484 1.000 2148.851 -8.170 0.532
1875.577 1.000 1955.375 -2.833 0.531
2419.487 1.000 2461.592 -5.254 0.531
2231.195 1.000 2298.545 -3.635 0.531
1.000 1450.642 2592.000 1944.000 0.530
2150.638 1.000 2247.660 -2.540 0.530
1847.979 1.000 1919.828 -16.997 0.530
1894.892 1.000 1966.967 -3.621 0.530
1360.320 1.000 1476.243 -0.446 0.530
2052.042 1.000 2128.084 -0.545 0.530
704.151 1.000 804.944 -0.242 0.530
2404.370 1.000 2437.150 -11.891 0.530
2238.799 1.000 2282.348 -18.388 0.530
2181.615 1.000 2268.225 -7.399 0.529
2395.095 1.000 2433.270 -12.386 0.529
2321.496 1.000 2390.858 -10.197 0.529
1821.639 1.000 1903.823 -8.103 0.529
1528.459 1.000 1670.854 -2.497 0.529
2321.256 1.000 2381.272 -13.266 0.528
1524.786 1.000 1592.011 -3.028 0.528
2022.357 1.000 2205.849 -2.641 0.528
2216.102 1.000 2272.392 -13.561 0.528
1984.239 1.000 2019.886 -13.822 0.527
2183.855 1.000 2223.169 -14.430 0.527
1343.001 1.000 1467.267 -0.650 0.527
2350.422 1.000 2426.358 -4.844 0.526
1871.662 1.000 1962.941 -1.478 0.526
2351.863 1.000 2384.827 -10.136 0.526
1825.732 1.000 1893.881 -5.054 0.526
2080.149 1.000 2138.062 -6.358 0.525
1557.192 1.000 1653.741 -4.867 0.525
2248.069 1.000 2317.269 -6.500 0.525
1488.697 1.000 1575.341 -0.107 0.525
2044.878 1.000 2073.220 -4.783 0.525
1765.825 1.000 1842.908 -2.106 0.524
982.458 1.000 1066.522 -2.599 0.524
2083.629 1.000 2112.912 -8.489 0.523
1194.306 1.000 2592.000 154.594 0.523
1880.005 1.000 1942.556 -4.630 0.523
2389.860 1.000 2502.275 -5.848 0.523
2435.579 1.000 2512.181 -11.551 0.523
1492.931 1.000 1570.500 -0.085 0.523
2272.932 1.000 2311.978 -13.908 0.522
1681.732 1.000 1799.976 -5.481 0.522
1119.004 1.000 1198.762 -2.167 0.522
1971.472 1.000 2022.085 -5.715 0.521
1525.234 1.000 1609.520 -4.193 0.521
1282.862 1.000 1382.044 -2.291 0.521
2180.747 1.000 2245.368 -4.347 0.521
1828.106 1.000 1932.423 -4.927 0.521
1875.895 1.000 2019.936 -8.016 0.520
1550.626 1.000 1617.697 -5.427 0.520
2122.180 1.000 2281.360 -8.530 0.520
2400.276 1.000 2433.595 -6.289 0.520
1861.048 1.000 1911.944 -5.544 0.520
1133.294 1.000 1216.556 -0.526 0.520
2147.533 1.000 2182.351 -13.641 0.520
1958.798 1.000 2002.528 -5.136 0.519
2218.145 1.000 2246.589 -10.765 0.519
2160.082 1.000 2225.221 -6.069 0.519
2243.243 1.000 2289.155 -4.890 0.518
2407.980 1.000 2496.544 -4.676 0.518
2319.598 1.000 2397.451 -10.011 0.518
1976.178 1.000 2044.330 -11.967 0.518
2415.177 1.000 2462.729 -1.878 0.518
2307.864 1.000 2407.022 -2.428 0.518
1468.646 1.000 1529.336 -0.038 0.518
2363.479 1.000 2403.917 -10.922 0.517
1766.498 1.000 1874.417 -0.775 0.517
1845.583 1.000 1950.662 -4.223 0.517
2280.626 1.000 2336.077 -12.057 0.517
2189.211 1.000 2229.567 -18.309 0.517
1264.857 1.000 1326.229 -1.380 0.517
1648.851 1.000 1744.369 -2.312 0.517
2251.708 1.000 2353.395 -3.035 0.517
1630.234 1.000 1687.748 -0.185 0.517
2385.515 1.000 2441.195 -9.527 0.516
2121.661 1.000 2169.882 -5.881 0.516
1.000 1.000 2592.000 235.394 0.516
1973.598 1.000 2028.082 -8.535 0.515
1763.926 1.000 1898.870 -3.487 0.515
2066.307 1.000 2098.981 -12.828 0.515
1157.915 1.000 1233.509 -1.858 0.515
1514.318 1.000 1625.401 -0.568 0.515
2286.114 1.000 2367.253 -9.631 0.514
2041.845 1.000 2137.169 -6.606 0.514
1780.227 1.000 1856.899 -7.620 0.514
2086.743 1.000 2133.653 -8.753 0.514
1916.353 1.000 1976.979 -2.340 0.514
1948.662 1.000 2100.599 -0.014 0.514
2086.305 1.000 2144.664 -8.187 0.514
1583.069 1.000 1641.851 -4.618 0.513
2296.197 1.000 2332.264 -14.578 0.513
2301.059 1.000 2553.992 -5.978 0.513
969.292 1.000 1060.617 -0.171 0.513
2144.861 1.000 2194.083 -11.374 0.512
2363.128 1.000 2547.323 -1.944 0.512
2291.059 1.000 2366.379 -12.731 0.512
1699.870 1.000 1762.282 -3.745 0.512
2066.027 1.000 2109.042 -13.288 0.512
2126.604 1.000 2209.055 -1.928 0.512
1387.634 1.000 1456.089 -0.567 0.512
2446.684 1.000 2470.494 -7.065 0.512
2058.527 1.000 2128.785 -4.527 0.512
2502.563 1.000 2567.133 -11.716 0.511
1738.865 1.000 1825.696 -11.515 0.511
1885.673 1.000 1958.106 -3.513 0.511
1797.696 1.000 1845.619 -3.902 0.511
1710.511 1.000 1789.740 -1.456 0.511
2247.731 1.000 2361.803 -6.583 0.510
1898.795 1.000 1942.478 -3.624 0.510
2232.514 1.000 2308.943 -5.769 0.510
1682.168 1.000 1752.394 -2.307 0.510
2189.724 1.000 2253.713 -6.417 0.509
1560.797 1.000 1661.491 -1.806 0.509
1367.682 1.000 1439.530 -11.051 0.509
2351.195 1.000 2383.302 -10.789 0.508
2403.797 1.000 2433.546 -10.731 0.508
2231.348 1.000 2269.382 -9.902 0.508
2509.687 1.000 2525.698 -8.650 0.508
955.101 1.000 1027.359 -1.177 0.508
1909.300 1.000 1957.515 -6.693 0.508
2444.686 1.000 2482.366 -7.634 0.508
1660.473 1.000 1730.783 -12.088 0.508
2292.311 1.000 2418.511 -14.681 0.508
2395.874 1.000 2471.701 -1.001 0.507
1765.506 1.000 1850.767 -0.285 0.507
2399.368 1.000 2445.013 -13.379 0.507
2257.295 1.000 2354.306 -2.972 0.507
1187.720 1.000 1318.044 -3.681 0.507
2431.536 1.000 2515.234 -11.281 0.506
1877.644 1.000 1936.837 -7.559 0.506
1395.929 1.000 1458.403 -0.277 0.506
2253.133 1.000 2286.746 -9.512 0.506
2277.689 1.000 2335.981 -12.715 0.505
2228.797 1.000 2404.279 -5.066 0.505
2351.301 1.000 2392.513 -13.798 0.505
1639.915 1.000 1747.604 -1.052 0.505
2165.652 1.000 2249.654 -4.173 0.505
2393.574 1.000 2505.776 -0.308 0.504
2292.731 1.000 2371.802 -5.665 0.504
1822.857 1.000 1871.448 -4.416 0.504
1749.486 1.000 2004.753 -2.180 0.504
2236.652 1.000 2269.082 -3.314 0.504
2456.309 1.000 2486.193 -7.747 0.504
1659.316 1.000 1715.419 -6.056 0.503
1513.092 1.000 1574.020 -2.244 0.503
2318.118 1.000 2412.769 -3.686 0.503
2271.565 1.000 2323.504 -12.943 0.503
2412.112 1.000 2507.142 -1.603 0.502
2197.087 1.000 2286.306 -9.532 0.502
2265.709 1.000 2338.614 -1.218 0.502
2289.657 1.000 2386.804 -9.883 0.502
1992.492 1.000 2104.806 -0.712 0.502
2352.288 1.000 2398.406 -4.058 0.501
2194.563 1.000 2283.940 -0.217 0.501
1528.511 1.000 1603.159 -9.907 0.501
1578.019 1.000 1646.417 -3.246 0.501
1777.604 1.000 1837.620 -3.951 0.500
2260.640 1.000 2356.970 -2.110 0.499
2406.884 1.000 2443.837 -12.647 0.499
2515.179 1.000 2525.192 -19.453 0.499
1035.271 1.000 1109.710 -0.955 0.498
2426.204 1.000 2542.968 -12.862 0.498
2307.432 1.000 2362.174 -6.456 0.498
1826.558 1.000 1893.450 -1.334 0.498
2206.308 1.000 2309.757 -2.502 0.498
1684.825 1.000 1777.699 -3.977 0.498
1854.828 1.000 1950.650 -7.351 0.498
2447.185 1.000 2488.172 -10.351 0.497
1562.267 1.000 1636.508 -6.788 0.497
1791.176 1.000 1870.636 -8.260 0.497
2075.981 1.000 2161.516 -4.097 0.497
2366.590 1.000 2539.043 -0.101 0.497
2105.436 1.000 2186.795 -4.277 0.497
1535.419 1.000 1610.228 -1.755 0.496
1676.265 1.000 1742.676 -2.896 0.496
2418.067 1.000 2504.896 -12.260 0.496
2298.997 1.000 2583.403 -2.230 0.496
1555.842 1.000 1626.925 -1.482 0.495
1.000 1.000 2592.000 802.301 0.495
2286.164 1.000 2335.419 -9.534 0.495
2194.068 1.000 2223.446 -10.482 0.495
2153.540 1.000 2224.905 -15.648 0.494
1876.454 1.000 1949.244 -3.405 0.493
1958.489 1.000 2063.654 -3.712 0.493
1984.764 1.000 2111.810 -4.656 0.493
1792.440 1.000 1854.591 -0.518 0.493
1171.625 1.000 1292.585 -3.495 0.493
2234.531 1.000 2291.771 -11.515 0.493
2308.293 1.000 2367.681 -7.809 0.492
2046.723 1.000 2102.790 -5.417 0.492
2304.796 1.000 2409.167 -2.789 0.492
1842.395 1.000 1898.316 -5.506 0.492
1165.818 1.000 1240.406 -2.107 0.492
2126.802 1.000 2184.096 -5.651 0.492
1298.533 1.000 1377.302 -6.128 0.492
1809.483 1.000 1894.742 -3.523 0.491
1969.241 1.000 2025.397 -5.166 0.491
1545.035 1.000 1666.179 -2.872 0.491
2468.458 1.000 2519.116 -14.042 0.491
1770.404 1.000 1822.713 -2.675 0.490
1250.671 1.000 1368.563 -4.423 0.490
1570.974 1.000 1637.350 -3.324 0.490
1767.938 1.000 1821.371 -3.020 0.489
2510.785 1.000 2537.751 -18.045 0.489
2068.220 1.000 2145.655 -8.013 0.489
1719.730 1.000 1798.602 -1.565 0.489
1440.098 1.000 1509.929 -0.898 0.489
2480.472 1.000 2502.512 -13.230 0.489
1534.601 1.000 1615.948 -1.221 0.488
2149.559 1.000 2255.209 -1.836 0.488
2252.101 1.000 2343.720 -5.277 0.488
660.608 1.000 801.931 -1.152 0.488
1756.228 1.000 1922.495 -0.977 0.487
2133.970 1.000 2183.630 -9.693 0.487
1727.598 1.000 1803.843 -7.548 0.487
1923.825 1.000 1993.790 -3.522 0.487
1285.561 1.000 1447.089 -2.655 0.486
1208.374 1.000 1361.704 -6.313 0.486
2432.796 1.000 2459.172 -9.609 0.486
2332.312 1.000 2523.059 -0.290 0.486
2136.019 1.000 2255.230 -6.225 0.486
2447.623 1.000 2512.640 -6.508 0.485
1877.830 1.000 1943.871 -9.835 0.485
1485.150 1.000 1554.765 -7.578 0.485
1684.097 1.000 1740.012 -5.141 0.485
1335.250 1.000 1417.564 -1.371 0.484
2078.859 1.000 2193.406 -6.204 0.484
2189.463 1.000 2277.690 -9.781 0.484
1714.793 1.000 1764.420 -6.824 0.484
2129.374 1.000 2271.539 -2.089 0.484
2220.587 1.000 2293.682 -6.332 0.484
2416.716 1.000 2434.050 -18.158 0.484
2159.741 1.000 2233.644 -4.118 0.484
2226.720 1.000 2282.666 -9.748 0.484
2477.050 1.000 2515.128 -20.571 0.484
2272.596 1.000 2331.257 -7.337 0.484
1766.967 1.000 1860.914 -4.477 0.483
2257.311 1.000 2381.594 -5.739 0.483
2331.239 1.000 2470.539 -0.640 0.483
1682.116 1.000 1745.701 -5.135 0.483
1613.957 1.000 1656.030 -7.434 0.483
1810.918 1.000 1865.997 -4.415 0.483
1749.692 1.000 1814.435 -7.090 0.482
2306.901 1.000 2451.847 -13.849 0.482
2513.407 1.000 2537.445 -16.848 0.482
2432.442 1.000 2536.295 -12.015 0.482
2342.900 1.000 2430.996 -6.343 0.482
2299.547 1.000 2408.628 -10.167 0.482
2147.767 1.000 2249.396 -9.408 0.481
2434.013 1.000 2483.302 -3.110 0.480
1758.806 1.000 1816.763 -8.964 0.480
1866.215 1.000 2033.141 -5.895 0.479
2236.149 1.000 2283.668 -12.493 0.479
2114.428 1.000 2162.728 -9.213 0.479
1208.041 1.000 1279.723 -1.733 0.478
1398.611 1.000 1472.220 -0.672 0.478
2156.643 1.000 2233.303 -11.435 0.478
1475.806 1.000 1587.157 -3.017 0.477
2473.676 1.000 2518.782 -17.840 0.477
1770.389 1.000 1860.444 -8.394 0.477
1709.647 1.000 1809.973 -0.260 0.477
1352.588 1.000 1418.293 -2.328 0.476
2464.569 1.000 2502.217 -8.675 0.476
1890.199 1.000 2015.376 -1.291 0.476
2344.889 1.000 2410.123 -12.306 0.475
2472.353 1.000 2507.294 -10.220 0.475
2099.800 1.000 2181.172 -11.926 0.475
2392.774 1.000 2437.136 -8.604 0.474
2348.952 1.000 2432.359 -10.212 0.474
2080.933 1.000 2168.222 -3.178 0.474
2383.999 1.000 2428.274 -3.110 0.473
1761.975 1.000 1834.233 -0.097 0.473
1721.043 1.000 1801.684 -2.738 0.473
2333.991 1.000 2387.665 -11.123 0.473
1474.405 1.000 1573.973 -3.514 0.473
2370.928 1.000 2445.480 -6.688 0.473
1868.678 1.000 1918.881 -5.339 0.473
2390.072 1.000 2427.336 -5.261 0.473
1844.928 1.000 1960.081 -5.551 0.473
1611.164 1.000 1715.241 -3.338 0.473
1785.634 1.000 1848.491 -4.137 0.473
1819.254 1.000 1874.555 -10.195 0.472
2363.613 1.000 2422.539 -17.297 0.472
1958.609 1.000 1987.775 -3.828 0.472
1947.187 1.000 1990.597 -8.104 0.471
2331.870 1.000 2396.356 -9.998 0.471
1634.867 1.000 1726.582 -0.645 0.471
1799.766 1.000 1845.622 -3.103 0.471
2168.152 1.000 2201.513 -11.440 0.471
1748.817 1.000 1829.920 -7.762 0.470
1070.087 1.000 1157.814 -1.104 0.470
1070.007 1.000 1249.384 -0.100 0.469
2142.801 1.000 2223.873 -10.990 0.468
2293.556 1.000 2326.420 -6.802 0.468
1913.663 1.000 1989.639 -1.830 0.468
2480.689 1.000 2532.552 -8.435 0.467
1979.229 1.000 2106.646 -2.813 0.467
1001.472 1.000 1111.036 -1.675 0.467
2316.172 1.000 2391.543 -9.226 0.466
1432.100 1.000 1539.436 -1.476 0.466
2424.427 1.000 2592.000 -1.119 0.466
1378.134 1.000 1435.919 -8.499 0.466
1906.959 1.000 1984.240 -7.147 0.465
2422.248 1.000 2592.000 -7.574 0.465
1670.662 1.000 1762.424 -5.449 0.465
2209.945 1.000 2589.627 -2.624 0.464
2491.327 1.000 2543.963 -13.959 0.464
1714.436 1.000 1768.326 -3.402 0.464
1827.874 1.000 1970.200 -3.443 0.463
1404.270 1.000 1490.867 -5.283 0.463
2170.096 1.000 2229.413 -9.493 0.463
2412.179 1.000 2437.961 -12.688 0.463
1807.458 1.000 1867.479 -2.661 0.463
2069.333 1.000 2278.849 -0.335 0.463
1947.031 1.000 1979.153 -5.104 0.462
2361.673 1.000 2592.000 -9.334 0.462
2117.015 1.000 2175.164 -4.529 0.462
2089.728 1.000 2180.995 -14.214 0.462
2423.576 1.000 2555.956 -11.778 0.461
2446.447 1.000 2563.557 -3.882 0.461
2076.203 1.000 2238.014 -0.433 0.461
1422.123 1.000 1473.495 -0.904 0.461
1790.417 1.000 1854.221 -0.759 0.460
1670.029 1.000 1754.573 -2.119 0.460
2503.077 1.000 2523.816 -7.805 0.459
1259.295 1.000 1365.356 -5.148 0.459
2098.615 1.000 2141.403 -12.578 0.459
2018.517 1.000 2157.990 -0.764 0.459
1619.863 1.000 1697.073 -3.515 0.458
2123.017 1.000 2252.733 -19.796 0.458
2309.055 1.000 2437.864 -14.696 0.457
1965.666 1.000 2113.523 -3.171 0.457
1931.615 1.000 1992.163 -5.236 0.456
2238.786 1.000 2309.623 -5.046 0.456
2331.500 1.000 2574.892 -4.180 0.456
1353.012 1.000 1414.011 -5.857 0.456
2343.891 1.000 2463.434 -6.971 0.456
1475.102 1.000 1561.482 -8.949 0.456
2287.491 1.000 2406.820 -0.912 0.455
2359.809 1.000 2430.755 -11.439 0.455
1309.792 1.000 1447.084 -0.474 0.455
2279.039 1.000 2445.734 -4.660 0.455
2150.091 1.000 2287.535 -7.608 0.455
2439.635 1.000 2479.836 -17.091 0.455
1824.442 1.000 1858.412 -4.904 0.454
2287.391 1.000 2447.665 -2.691 0.454
1310.003 1.000 1414.867 -2.250 0.454
2497.218 1.000 2521.894 -18.492 0.454
1334.483 1.000 1439.535 -5.956 0.454
2049.515 1.000 2133.893 -3.567 0.453
1176.258 1.000 1313.979 -2.857 0.453
1777.345 1.000 1848.630 -8.427 0.453
1082.159 1.000 1158.837 -2.622 0.452
1790.314 1.000 1894.513 -0.724 0.452
1939.414 1.000 2018.672 -3.442 0.451
1805.295 1.000 1863.812 -7.170 0.451
1990.573 1.000 2068.486 -4.822 0.450
1871.404 1.000 1934.288 -4.529 0.450
2145.557 1.000 2184.476 -4.814 0.450
2083.618 1.000 2174.654 -2.444 0.449
2448.779 1.000 2505.172 -10.339 0.449
2010.621 1.000 2059.090 -6.391 0.448
2471.724 1.000 2508.264 -15.212 0.447
2336.794 1.000 2447.827 -11.988 0.447
2144.702 1.000 2209.217 -1.642 0.446
2253.643 1.000 2340.749 -9.093 0.446
1711.497 1.000 1791.107 -1.390 0.446
2140.585 1.000 2194.586 -11.340 0.446
2418.525 1.000 2572.767 -7.445 0.446
2007.691 1.000 2070.684 -6.776 0.445
2160.508 1.000 2232.896 -10.141 0.445
2479.002 1.000 2509.634 -16.751 0.445
2159.506 1.000 2592.000 -8.697 0.445
2071.173 1.000 2204.089 -0.540 0.444
1697.881 1.000 1743.450 -9.066 0.444
1575.503 1.000 1621.917 -3.591 0.443
2004.952 1.000 2073.231 -3.907 0.443
1800.418 1.000 1859.810 -9.680 0.442
2144.472 1.000 2229.296 -3.924 0.442
2111.566 1.000 2154.898 -9.900 0.441
2295.361 1.000 2379.480 -11.025 0.441
2428.247 1.000 2523.334 -4.287 0.438
1411.078 1.000 1467.195 -0.100 0.438
1657.570 1.000 1739.585 -8.404 0.437
2373.561 1.000 2460.527 -7.047 0.437
2109.263 1.000 2167.496 -8.100 0.435
2090.628 1.000 2134.135 -3.279 0.435
1069.168 1.000 1186.744 -0.011 0.434
2331.060 1.000 2374.223 -12.000 0.433
2485.979 1.000 2537.754 -5.614 0.433
2365.887 1.000 2432.530 -6.328 0.433
2334.852 1.000 2456.200 -4.594 0.432
2345.189 1.000 2405.576 -9.602 0.432
1694.787 1.000 1771.169 -6.918 0.432
2039.373 1.000 2212.436 -7.597 0.430
2136.530 1.000 2206.768 -9.774 0.430
2492.267 1.000 2559.780 -15.093 0.429
1948.302 1.000 1986.049 -4.036 0.427
2455.224 1.000 2525.605 -5.010 0.426
2174.397 1.000 2198.741 -14.184 0.425
2466.160 1.000 2521.096 -6.220 0.425
2050.940 1.000 2117.877 -8.639 0.425
2399.175 1.000 2419.322 -13.040 0.425
2165.420 1.000 2217.392 -20.236 0.425
1068.847 1.000 1191.618 -2.908 0.424
2454.111 1.000 2532.752 -2.409 0.424
2299.989 1.000 2490.118 -0.374 0.423
2377.628 1892.260 2374.343 1927.737 0.422
2128.282 1.000 2189.817 -13.651 0.421
2523.800 1.000 2574.115 -11.151 0.421
1398.010 1.000 1503.364 -7.530 0.420
2314.575 1.000 2592.000 -0.674 0.420
2066.719 1.000 2161.983 -0.013 0.419
2034.428 1.000 2087.633 -7.058 0.418
1952.038 1.000 1990.575 -1.189 0.418
2321.750 1.000 2418.308 -5.511 0.418
2390.462 1.000 2429.728 -17.103 0.417
2052.949 1.000 2098.697 -8.286 0.416
2506.208 1.000 2572.127 -13.933 0.415
2519.604 1.000 2536.481 -18.958 0.415
2383.399 1.000 2439.816 -5.618 0.415
2253.459 1.000 2499.770 -8.134 0.414
2036.845 1.000 2093.759 -11.293 0.414
1407.197 1.000 1486.873 -4.235 0.414
2275.339 1.000 2443.013 -0.109 0.414
2170.023 1.000 2223.667 -10.720 0.414
2156.337 1.000 2220.023 -11.510 0.413
2466.655 1.000 2513.765 -10.729 0.413
1.000 395.273 2592.000 1944.000 0.412
1823.004 1.000 1886.387 -1.338 0.412
2369.270 1.000 2592.000 -0.590 0.412
2491.915 1.000 2550.711 -10.290 0.411
2067.031 1.000 2196.554 -13.606 0.411
2128.260 1.000 2186.946 -7.068 0.410
2289.971 1.000 2430.204 -1.075 0.410
2240.178 1.000 2373.044 -2.368 0.409
2153.412 1.000 2193.359 -10.158 0.408
2510.050 1.000 2538.940 -11.969 0.408
2491.945 1.000 2575.485 -11.910 0.408
1192.954 1.000 1288.024 -0.394 0.405
2052.380 1.000 2199.098 -3.652 0.403
2455.565 1.000 2537.079 -16.104 0.403
812.034 1.000 911.909 -2.616 0.403
2488.314 1.000 2583.840 -12.237 0.402
2306.666 1.000 2477.475 -2.172 0.401
2041.219 1.000 2119.426 -7.485 0.400
2440.998 1.000 2582.895 -2.089 0.399
2443.636 1.000 2575.174 -8.247 0.399
1.000 1917.511 -33.629 1944.000 0.397
2047.094 1.000 2104.200 -17.001 0.395
2004.941 1.000 2062.450 -11.643 0.395
1913.885 1.000 2000.324 -11.883 0.394
1.000 1911.319 -4.334 1944.000 0.394
2351.230 1891.317 2349.311 1935.229 0.393
1.000 1919.453 -34.819 1944.000 0.392
1994.222 1.000 2097.072 -6.066 0.392
2096.759 1.000 2217.122 -20.346 0.392
2486.559 1.000 2511.164 -11.815 0.392
1834.141 1.000 1988.491 -1.387 0.391
2447.449 1.000 2592.000 -6.349 0.390
2092.640 1.000 2138.776 -9.449 0.390
2440.884 1.000 2570.997 -1.177 0.390
2273.446 1.000 2479.076 -1.450 0.389
2488.126 1.000 2538.496 -3.451 0.389
2529.801 1.000 2558.156 -18.627 0.389
2302.080 1.000 2444.755 -4.418 0.388
2513.397 1.000 2542.045 -15.877 0.385
2347.221 1.000 2473.151 -10.878 0.383
2454.349 1.000 2555.124 -9.707 0.383
2505.217 1.000 2581.894 -14.319 0.383
2480.131 1.000 2556.184 -11.695 0.383
2429.317 1.000 2592.000 -0.938 0.382
2476.993 1.000 2535.785 -10.180 0.382
1.000 1917.001 -49.535 1944.000 0.382
2503.786 1.000 2530.992 -13.015 0.381
2497.534 1.000 2553.092 -12.826 0.380
2460.426 1.000 2547.487 -10.994 0.380
2019.186 1.000 2077.493 -5.593 0.377
2423.057 1.000 2587.187 -4.940 0.376
2482.950 1.000 2496.706 -16.238 0.376
1265.253 1.000 1432.876 -4.215 0.375
2517.608 1.000 2561.283 -15.948 0.374
2024.639 1.000 2100.394 -3.823 0.373
2035.844 1.000 2102.379 -8.317 0.371
2006.805 1.000 2057.576 -1.948 0.371
2009.400 1.000 2059.620 -4.763 0.370
2026.676 1.000 2111.008 -15.500 0.370
2390.342 1.000 2587.994 -0.343 0.370
2501.858 1.000 2572.107 -11.133 0.370
2503.225 1.000 2592.000 -13.281 0.369
2532.521 1.000 2562.907 -22.340 0.369
2477.500 1.000 2548.506 -6.336 0.368
1.000 1911.226 -28.188 1944.000 0.368
1.000 1910.447 -15.674 1944.000 0.368
2480.053 1.000 2581.727 -20.808 0.367
2036.013 1.000 2094.874 -6.439 0.367
1990.505 1.000 2068.804 -2.851 0.366
1.000 1921.322 -26.753 1944.000 0.366
2077.537 1.000 2153.144 -9.166 0.366
2381.744 1.000 2437.975 -4.314 0.365
2500.387 1.000 2548.726 -14.667 0.364
1.000 1921.415 -2.899 1944.000 0.363
2515.365 1.000 2550.131 -15.758 0.363
2474.433 1.000 2548.112 -5.733 0.362
2349.766 1.000 2456.392 -7.900 0.360
2446.949 1.000 2558.221 -15.099 0.359
2031.874 1.000 2066.545 -4.211 0.359
1.000 1917.611 -26.355 1944.000 0.358
2353.194 1.000 2532.626 -3.564 0.357
2465.140 1.000 2586.360 -11.967 0.357
2484.975 1.000 2592.000 -9.391 0.357
2496.404 1.000 2592.000 -11.181 0.357
2038.908 1.000 2130.838 -9.691 0.355
2444.415 1.000 2592.000 -10.411 0.355
2370.321 1.000 2435.166 -7.240 0.355
2029.987 1.000 2104.116 -14.776 0.355
1.000 1910.818 -50.350 1944.000 0.353
2010.330 1.000 2070.018 -15.072 0.353
2419.407 1.000 2551.230 -4.610 0.352
2465.322 1.000 2526.986 -8.959 0.352
1998.393 1.000 2128.662 -3.677 0.351
2369.646 1.000 2575.488 -3.888 0.351
2408.458 1.000 2518.297 -1.690 0.351
2301.186 1.000 2410.648 -0.832 0.351
2013.594 1.000 2066.475 -10.248 0.351
2340.523 1.000 2458.271 -2.086 0.349
1.000 1916.651 -28.763 1944.000 0.347
1887.590 1.000 1989.211 -3.255 0.346
2471.776 1.000 2558.397 -11.127 0.345
2028.625 1.000 2119.312 -1.122 0.345
2031.463 1.000 2085.653 -10.717 0.344
2509.462 1.000 2592.000 -12.372 0.344
2002.549 1.000 2107.868 -2.878 0.340
2009.821 1.000 2138.075 -5.468 0.340
2367.222 1.000 2427.521 -14.736 0.340
2471.982 1.000 2592.000 -16.146 0.340
2479.813 1.000 2592.000 -9.754 0.339
2432.840 1.000 2496.959 -10.910 0.335
2366.659 1.000 2466.519 -13.817 0.335
1.000 1917.780 -31.601 1944.000 0.334
2363.612 1.000 2592.000 -0.844 0.334
1.000 1918.885 -27.534 1944.000 0.334
2496.139 1.000 2551.051 -6.814 0.334
1900.323 1.000 1958.755 -2.429 0.333
1.000 1910.179 -15.611 1944.000 0.333
2386.104 1.000 2490.956 -4.655 0.333
2466.514 1.000 2566.817 -9.850 0.332
1.000 1908.466 -42.695 1944.000 0.332
1.000 1913.974 -11.479 1944.000 0.331
1.000 1917.492 -10.927 1944.000 0.331
2507.169 1.000 2575.336 -8.679 0.329
1.000 1916.523 -28.914 1944.000 0.329
1.000 1917.551 -18.641 1944.000 0.329
2523.056 1.000 2571.433 -9.751 0.329
1.000 1914.202 -8.894 1944.000 0.328
2473.688 1.000 2583.850 -18.627 0.326
2362.631 1.000 2521.408 -7.125 0.326
2531.238 1.000 2586.812 -17.354 0.324
2527.256 1.000 2580.900 -21.870 0.323
1.000 1919.645 -59.623 1944.000 0.323
2462.815 1.000 2592.000 -6.331 0.323
2066.354 1.000 2212.530 -3.816 0.323
2461.997 1.000 2592.000 -15.936 0.322
2505.426 1.000 2592.000 -19.945 0.321
2478.915 1.000 2592.000 -8.284 0.321
1.000 1911.257 -30.757 1944.000 0.321
2492.851 1.000 2592.000 -9.907 0.321
2471.655 1.000 2592.000 -8.882 0.320
2071.352 1.000 2134.984 -7.186 0.319
2109.303 1.000 2324.556 -3.283 0.319
2111.026 1.000 2320.298 -1.993 0.319
2528.387 1.000 2566.489 -17.905 0.318
1.000 1918.320 -56.295 1944.000 0.318
1.000 1917.864 -3.630 1944.000 0.317
2365.386 1.000 2417.389 -12.714 0.316
2502.433 1.000 2534.535 -16.100 0.316
2012.036 1.000 2158.753 -0.711 0.316
2400.320 1.000 2550.835 -1.301 0.316
2515.719 1.000 2592.000 -14.458 0.315
2515.807 1.000 2592.000 -14.444 0.315
2012.672 1.000 2122.167 -1.774 0.315
1.000 1917.771 -36.006 1944.000 0.315
1.000 1919.389 -26.552 1944.000 0.314
1.000 1917.691 -56.772 1944.000 0.314
2515.803 1.000 2584.980 -9.302 0.313
2445.479 1.000 2592.000 -3.470 0.313
2487.710 1.000 2592.000 -17.874 0.312
2459.213 1.000 2591.098 -10.702 0.311
2059.326 1.000 2135.656 -6.398 0.311
2486.344 1.000 2592.000 -17.113 0.311
2440.376 1.000 2462.445 -11.677 0.310
2485.019 1.000 2573.473 -6.853 0.310
2541.010 1.000 2575.616 -18.946 0.309
1.000 1917.004 -2.908 1944.000 0.308
2258.654 1.000 2464.304 -0.728 0.308
1.000 1920.640 -11.716 1944.000 0.307
2004.676 1.000 2162.701 -5.287 0.307
2418.922 1.000 2495.257 -16.548 0.307
2532.112 1.000 2579.269 -15.460 0.306
2478.942 1.000 2567.497 -10.094 0.306
2395.780 1.000 2458.315 -17.518 0.305
2022.193 1.000 2082.191 -10.295 0.305
2283.058 1.000 2402.286 -0.478 0.305
1937.828 1.000 2035.699 -0.613 0.304
2442.421 1.000 2489.527 -8.757 0.304
2492.421 1.000 2551.842 -10.533 0.303
2531.270 1.000 2568.370 -16.341 0.303
2379.227 1.000 2459.127 -8.105 0.303
1.000 1918.606 -79.844 1944.000 0.303
2458.413 1.000 2592.000 -3.451 0.302
2447.102 1.000 2561.566 -3.026 0.302
2374.942 1.000 2419.462 -12.692 0.299
1905.837 1.000 1946.000 -5.750 0.298
2496.619 1.000 2559.744 -15.116 0.298
1.000 1921.185 -9.031 1944.000 0.297
1.000 1920.146 -19.701 1944.000 0.297
2480.921 1.000 2592.000 -5.531 0.297
2534.895 1.000 2592.000 -22.785 0.296
2508.436 1.000 2590.248 -7.832 0.296
1.000 1911.769 -11.450 1944.000 0.295
2485.561 1.000 2592.000 -23.783 0.294
2300.092 1.000 2395.801 -5.821 0.293
2475.438 1.000 2592.000 -17.624 0.293
2014.041 1.000 2124.976 -10.189 0.292
2292.603 1.000 2396.139 -1.877 0.292
2444.043 1.000 2592.000 -1.527 0.292
1990.703 1.000 2149.270 -5.123 0.291
2458.756 1.000 2592.000 -6.770 0.290
2514.125 1.000 2592.000 -14.516 0.290
2422.918 1.000 2518.010 -11.845 0.290
2169.429 1.000 2300.171 -2.222 0.290
1906.477 1.000 1968.569 -3.075 0.288
2455.291 1.000 2525.256 -1.858 0.288
1.000 1919.368 -2.219 1944.000 0.287
1.000 1920.134 -11.481 1944.000 0.287
2444.636 1.000 2592.000 -1.624 0.286
1.000 1911.232 -25.900 1944.000 0.286
2498.130 1.000 2592.000 -12.151 0.284
1.000 1912.754 -23.502 1944.000 0.284
2388.011 1.000 2415.353 -13.412 0.283
2430.317 1.000 2565.570 -7.036 0.283
2427.823 1.000 2543.853 -6.238 0.282
1.000 1921.213 -49.891 1944.000 0.282
2450.948 1.000 2512.810 -9.078 0.281
2404.551 1.000 2561.702 -7.617 0.280
2394.792 1.000 2418.566 -5.751 0.280
2427.546 1.000 2563.988 -6.157 0.279
2281.801 1.000 2344.027 -8.953 0.278
1.000 1919.581 -51.355 1944.000 0.278
1.000 1912.368 -18.802 1944.000 0.277
2057.582 1.000 2149.280 -3.749 0.277
1.000 1912.106 -39.667 1944.000 0.277
1.000 1909.918 -37.586 1944.000 0.276
2455.007 1.000 2529.183 -8.901 0.276
1.000 1920.414 -75.009 1944.000 0.274
1.000 1911.860 -46.238 1944.000 0.274
2065.087 1.000 2151.638 -5.081 0.273
2421.133 1.000 2484.112 -0.661 0.273
1.000 1910.318 -76.444 1944.000 0.269
1991.937 1.000 2071.727 -1.349 0.267
1.000 1914.611 -19.653 1944.000 0.266
2477.486 1.000 2522.454 -11.179 0.263
2339.241 1.000 2411.870 -5.130 0.263
1.000 1918.586 -8.174 1944.000 0.262
2227.071 1.000 2433.811 -4.566 0.262
2456.096 1.000 2545.102 -4.922 0.262
1.000 1910.451 -28.049 1944.000 0.261
1960.525 1.000 2043.144 -0.022 0.260
1993.421 1.000 2037.770 -9.374 0.260
2365.342 1.000 2478.037 -3.431 0.260
1.000 1911.408 -4.360 1944.000 0.259
2350.432 1.000 2397.138 -8.335 0.258
1.000 1904.504 -17.202 1944.000 0.258
2051.450 1.000 2110.763 -7.956 0.258
2372.292 1.000 2406.239 -8.463 0.256
2357.922 1.000 2442.801 -7.191 0.256
1.000 1912.911 -3.450 1944.000 0.254
2059.262 1.000 2112.618 -9.087 0.254
1.000 1909.780 -40.015 1944.000 0.254
2488.074 1.000 2575.900 -6.755 0.253
1.000 1913.946 -49.059 1944.000 0.251
2533.300 1.000 2592.000 -23.170 0.250
2441.416 1.000 2469.738 -10.404 0.250
2480.519 1.000 2531.148 -9.473 0.250
1.000 1912.166 -24.846 1944.000 0.250
2439.760 1.000 2472.666 -14.445 0.250
2505.343 1.000 2592.000 -4.469 0.249
2388.258 1.000 2432.335 -13.177 0.249
2195.863 1893.034 2192.123 1932.912 0.248
2203.057 1893.975 2198.688 1934.083 0.248
2434.543 1.000 2503.833 -5.845 0.246
2392.992 1.000 2485.527 -15.527 0.245
1704.141 1.000 1767.373 -0.879 0.245
2456.644 1.000 2564.672 -9.446 0.244
2378.544 1.000 2417.349 -14.305 0.243
2277.099 1.000 2406.405 -0.583 0.242
2436.702 1.000 2521.163 -4.471 0.240
1.000 1914.237 -4.436 1944.000 0.238
2294.673 1.000 2404.244 -4.305 0.237
2471.838 1.000 2529.912 -7.385 0.236
1.000 1919.627 -3.308 1944.000 0.233
2469.541 1.000 2513.256 -12.954 0.233
2470.695 1.000 2574.042 -10.827 0.233
1569.784 1.000 1724.467 -3.704 0.233
1.000 1919.786 -20.774 1944.000 0.233
2314.316 1.000 2402.670 -8.402 0.232
1.000 1911.968 -30.829 1944.000 0.232
1.000 1904.483 -22.949 1944.000 0.230
2414.489 1891.946 2403.456 1930.122 0.230
1881.265 1.000 1995.034 -5.692 0.230
2357.500 1.000 2426.911 -13.595 0.230
2182.055 1.000 2308.337 -1.466 0.230
2385.968 1.000 2425.651 -8.511 0.229
1.000 1919.376 -23.498 1944.000 0.229
2040.747 1.000 2119.765 -9.386 0.229
2447.695 1.000 2554.353 -4.293 0.228
2422.967 1.000 2479.644 -12.866 0.228
2301.134 1.000 2343.674 -5.564 0.226
1990.098 1.000 2069.683 -2.443 0.226
2419.057 1.000 2496.261 -0.604 0.225
2362.665 1.000 2420.787 -7.175 0.225
1139.714 1.000 1204.732 -0.293 0.225
2528.259 1.000 2580.418 -14.730 0.225
2021.647 1.000 2066.310 -10.051 0.224
2493.777 1.000 2592.000 -1.757 0.224
1.000 1908.815 -68.321 1944.000 0.223
2540.122 1.000 2571.024 -17.202 0.221
1903.105 1.000 1976.505 -5.580 0.221
1988.122 1.000 2075.080 -1.693 0.221
1422.602 1.000 1524.676 -0.959 0.220
2248.367 1.000 2380.888 -2.480 0.219
1.000 1921.467 -11.045 1944.000 0.218
2278.449 1.000 2425.559 -0.075 0.218
1883.917 1.000 1968.564 -6.798 0.217
2040.496 1.000 2122.949 -4.226 0.217
2442.356 1.000 2490.368 -16.908 0.215
1.000 1915.272 -40.918 1944.000 0.214
2511.878 1.000 2580.160 -10.576 0.214
2363.528 1.000 2408.735 -5.513 0.213
2458.605 1.000 2513.789 -4.066 0.213
2068.052 1.000 2124.373 -1.434 0.212
1601.441 1.000 1655.903 -7.673 0.212
2295.018 1.000 2440.065 -0.529 0.212
2459.723 1.000 2494.670 -16.945 0.210
1.000 1914.514 -41.843 1944.000 0.210
2445.120 1.000 2564.520 -0.944 0.209
1993.395 1.000 2078.852 -4.040 0.209
1.000 1905.349 -5.337 1944.000 0.208
1937.958 1.000 1990.443 -4.469 0.207
1836.983 1.000 1895.740 -3.575 0.206
1.000 1903.714 -22.376 1944.000 0.205
1298.083 1.000 1388.060 -1.146 0.204
1884.562 1.000 1947.335 -0.412 0.203
2369.309 1.000 2389.469 -11.341 0.203
2328.581 1.000 2403.949 -8.577 0.202
1.000 1905.543 -30.401 1944.000 0.201
1620.271 1.000 1728.594 -0.623 0.200
2005.249 1.000 2072.910 -1.786 0.199
2280.700 1.000 2351.486 -1.929 0.199
1934.236 1.000 2039.089 -0.070 0.199
2430.476 1.000 2510.736 -2.164 0.198
2114.847 1.000 2176.358 -4.060 0.198
2336.312 1.000 2392.115 -4.275 0.197
2328.336 1.000 2430.515 -10.537 0.197
2092.192 1.000 2224.563 -0.476 0.197
2111.900 1.000 2190.233 -8.665 0.197
2493.723 1.000 2589.382 -14.416 0.197
2123.584 1.000 2160.274 -10.743 0.196
2313.400 1.000 2366.495 -9.327 0.195
1.000 1913.061 -40.350 1944.000 0.195
2411.291 1.000 2455.517 -6.847 0.195
1945.416 1.000 2062.700 -1.835 0.194
1881.267 1.000 1959.220 -3.616 0.193
2329.235 1.000 2443.754 -5.950 0.193
2234.679 1.000 2278.641 -6.282 0.193
1532.696 1.000 1633.783 -0.789 0.191
2187.004 1.000 2344.589 -1.640 0.191
1962.726 1.000 2022.270 -4.487 0.190
2522.544 1.000 2568.276 -13.027 0.189
2170.048 1.000 2200.401 -6.035 0.189
2271.407 1.000 2375.350 -10.516 0.189
1883.571 1.000 1965.216 -7.850 0.188
1764.454 1.000 1850.707 -2.421 0.188
2189.812 1.000 2288.831 -0.761 0.188
1.000 1905.937 -21.527 1944.000 0.187
2321.873 1.000 2384.388 -10.665 0.187
2317.709 1.000 2368.866 -3.800 0.187
2506.351 1.000 2592.000 -5.126 0.186
2017.356 1.000 2172.900 -4.076 0.185
1.000 1908.992 -53.828 1944.000 0.185
1982.026 1.000 2038.662 -2.651 0.184
2397.273 1.000 2432.938 -12.775 0.184
2183.666 1.000 2295.407 -3.038 0.184
2506.705 1.000 2537.167 -16.891 0.183
1647.360 1.000 1719.389 -6.706 0.183
2418.061 1.000 2436.936 -13.224 0.182
2425.599 1.000 2444.776 -7.817 0.181
1.000 1910.234 -12.383 1944.000 0.181
2347.608 1.000 2419.857 -16.327 0.181
2350.187 1.000 2417.708 -4.674 0.180
1725.893 1.000 1790.222 -3.489 0.179
1964.727 1.000 2035.005 -6.880 0.178
1945.013 1.000 2010.943 -8.768 0.178
1.000 1904.523 -2.215 1944.000 0.178
2381.641 1.000 2431.609 -8.448 0.178
2529.409 1.000 2562.400 -10.184 0.176
1688.447 1.000 1744.629 -5.793 0.176
1357.202 1.000 1476.564 -1.524 0.174
1434.010 1.000 1505.674 -0.877 0.174
2391.709 1.000 2409.783 -8.407 0.174
1.000 1908.728 -11.091 1944.000 0.173
1969.778 1.000 2029.697 -7.959 0.172
2216.434 1.000 2258.881 -8.410 0.171
2379.351 1.000 2424.925 -3.782 0.171
1163.327 1.000 1246.177 -3.129 0.170
2400.674 1.000 2432.166 -8.423 0.170
1838.372 1.000 1943.911 -0.305 0.170
2363.050 1.000 2434.028 -3.862 0.169
2488.161 1.000 2592.000 -5.422 0.169
1864.821 1.000 1928.266 -1.910 0.169
2482.637 1.000 2528.871 -18.933 0.169
2441.426 1.000 2479.798 -3.187 0.169
2024.077 1.000 2060.051 -10.932 0.169
2352.121 1.000 2438.823 -7.584 0.168
2374.931 1.000 2458.126 -8.582 0.168
2171.495 1.000 2199.692 -8.505 0.168
2478.388 1.000 2509.067 -11.804 0.168
1947.968 1.000 1985.265 -5.198 0.167
1.000 1906.865 -32.108 1944.000 0.167
2353.253 1.000 2463.552 -2.962 0.165
2231.903 1.000 2335.057 -1.062 0.165
1674.473 1.000 1726.076 -0.068 0.164
2157.694 1.000 2218.197 -14.678 0.164
2290.625 1.000 2361.442 -7.788 0.164
1.000 1911.551 -41.435 1944.000 0.164
1972.511 1.000 2056.644 -10.367 0.163
1994.866 1.000 2118.279 -6.818 0.161
2501.523 1.000 2592.000 -1.597 0.161
1600.026 1.000 1699.910 -2.048 0.161
1864.976 1.000 1979.932 -3.570 0.160
2289.042 1.000 2341.940 -12.452 0.160
1733.903 1.000 1803.120 -8.315 0.159
1735.329 1.000 1813.806 -0.295 0.158
2144.785 1891.088 2136.328 1926.096 0.158
1452.753 1.000 1541.557 -0.350 0.158
1955.692 1.000 2034.964 -1.824 0.158
2296.568 1.000 2422.128 -10.495 0.158
2205.958 1.000 2234.274 -12.315 0.157
2446.135 1.000 2458.168 -15.508 0.156
2496.279 1.000 2592.000 -8.333 0.156
2333.644 1.000 2398.788 -7.648 0.156
2180.817 1.000 2249.064 -4.103 0.155
1818.852 1.000 1905.425 -1.419 0.155
2522.260 1.000 2574.797 -1.879 0.155
2409.922 1.000 2429.977 -7.966 0.155
2283.902 1.000 2342.218 -8.174 0.154
1796.332 1.000 1880.189 -0.110 0.153
2081.374 1.000 2250.862 -2.112 0.153
1723.098 1.000 1798.416 -1.260 0.153
1920.933 1.000 2021.743 -3.251 0.152
2339.062 1.000 2431.461 -7.313 0.152
2102.189 1.000 2162.865 -8.452 0.151
2446.647 1.000 2466.175 -11.625 0.151
1924.017 1.000 1997.558 -5.167 0.151
1955.112 1.000 2101.399 -1.966 0.148
1937.689 1.000 1997.737 -6.527 0.147
1854.697 1.000 1907.507 -0.862 0.147
2045.734 1.000 2118.526 -7.070 0.147
2068.333 1.000 2113.187 -10.152 0.146
1963.883 1.000 2003.663 -8.961 0.145
2182.624 1.000 2261.775 -2.885 0.144
2215.789 1.000 2267.254 -1.107 0.144
1936.235 1.000 2007.819 -2.511 0.144
1838.468 1.000 1905.125 -4.105 0.143
2075.951 1.000 2173.474 -0.327 0.143
2179.195 1.000 2243.872 -4.238 0.142
1.000 1902.851 -36.795 1944.000 0.142
2188.432 1.000 2228.626 -11.358 0.141
2367.533 1.000 2481.298 -11.150 0.141
2197.575 1.000 2233.875 -7.118 0.140
2290.856 1.000 2354.588 -17.107 0.140
2307.340 1.000 2370.377 -4.023 0.140
2278.150 1.000 2308.628 -7.282 0.139
2321.773 1.000 2365.438 -7.294 0.139
1749.137 1.000 1826.734 -1.762 0.138
1702.113 1.000 1773.141 -3.808 0.138
2414.058 1.000 2457.615 -5.744 0.138
1128.778 1.000 1217.641 -3.656 0.138
1659.334 1.000 1724.192 -4.222 0.138
2354.326 1.000 2416.035 -6.475 0.137
1592.789 1.000 1705.008 -0.456 0.137
1728.839 1.000 1786.160 -3.343 0.137
1672.652 1.000 1747.803 -1.854 0.136
2011.961 1.000 2086.402 -0.086 0.136
2483.228 1.000 2592.000 -5.500 0.136
2179.938 1.000 2240.115 -3.569 0.135
2376.320 1.000 2440.920 -3.018 0.135
1628.535 1.000 1739.454 -0.148 0.133
2363.728 1.000 2442.443 -7.431 0.133
1673.682 1.000 1760.363 -1.675 0.133
1620.813 1.000 1700.610 -5.385 0.131
1339.143 1.000 1443.952 -3.766 0.131
2331.107 1.000 2365.428 -3.112 0.130
1991.149 1.000 2090.183 -0.108 0.127
2473.039 1.000 2502.308 -12.751 0.127
1832.188 1.000 1932.059 -3.913 0.127
1839.682 1.000 1940.458 -4.379 0.127
1830.234 1.000 1903.388 -1.019 0.127
1592.909 1.000 1669.410 -2.687 0.126
2301.564 1.000 2365.383 -8.175 0.125
1858.264 1.000 1927.077 -1.628 0.124
1827.731 1.000 1888.368 -6.471 0.124
2222.081 1.000 2266.634 -3.624 0.123
1844.688 1.000 1923.408 -1.259 0.122
2107.336 1.000 2159.377 -6.134 0.122
1.000 1900.861 -17.173 1944.000 0.122
2300.342 1.000 2379.410 -9.265 0.122
2259.749 1.000 2332.866 -1.209 0.122
2101.562 1.000 2137.497 -2.521 0.121
1821.728 1.000 1946.265 -2.315 0.120
2251.607 1.000 2347.860 -8.471 0.119
2312.416 1.000 2388.391 -3.433 0.119
2024.379 1.000 2078.782 -2.920 0.117
2302.214 1.000 2364.237 -7.644 0.117
1817.048 1.000 1897.359 -5.327 0.117
1845.589 1.000 2009.504 -2.976 0.117
2504.440 1.000 2592.000 -3.428 0.116
2095.857 1.000 2182.970 -2.252 0.116
1835.547 1.000 1905.014 -7.431 0.116
2320.007 1.000 2391.128 -6.267 0.115
1953.368 1.000 2036.589 -2.097 0.115
1686.528 1.000 1746.313 -3.515 0.114
1619.396 1.000 1714.961 -2.383 0.114
1725.322 1.000 1857.282 -1.806 0.114
1742.600 1.000 1808.943 -2.743 0.114
1446.846 1.000 1542.854 -3.929 0.112
2467.601 1.000 2495.838 -8.262 0.111
2102.807 1.000 2174.810 -5.867 0.110
2299.951 1.000 2344.519 -8.396 0.110
1900.374 1.000 2079.565 -5.891 0.109
1.000 1902.653 -27.952 1944.000 0.108
1796.201 1.000 1896.339 -2.897 0.108
1933.007 1.000 1972.463 -5.593 0.108
1611.635 1.000 1704.350 -0.109 0.108
2169.768 1.000 2281.547 -3.660 0.107
1756.955 1.000 1833.257 -1.783 0.107
2045.653 1.000 2107.809 -12.579 0.107
2021.472 1.000 2054.217 -2.372 0.106
1943.312 1.000 2061.594 -8.158 0.105
2209.178 1.000 2236.001 -5.174 0.105
2487.744 1.000 2585.090 -5.049 0.103
1.000 1900.339 -27.477 1944.000 0.103
2525.232 1.000 2570.118 -4.546 0.102
2267.624 1.000 2310.211 -1.778 0.102
2379.462 1.000 2437.436 -10.551 0.102
1434.316 1.000 1554.217 -1.982 0.101
2351.635 1.000 2431.107 -2.602 0.100
2251.334 1.000 2293.238 -11.319 0.100
1703.790 1.000 1812.929 -0.339 0.100
1725.692 1.000 1801.294 -10.045 0.100
2304.149 1.000 2383.335 -11.719 0.100
2119.638 1.000 2170.996 -5.443 0.100
2008.240 1.000 2181.297 -2.630 0.099
2001.945 1.000 2109.634 -2.914 0.099
2236.824 1.000 2285.303 -12.492 0.099
2172.974 1.000 2217.904 -10.253 0.098
2011.252 1.000 2084.101 -1.078 0.098
1948.704 1.000 2067.477 -3.623 0.098
1775.463 1.000 1837.333 -7.997 0.097
1595.842 1.000 1659.512 -0.423 0.097
2482.735 1.000 2565.540 -4.795 0.096
2067.901 1.000 2209.473 -2.341 0.095
1287.778 1.000 1354.872 -1.774 0.095
2498.020 1.000 2549.307 -7.548 0.094
1803.477 1.000 1932.308 -0.002 0.094
1861.739 1.000 1994.214 -1.069 0.093
1961.180 1.000 2028.144 -1.934 0.093
1635.012 1.000 1730.373 -4.381 0.093
1773.033 1.000 1840.298 -4.905 0.092
1892.052 1.000 1942.562 -1.825 0.092
1884.408 1.000 1929.127 -3.751 0.092
985.500 1.000 1059.050 -2.148 0.092
2191.200 1.000 2233.655 -6.212 0.091
1431.633 1.000 1520.463 -0.305 0.090
1827.206 1.000 1895.540 -9.889 0.089
1.000 1906.941 -36.828 1944.000 0.088
1560.941 1.000 1655.416 -1.801 0.088
1551.559 1.000 1643.933 -2.443 0.087
2419.243 1.000 2460.999 -2.635 0.085
2021.599 1.000 2056.373 -3.882 0.082
2067.952 1.000 2166.996 -1.396 0.082
1542.066 1.000 1681.422 -2.604 0.082
2306.701 1.000 2356.103 -5.574 0.081
1733.740 1.000 1860.287 -2.385 0.081
2221.556 1.000 2325.846 -1.643 0.080
2295.114 1.000 2426.079 -5.944 0.079
2216.947 1.000 2289.292 -3.336 0.078
2040.007 1.000 2086.529 -3.096 0.078
2121.834 1.000 2236.935 -3.919 0.077
2519.219 1.000 2592.000 -0.440 0.077
2174.241 1.000 2237.684 -3.678 0.076
1659.590 1.000 1759.021 -3.964 0.076
2265.141 1.000 2324.862 -1.942 0.076
2142.004 1.000 2205.561 -12.311 0.074
1273.678 1.000 1327.110 -0.890 0.074
2241.275 1.000 2322.131 -8.167 0.073
2251.873 1.000 2323.130 -8.052 0.073
1701.476 1.000 1809.479 -1.732 0.073
2113.182 1.000 2220.140 -10.890 0.073
1370.242 1.000 1478.338 -1.407 0.072
1766.156 1.000 1824.980 -8.766 0.072
2537.920 1.000 2571.618 -9.191 0.071
2010.668 1.000 2033.044 -3.596 0.070
2198.695 1.000 2249.979 -5.606 0.070
1681.703 1.000 1755.734 -6.143 0.069
1544.035 1.000 1646.925 -0.980 0.069
2311.301 1.000 2396.920 -6.910 0.069
2276.676 1.000 2337.332 -9.041 0.068
2177.352 1.000 2303.406 -6.226 0.068
1487.182 1.000 1553.573 -1.785 0.068
2250.279 1.000 2275.950 -10.060 0.066
1959.939 1.000 2005.312 -1.202 0.066
1.000 1897.356 -5.476 1944.000 0.065
1496.317 1.000 1556.083 -2.159 0.064
1983.159 1.000 2167.949 -0.292 0.064
2483.257 1.000 2543.026 -0.778 0.063
1570.350 1.000 1637.034 -1.431 0.062
2500.769 1.000 2551.230 -10.138 0.062
1875.215 1.000 1948.692 -0.501 0.061
2492.045 1.000 2591.382 -4.525 0.061
1660.983 1.000 1742.353 -1.455 0.061
2327.434 1.000 2375.709 -2.056 0.060
2225.809 1.000 2267.169 -13.592 0.060
2119.731 1.000 2178.587 -0.758 0.060
2022.965 1.000 2095.924 -1.855 0.059
1520.473 1.000 1669.709 -7.559 0.058
1481.684 1.000 1564.520 -2.592 0.058
1571.749 1.000 1676.873 -1.494 0.057
2323.804 1.000 2388.233 -3.362 0.057
2086.423 1.000 2162.384 -0.404 0.055
1923.480 1.000 1974.165 -1.654 0.053
1738.158 1.000 1804.522 -1.799 0.053
2224.159 1.000 2287.724 -15.546 0.052
2267.014 1.000 2338.171 -6.731 0.052
2064.019 1.000 2133.453 -4.738 0.051
2215.434 1.000 2311.027 -6.430 0.049
1481.988 1.000 1555.023 -11.207 0.049
1903.370 1.000 1972.403 -7.889 0.048
2132.617 1.000 2198.852 -6.920 0.047
2271.019 1.000 2351.336 -4.308 0.045
1354.308 1.000 1426.835 -2.265 0.045
2426.100 1.000 2450.667 -12.163 0.045
2027.141 1.000 2113.641 -1.240 0.045
1560.801 1.000 1615.864 -4.783 0.044
1.000 1891.484 -19.208 1944.000 0.044
2210.096 1.000 2287.136 -0.629 0.042
1996.392 1.000 2037.984 -3.717 0.042
1228.703 1.000 1314.580 -0.611 0.042
1782.275 1.000 1829.877 -3.949 0.041
1782.704 1.000 1888.757 -0.747 0.040
2130.870 1.000 2181.458 -0.955 0.039
2245.158 1.000 2313.798 -4.646 0.039
2263.104 1.000 2339.429 -4.795 0.039
1.000 1901.406 -10.110 1944.000 0.039
1647.365 1.000 1710.540 -0.421 0.038
1.000 1906.639 -0.231 1944.000 0.038
1582.503 1.000 1640.028 -2.567 0.037
2088.489 1.000 2155.425 -8.974 0.037
2226.049 1.000 2291.923 -1.795 0.037
2473.390 1.000 2503.098 -8.185 0.036
2086.100 1.000 2181.463 -6.797 0.036
2237.777 1.000 2282.512 -5.265 0.034
1718.106 1.000 1812.015 -5.006 0.031
2122.422 1.000 2203.961 -0.265 0.030
2235.016 1.000 2256.778 -7.287 0.029
2161.127 1.000 2247.022 -11.578 0.029
2070.451 1.000 2210.094 -1.444 0.028
2038.588 1.000 2140.390 -0.043 0.028
2160.431 1.000 2224.051 -3.135 0.026
1365.512 1.000 1444.521 -1.396 0.026
1765.587 1.000 1821.942 -4.773 0.025
2137.956 1.000 2198.595 -10.178 0.024
1991.398 1.000 2079.156 -0.568 0.024
2141.008 1.000 2182.382 -11.731 0.024
1720.613 1.000 1802.686 -1.099 0.024
1.000 1906.662 -34.383 1944.000 0.024
2233.862 1.000 2287.721 -2.218 0.021
2171.541 1.000 2221.091 -6.888 0.021
2140.703 1.000 2206.082 -6.063 0.020
1560.062 1.000 1622.795 -1.203 0.019
1986.705 1.000 2107.453 -0.643 0.019
2175.543 1.000 2252.268 -2.684 0.019
2226.021 1.000 2290.648 -0.472 0.018
2285.199 1.000 2397.182 -10.478 0.014
1.000 1908.051 -34.242 1944.000 0.013
1252.465 1.000 1357.910 -1.107 0.013
1758.897 1.000 1847.927 -4.447 0.013
2494.638 1.000 2559.339 -3.345 0.010
2285.551 1.000 2350.819 -7.924 0.009
1306.543 1.000 1431.843 -1.911 0.008
2080.788 1.000 2187.064 -3.829 0.005
2135.929 1.000 2204.960 -1.088 0.004
2170.138 1.000 2262.190 -2.345 0.003
2480.496 1.000 2578.800 -10.537 0.001
2167.152 1.000 2227.922 -11.036 0.001
2188.325 1.000 2245.142 -0.429 -0.002
2255.307 1.000 2306.203 -8.124 -0.003
2147.387 1.000 2213.668 -12.887 -0.005
1423.203 1.000 1561.662 -6.182 -0.007
2263.193 1.000 2352.015 -5.660 -0.009
2133.655 1.000 2201.136 -5.443 -0.009
1563.545 1.000 1624.262 -4.292 -0.010
2031.560 1.000 2127.021 -1.602 -0.012
2018.467 1.000 2111.251 -2.875 -0.013
2511.544 1.000 2583.208 -1.848 -0.013
1543.352 1.000 1613.304 -1.250 -0.014
2087.608 1.000 2135.113 -3.287 -0.014
1857.439 1.000 1927.317 -1.887 -0.015
1393.651 1.000 1507.717 -1.433 -0.019
2078.185 1.000 2131.047 -9.260 -0.022
1184.632 1.000 1276.403 -0.912 -0.025
2515.308 1.000 2587.852 -7.961 -0.033
2200.885 1.000 2354.655 -2.694 -0.033
2420.555 1887.289 2408.482 1925.566 -0.036
2496.913 1.000 2559.211 -8.160 -0.037
2514.431 1.000 2592.000 -7.390 -0.038
2050.203 1.000 2137.233 -7.529 -0.038
2474.991 1.000 2560.682 -2.892 -0.039
2449.135 1.000 2541.852 -3.002 -0.040
2261.337 1.000 2375.948 -1.221 -0.045
2435.903 1.000 2549.614 -2.378 -0.051
2528.092 1.000 2581.391 -12.781 -0.055
1.000 1907.376 -17.172 1944.000 -0.056
2421.561 1.000 2570.864 -0.249 -0.056
2382.440 1887.086 2375.543 1926.043 -0.059
2033.066 1.000 2158.672 -4.161 -0.060
2465.588 1.000 2532.666 -6.819 -0.063
2259.490 1.000 2315.240 -3.767 -0.063
2035.136 1.000 2109.057 -2.415 -0.065
1.000 1907.704 -46.861 1944.000 -0.065
2399.359 1.000 2490.908 -6.194 -0.066
2374.431 1.000 2438.062 -8.441 -0.069
2143.018 1890.641 2131.319 1925.119 -0.072
1.000 1889.432 -13.032 1944.000 -0.073
2411.182 1.000 2483.881 -4.357 -0.073
2520.383 1.000 2572.918 -5.320 -0.076
2516.852 1.000 2525.000 -5.133 -0.078
2437.416 1.000 2528.293 -7.582 -0.082
1.000 1897.322 -8.511 1944.000 -0.083
1.000 1905.815 -49.011 1944.000 -0.087
1.000 1901.526 -15.514 1944.000 -0.088
2402.984 1.000 2507.077 -9.262 -0.089
2201.737 1.000 2347.715 -2.558 -0.091
2441.673 1.000 2576.478 -3.665 -0.091
1.000 1906.545 -43.262 1944.000 -0.091
1.000 1897.848 -41.923 1944.000 -0.096
2386.298 1.000 2517.450 -4.100 -0.097
2422.962 1.000 2469.229 -8.087 -0.101
1.000 1292.059 -30.818 1341.122 -0.101
2457.462 1.000 2522.213 -7.432 -0.107
2317.861 1.000 2423.928 -0.224 -0.108
2405.040 1.000 2540.518 -2.886 -0.111
1880.849 1.000 1970.201 -0.158 -0.114
1889.021 1.000 1953.966 -3.478 -0.117
2253.162 1.000 2381.306 -1.151 -0.119
1.000 1904.108 -44.285 1944.000 -0.120
1.000 1903.746 -60.479 1944.000 -0.124
2420.700 1.000 2470.265 -5.974 -0.126
2377.352 1.000 2444.374 -2.618 -0.127
2367.503 1.000 2497.601 -12.084 -0.128
1.000 1901.101 -18.792 1944.000 -0.137
1.000 1891.500 -21.148 1944.000 -0.141
2393.855 1.000 2447.168 -2.679 -0.142
2286.805 1.000 2423.411 -6.722 -0.143
1.000 1296.688 -11.050 1357.642 -0.144
2320.562 1.000 2533.905 -2.089 -0.148
2448.492 1.000 2540.700 -14.520 -0.154
2378.999 1886.646 2372.858 1924.069 -0.156
2398.477 1.000 2485.024 -5.136 -0.156
2248.169 1.000 2411.619 -0.075 -0.156
2274.068 1.000 2363.440 -4.641 -0.156
2437.014 1.000 2520.006 -9.411 -0.157
2371.443 1.000 2462.782 -5.171 -0.158
1.000 1289.427 -26.223 1340.554 -0.159
1995.914 1.000 2080.670 -3.994 -0.160
1.000 1900.202 -29.568 1944.000 -0.160
2323.912 1.000 2387.174 -7.528 -0.164
2443.757 1.000 2521.274 -7.486 -0.170
1.000 1909.681 -27.763 1944.000 -0.172
2024.980 1.000 2205.883 -2.000 -0.176
2407.245 1.000 2519.710 -2.199 -0.178
2304.789 1.000 2426.722 -6.671 -0.182
2404.605 1.000 2456.966 -0.460 -0.183
2454.714 1.000 2539.768 -7.435 -0.184
2323.904 1.000 2452.039 -2.005 -0.186
2401.930 1.000 2507.009 -4.716 -0.193
1.000 1906.762 -62.766 1944.000 -0.193
1.000 1298.739 -9.833 1332.645 -0.194
2441.988 1.000 2489.717 -4.886 -0.196
2409.413 1.000 2474.226 -14.318 -0.196
1.000 1904.908 -58.418 1944.000 -0.197
1.000 1289.125 -0.518 1341.312 -0.197
2011.177 1.000 2127.316 -0.251 -0.198
2423.296 1.000 2506.269 -5.167 -0.198
1.000 1897.668 -17.881 1944.000 -0.203
2326.289 1.000 2414.088 -7.217 -0.205
2350.953 1.000 2424.394 -5.782 -0.206
2281.584 1.000 2354.084 -6.849 -0.206
2054.187 1.000 2119.918 -1.553 -0.208
2454.979 1.000 2533.244 -8.677 -0.211
2045.425 1.000 2133.459 -8.965 -0.211
2271.419 1.000 2420.556 -0.073 -0.212
2438.452 1.000 2504.191 -1.672 -0.214
1.000 1899.315 -29.686 1944.000 -0.214
2488.515 1.000 2511.927 -11.204 -0.216
1.000 1291.940 -7.185 1340.683 -0.216
2273.615 1.000 2462.555 -0.804 -0.221
2167.585 1.000 2277.023 -0.777 -0.222
1.000 1888.391 -11.533 1944.000 -0.222
2396.622 1.000 2476.184 -5.249 -0.224
1.000 1896.861 -30.691 1944.000 -0.225
1.000 1906.373 -25.330 1944.000 -0.225
2389.988 1.000 2457.203 -4.765 -0.227
2424.984 1.000 2469.443 -1.262 -0.228
1.000 1895.934 -65.926 1944.000 -0.228
2495.161 1.000 2549.038 -11.383 -0.229
1.000 1296.234 -18.769 1342.683 -0.231
1918.724 1.000 1977.026 -4.399 -0.232
1.000 1902.834 -18.499 1944.000 -0.233
1.000 1907.677 -39.966 1944.000 -0.234
2287.056 1.000 2346.959 -4.369 -0.234
2461.571 1.000 2517.033 -9.532 -0.235
2000.068 1.000 2073.448 -5.280 -0.237
2394.060 1.000 2508.769 -1.018 -0.238
2445.802 1.000 2495.785 -2.804 -0.238
2337.174 1.000 2408.773 -7.637 -0.243
2267.108 1.000 2369.934 -0.435 -0.243
2199.793 1.000 2268.082 -2.810 -0.248
2342.921 1.000 2461.749 -9.262 -0.249
1.000 1904.469 -74.416 1944.000 -0.250
2353.761 1.000 2414.673 -3.681 -0.251
1.000 1215.315 -8.126 1261.435 -0.251
2370.796 1.000 2415.696 -0.599 -0.254
1590.060 1.000 1677.710 -0.083 -0.255
1.000 1278.529 -1.798 1312.659 -0.257
2418.867 1886.812 2407.503 1922.233 -0.259
1.000 1902.480 -23.549 1944.000 -0.260
2341.695 1.000 2434.641 -6.179 -0.265
2208.642 1.000 2279.861 -4.997 -0.265
2338.311 1.000 2389.841 -3.248 -0.265
1881.770 1.000 1948.670 -3.735 -0.266
2322.373 1.000 2426.086 -1.250 -0.266
1.000 1300.799 -5.550 1348.424 -0.267
2377.612 1.000 2421.526 -11.401 -0.269
1.000 1888.701 -24.682 1944.000 -0.269
2399.106 1.000 2470.908 -8.529 -0.272
1880.463 1.000 1951.977 -4.400 -0.272
1.000 1299.421 -10.269 1343.044 -0.272
1.000 1903.781 -45.232 1943.716 -0.275
2363.414 1.000 2422.919 -1.558 -0.278
2317.471 1.000 2438.007 -2.045 -0.278
2210.445 1.000 2311.344 -0.533 -0.280
2375.043 1.000 2412.482 -7.965 -0.280
1.000 1274.483 -13.795 1336.927 -0.282
2454.676 1886.440 2442.178 1921.947 -0.285
1299.229 1.000 1380.692 -5.530 -0.286
2425.742 1894.421 2405.651 1919.687 -0.287
1948.274 1894.790 1939.105 1921.569 -0.287
1895.926 1895.666 1887.611 1924.983 -0.287
1928.660 1896.086 1922.669 1922.770 -0.288
2184.797 1.000 2244.382 -4.484 -0.290
1.000 1902.727 -54.470 1944.000 -0.291
1.000 1243.798 -12.403 1284.763 -0.293
2176.108 1.000 2255.071 -11.932 -0.295
1.000 1246.115 -2.223 1303.905 -0.297
1.000 1251.845 -17.078 1299.648 -0.301
1.000 1257.125 -1.177 1291.501 -0.301
1926.605 1.000 1993.986 -0.660 -0.302
2149.579 1.000 2213.696 -2.145 -0.303
1935.566 1.000 2006.748 -2.255 -0.306
1.000 1302.504 -0.697 1353.460 -0.307
2400.752 1.000 2464.506 -3.735 -0.308
1.000 1248.463 -6.265 1305.111 -0.308
1.000 1910.103 -17.032 1944.000 -0.312
1999.236 1.000 2063.947 -4.491 -0.314
2500.438 1.000 2538.828 -6.515 -0.316
1908.542 1.000 1992.469 -2.422 -0.316
1.000 1194.559 -4.808 1241.822 -0.316
1.000 1277.417 -10.560 1321.078 -0.316
2346.946 1.000 2397.043 -11.949 -0.317
1.000 1277.350 -3.578 1372.286 -0.317
2391.580 1893.976 2379.679 1922.313 -0.317
2387.474 1893.486 2376.993 1919.361 -0.317
1.000 1205.270 -26.805 1248.534 -0.318
1.000 1269.703 -22.172 1309.195 -0.321
2185.132 1.000 2279.739 -1.173 -0.323
1.000 1241.051 -6.761 1307.327 -0.325
2172.337 1.000 2254.966 -5.288 -0.325
1999.418 1900.581 1993.616 1919.216 -0.325
1.000 1240.658 -0.864 1322.812 -0.326
1.000 1886.417 -49.370 1944.000 -0.327
1989.981 1.000 2045.076 -0.833 -0.327
1.000 1205.487 -19.995 1267.453 -0.329
1.000 1288.364 -42.475 1340.144 -0.329
1.000 1273.274 -20.410 1322.591 -0.330
2199.466 1.000 2287.292 -3.650 -0.330
2411.002 1.000 2439.874 -8.858 -0.331
2261.490 1.000 2311.516 -2.221 -0.331
2056.558 1889.752 2050.957 1920.376 -0.331
1951.167 1.000 2034.916 -7.440 -0.332
1.000 1326.856 -18.903 1378.198 -0.333
2463.651 1.000 2512.279 -10.583 -0.336
2196.776 1.000 2261.209 -13.781 -0.338
1.000 1251.621 -24.770 1308.847 -0.338
1942.550 1889.706 1930.521 1920.948 -0.338
1735.574 1.000 1807.313 -2.051 -0.338
2174.797 1.000 2239.103 -0.930 -0.339
2287.085 1.000 2344.195 -1.921 -0.340
2379.299 1.000 2478.007 -2.666 -0.342
1.000 1270.908 -10.149 1306.122 -0.342
1.000 1296.280 -4.155 1346.653 -0.345
2401.744 1891.813 2361.374 1919.954 -0.347
1.000 1290.390 -5.881 1367.394 -0.348
1.000 1303.965 -25.163 1351.479 -0.351
1.000 1306.933 -15.114 1339.574 -0.351
1.000 1211.350 -23.652 1253.336 -0.352
1.000 1275.408 -25.809 1323.109 -0.352
1.000 1238.241 -18.586 1269.111 -0.352
2382.888 1893.669 2358.539 1919.991 -0.353
2029.343 1.000 2095.236 -5.967 -0.353
2015.618 1.000 2074.555 -2.720 -0.354
2093.111 1.000 2186.620 -2.829 -0.355
2105.404 1.000 2182.184 -0.055 -0.356
1.000 1301.639 -11.349 1353.717 -0.356
2144.609 1.000 2212.599 -2.318 -0.358
1.000 1291.888 -1.501 1338.032 -0.359
1.000 1304.633 -34.185 1342.469 -0.360
1.000 1881.986 -8.407 1944.000 -0.360
2339.444 1.000 2405.405 -8.312 -0.360
1.000 1330.279 -6.989 1388.585 -0.360
1.000 1906.227 -19.755 1944.000 -0.362
2228.633 1.000 2284.555 -3.315 -0.362
2152.220 1.000 2262.203 -10.057 -0.362
1.000 1278.514 -25.519 1314.984 -0.362
1933.143 1.000 2018.256 -3.332 -0.365
1.000 1223.797 -10.268 1270.955 -0.366
2277.235 1.000 2339.390 -11.712 -0.368
1885.513 1.000 2052.440 -0.977 -0.368
1.000 1262.436 -9.065 1309.811 -0.368
1.000 1241.699 -8.540 1291.626 -0.370
1934.817 1.000 2036.249 -2.192 -0.371
1.000 1303.945 -19.041 1344.588 -0.371
1.000 1302.073 -4.033 1357.607 -0.372
2247.108 1.000 2352.019 -1.368 -0.373
1.000 1300.784 -10.379 1344.230 -0.376
1.000 1234.941 -24.237 1284.631 -0.377
2066.516 1.000 2166.333 -3.043 -0.378
2114.463 1.000 2203.357 -5.975 -0.378
1.000 1237.295 -4.208 1304.385 -0.379
1.000 1244.271 -10.724 1287.509 -0.380
1.000 1300.018 -1.079 1362.356 -0.380
1.000 1302.963 -13.280 1351.131 -0.381
2263.611 1.000 2337.336 -5.555 -0.381
1.000 1227.757 -15.115 1256.434 -0.382
1.000 1287.176 -5.576 1332.072 -0.382
2322.593 1.000 2456.920 -7.204 -0.383
1.000 1195.576 -1.000 1243.758 -0.384
1.000 1183.598 -14.985 1225.458 -0.384
2421.770 1891.793 2373.947 1912.875 -0.384
2286.292 1.000 2337.996 -5.332 -0.384
2373.193 1.000 2429.293 -7.956 -0.387
1827.707 1.000 1886.619 -3.420 -0.387
1955.878 1.000 2008.213 -1.013 -0.389
1.000 1315.122 -30.298 1372.582 -0.391
1663.818 1.000 1736.463 -1.927 -0.391
1.000 1295.094 -6.295 1363.580 -0.392
2246.652 1.000 2299.300 -10.362 -0.393
2174.973 1.000 2250.549 -2.947 -0.393
1.000 1268.842 -23.233 1307.573 -0.394
1.000 1309.901 -22.119 1388.449 -0.395
1714.422 1.000 1806.076 -2.946 -0.395
2412.932 1891.861 2385.035 1917.125 -0.396
1.000 1222.080 -8.216 1267.635 -0.396
2244.509 1.000 2327.784 -5.096 -0.398
2096.476 1.000 2149.694 -4.187 -0.398
1.000 1294.979 -34.037 1345.094 -0.400
1.000 1899.471 -37.413 1930.147 -0.401
1.000 1300.407 -25.838 1349.192 -0.402
1.000 1188.299 -1.568 1226.399 -0.403
1547.532 1.000 1631.343 -0.155 -0.404
1.000 1232.104 -13.622 1289.264 -0.405
2152.838 1894.064 2145.035 1922.258 -0.406
1.000 1194.279 -6.569 1255.867 -0.407
2256.464 1.000 2311.150 -9.489 -0.407
2143.839 1895.045 2135.792 1923.614 -0.408
1.000 1252.275 -2.025 1287.757 -0.411
1718.106 1.000 1850.408 -3.013 -0.413
2300.766 1.000 2380.559 -8.082 -0.413
1.000 1320.165 -15.105 1369.728 -0.414
1.000 1228.879 -14.152 1263.016 -0.415
2097.974 1.000 2157.080 -0.779 -0.415
1749.437 1.000 1824.032 -0.150 -0.415
1.000 1217.047 -22.062 1262.540 -0.415
1.000 1211.256 -42.504 1260.614 -0.416
1.000 1272.842 -32.649 1311.769 -0.416
2246.525 1893.859 2230.164 1919.028 -0.417
2288.510 1893.249 2281.514 1921.154 -0.419
2190.424 1.000 2290.420 -2.847 -0.419
1972.756 1.000 2105.569 -2.070 -0.419
2222.409 1.000 2282.677 -10.899 -0.421
1.000 1254.282 -20.578 1307.731 -0.421
1.000 1254.785 -22.534 1306.573 -0.421
1.000 1296.661 -20.596 1352.159 -0.421
1.000 1267.445 -45.495 1314.508 -0.421
1.000 1192.668 -21.997 1233.872 -0.422
1986.922 1896.780 1968.064 1927.128 -0.422
2066.403 1.000 2122.192 -3.660 -0.422
1.000 1911.301 -18.593 1944.000 -0.423
2125.463 1.000 2211.102 -3.230 -0.423
1.000 1883.176 -24.891 1941.429 -0.423
1859.166 1.000 1934.069 -3.378 -0.423
1.000 1233.198 -18.504 1270.346 -0.424
1027.357 1.000 1126.288 -3.943 -0.424
2271.218 1893.270 2268.478 1918.785 -0.424
1.000 1258.240 -24.367 1310.777 -0.424
1.000 1319.827 -2.185 1379.744 -0.424
1724.829 1.000 1802.952 -7.025 -0.425
1.000 1910.657 -19.787 1944.000 -0.425
1.000 1895.219 -10.186 1944.000 -0.426
2211.904 1.000 2267.640 -7.830 -0.427
1.000 1206.684 -4.498 1249.247 -0.427
2233.066 1894.587 2218.456 1922.032 -0.428
2251.902 1.000 2324.579 -4.094 -0.429
2106.697 1895.623 2098.359 1920.998 -0.430
1.000 1151.958 -6.194 1208.239 -0.430
1.000 1291.732 -27.711 1340.126 -0.431
1.000 1251.213 -37.661 1308.428 -0.431
2125.220 1891.396 2112.125 1924.357 -0.431
1.000 1884.524 -46.746 1944.000 -0.432
1.000 1180.147 -7.054 1222.187 -0.434
1.000 1213.642 -3.515 1259.736 -0.434
2302.321 1.000 2376.873 -2.997 -0.434
1.000 1234.212 -27.231 1300.069 -0.435
2030.927 1.000 2097.472 -5.237 -0.435
2268.610 1.000 2332.123 -3.712 -0.436
1.000 1891.329 -38.433 1942.615 -0.436
2142.667 1.000 2219.973 -5.306 -0.436
2136.080 1.000 2195.437 -8.076 -0.437
1.000 1180.880 -29.828 1222.525 -0.437
1.000 1873.725 -9.301 1944.000 -0.437
1.000 1210.538 -30.382 1269.400 -0.439
1.000 1269.618 -8.539 1322.912 -0.439
1.000 1165.887 -0.802 1208.706 -0.439
2298.371 1.000 2361.838 -0.723 -0.439
2204.743 1.000 2288.108 -3.339 -0.440
1.000 1895.405 -67.481 1944.000 -0.441
1477.053 1.000 1590.772 -3.804 -0.441
1.000 1220.994 -30.043 1264.082 -0.441
1580.323 1.000 1679.144 -4.629 -0.442
2503.639 394.051 2502.304 425.395 -0.442
2120.187 1890.559 2115.708 1923.502 -0.443
1.000 1897.380 -72.792 1944.000 -0.445
2529.544 346.968 2517.288 374.482 -0.445
1.000 1304.614 -50.049 1340.642 -0.445
2324.111 1.000 2389.424 -5.850 -0.445
1.000 1321.669 -21.593 1365.974 -0.446
1813.234 1.000 1902.802 -3.387 -0.447
1.000 1278.064 -19.779 1315.816 -0.448
1.000 1898.016 -7.442 1944.000 -0.449
1899.347 1893.337 1878.766 1923.596 -0.449
2222.353 1.000 2376.032 -5.846 -0.449
1.000 1220.878 -21.605 1269.138 -0.449
1.000 1320.143 -36.523 1360.324 -0.451
1.000 1232.505 -27.861 1282.776 -0.451
2282.506 1896.016 2280.713 1922.273 -0.452
1.000 1268.960 -27.244 1314.887 -0.453
1.000 1239.801 -31.105 1286.759 -0.455
1.000 1268.422 -20.802 1311.000 -0.455
2242.205 1.000 2292.661 -0.529 -0.456
2150.385 1.000 2234.968 -3.738 -0.458
1.000 1168.830 -12.464 1212.422 -0.458
1.000 1231.265 -29.313 1280.330 -0.459
1.000 1895.745 -4.850 1944.000 -0.460
2499.738 337.534 2496.124 370.593 -0.460
1.000 1256.421 -19.800 1305.533 -0.461
1.000 1345.196 -5.589 1379.491 -0.462
1.000 1285.278 -12.478 1348.124 -0.462
2268.155 1890.720 2261.656 1923.657 -0.463
1.000 1163.419 -14.654 1211.824 -0.464
2333.123 1890.042 2318.032 1922.405 -0.464
1636.375 1.000 1725.205 -1.888 -0.465
1.000 1274.256 -16.801 1318.791 -0.467
2246.510 1.000 2314.736 -4.052 -0.468
1424.422 1.000 1508.637 -0.769 -0.468
1.000 1277.978 -34.271 1333.814 -0.469
1819.522 1.000 1889.344 -1.282 -0.469
1.000 1233.710 -3.560 1275.145 -0.469
1955.701 1.000 2009.692 -1.434 -0.470
1.000 1278.606 -9.559 1318.641 -0.470
1.000 1241.720 -17.778 1303.120 -0.470
1.000 1134.986 -8.255 1201.510 -0.471
2057.764 1.000 2172.518 -2.356 -0.471
2093.265 1.000 2211.508 -0.250 -0.473
2139.870 1.000 2204.419 -1.691 -0.474
1.000 1150.012 -20.802 1189.847 -0.474
1.000 1265.853 -24.811 1329.459 -0.474
1.000 1156.329 -12.791 1203.507 -0.475
2132.163 1895.218 2129.608 1925.203 -0.475
1.000 1189.837 -0.027 1245.345 -0.478
2313.603 1.000 2383.336 -7.509 -0.478
1515.993 1.000 1619.343 -0.848 -0.479
1.000 1238.462 -4.956 1281.309 -0.479
2139.520 1.000 2230.506 -1.651 -0.480
1.000 1903.690 -40.759 1941.582 -0.481
2310.821 1892.106 2308.291 1922.067 -0.481
1.000 1337.967 -12.935 1381.756 -0.481
1.000 1214.618 -15.751 1255.323 -0.483
1.000 1252.050 -1.439 1315.064 -0.483
1.000 1330.056 -12.739 1379.028 -0.484
1.000 1192.041 -24.318 1256.559 -0.484
2321.376 1892.810 2307.034 1920.279 -0.485
2239.406 1891.119 2230.359 1923.732 -0.485
2319.023 1.000 2362.802 -2.727 -0.485
1.000 1320.189 -20.678 1387.207 -0.486
1.000 1206.771 -21.117 1245.901 -0.486
1.000 1288.017 -10.723 1329.179 -0.487
1.000 1241.550 -9.162 1283.919 -0.487
2368.679 1892.853 2349.601 1920.875 -0.488
1788.529 1.000 1889.105 -0.548 -0.488
1.000 1140.763 -5.053 1194.182 -0.489
1.000 1306.975 -26.713 1350.948 -0.490
1756.870 1.000 1848.272 -2.527 -0.490
1.000 1215.883 -18.511 1259.133 -0.493
1.000 1312.409 -8.202 1369.460 -0.493
1.000 1241.660 -43.882 1283.470 -0.494
2174.978 1.000 2222.852 -4.983 -0.494
2332.612 1892.812 2327.824 1923.314 -0.494
1.000 1130.206 -24.804 1194.901 -0.495
1.000 1302.618 -0.361 1357.054 -0.495
1568.463 1.000 1661.890 -2.775 -0.496
1836.839 1.000 1898.055 -4.820 -0.496
2279.377 1.000 2340.977 -3.464 -0.497
1.000 1272.880 -1.983 1324.966 -0.497
1.000 1214.420 -0.919 1269.661 -0.497
1.000 1314.327 -12.363 1372.309 -0.498
1.000 1296.801 -2.096 1356.249 -0.498
1.000 1888.620 -2.559 1944.000 -0.499
2274.491 1893.466 2247.394 1920.728 -0.500
1.000 1322.817 -8.860 1386.227 -0.500
1.000 1896.118 -52.789 1944.000 -0.500
1.000 1160.646 -9.882 1194.224 -0.501
2050.755 1.000 2114.528 -0.012 -0.501
1.000 1292.432 -20.444 1335.472 -0.501
2196.372 1.000 2329.277 -7.090 -0.502
1.000 1901.040 -48.061 1937.104 -0.502
1.000 1240.985 -24.681 1277.281 -0.502
1399.132 1.000 1498.482 -4.560 -0.503
1.000 1340.131 -5.989 1406.581 -0.503
1.000 1331.253 -23.458 1370.871 -0.503
2360.741 1892.711 2350.942 1920.306 -0.504
2110.089 1.000 2204.430 -6.944 -0.505
1.000 1296.759 -13.145 1363.665 -0.505
1.000 1239.983 -23.405 1306.538 -0.505
1.000 1329.986 -25.754 1369.343 -0.505
1.000 1246.536 -42.963 1299.352 -0.506
1.000 1197.733 -15.472 1246.361 -0.507
1.000 1145.278 -9.838 1196.604 -0.507
2083.232 1.000 2165.675 -7.630 -0.508
2347.562 1891.590 2331.575 1922.865 -0.508
1.000 1329.781 -29.744 1365.027 -0.508
1.000 1226.604 -3.815 1264.624 -0.509
2303.432 1892.632 2276.533 1919.024 -0.509
2227.671 1893.745 2223.513 1920.082 -0.509
1.000 1895.136 -52.705 1941.832 -0.512
1864.963 1.000 1962.935 -0.319 -0.512
2304.817 1891.991 2289.964 1920.283 -0.512
1.000 1154.960 -21.387 1198.257 -0.512
1.000 1885.530 -49.393 1944.000 -0.513
1.000 1320.691 -26.407 1387.569 -0.513
1.000 1063.339 -1.426 1116.785 -0.514
1.000 1324.806 -8.437 1387.350 -0.515
2361.018 1892.249 2344.101 1918.721 -0.515
1.000 1167.825 -1.722 1245.846 -0.515
1.000 1268.357 -0.142 1337.910 -0.515
1.000 1327.896 -12.765 1381.819 -0.515
1.000 1896.087 -27.062 1944.000 -0.516
1.000 1162.114 -1.536 1216.124 -0.517
1.000 1188.387 -3.778 1242.093 -0.517
2081.294 1.000 2159.219 -4.352 -0.518
1.000 1274.248 -7.598 1327.590 -0.520
1.000 1232.953 -28.877 1270.709 -0.520
1968.855 1895.264 1944.868 1924.161 -0.520
1802.402 1897.347 1787.871 1921.821 -0.521
1396.658 1.000 1495.558 -2.431 -0.521
1901.196 1897.255 1895.536 1925.648 -0.521
2306.972 1894.323 2300.215 1923.393 -0.521
2305.055 1893.354 2297.005 1920.084 -0.522
2089.922 1.000 2200.440 -5.098 -0.523
1.000 1885.298 -27.088 1944.000 -0.524
1.000 1895.317 -21.363 1937.698 -0.526
1.000 1251.678 -29.486 1296.244 -0.526
1.000 1883.247 -0.852 1944.000 -0.527
1.000 1869.030 -5.669 1939.109 -0.527
2315.053 1893.978 2306.871 1922.127 -0.527
1.000 1205.624 -11.742 1247.319 -0.528
1.000 1305.021 -9.376 1363.324 -0.528
2372.969 1892.097 2362.424 1915.394 -0.528
1.000 1142.550 -2.211 1196.691 -0.529
1.000 1276.340 -17.162 1307.406 -0.530
2370.410 1890.418 2364.279 1922.864 -0.530
1.000 1209.042 -27.578 1256.070 -0.531
2087.321 1896.018 2054.731 1920.984 -0.531
1.000 1224.798 -17.053 1260.990 -0.532
1.000 1821.290 -38.659 1872.627 -0.533
1.000 1891.796 -65.815 1938.076 -0.533
1.000 1148.741 -9.200 1191.954 -0.534
1.000 1232.447 -12.192 1284.844 -0.534
1.000 1166.491 -5.472 1225.316 -0.534
2123.983 1.000 2199.787 -2.836 -0.535
1.000 1182.979 -11.640 1211.904 -0.535
1.000 1148.816 -6.606 1192.535 -0.535
1.000 1163.975 -6.277 1235.034 -0.537
2085.973 1.000 2154.927 -5.823 -0.537
2058.244 1895.633 2043.398 1925.476 -0.537
1.000 1734.172 -37.953 1799.108 -0.537
2136.032 1894.347 2133.502 1920.976 -0.537
1983.598 1894.231 1970.280 1921.470 -0.538
1.000 1311.843 -9.909 1371.026 -0.538
2198.806 1888.367 2187.399 1922.993 -0.538
1.000 1728.704 -19.865 1777.922 -0.540
1.000 1246.863 -40.714 1281.005 -0.540
1.000 1200.724 -0.370 1250.533 -0.540
1.000 1329.176 -23.502 1380.532 -0.541
2042.422 1485.555 2038.602 1529.458 -0.541
1.000 1231.642 -17.237 1284.482 -0.541
1.000 1264.142 -24.595 1303.050 -0.541
1.000 1335.084 -29.153 1376.382 -0.541
1.000 1204.167 -18.274 1246.444 -0.542
1.000 1290.424 -12.953 1330.429 -0.543
1.000 1297.958 -37.649 1353.188 -0.544
1.000 1163.875 -15.457 1211.328 -0.544
1.000 1867.498 -30.809 1944.000 -0.544
1.000 1196.383 -0.977 1279.649 -0.544
1.000 1312.589 -29.528 1361.447 -0.544
1.000 1323.782 -12.959 1382.461 -0.544
1.000 1143.574 -1.511 1194.499 -0.545
1.000 1894.509 -18.317 1941.774 -0.546
1.000 1220.855 -1.304 1260.623 -0.546
1.000 1309.880 -13.314 1353.796 -0.548
1.000 1321.762 -20.292 1375.315 -0.549
1.000 1880.293 -2.298 1944.000 -0.550
1.000 1185.371 -4.709 1230.216 -0.550
1.000 1280.358 -17.344 1332.065 -0.551
1.000 1379.798 -34.471 1416.330 -0.551
1.000 1306.697 -33.085 1362.966 -0.553
1.000 1249.703 -28.181 1293.928 -0.553
1.000 1318.418 -36.693 1362.904 -0.553
1.000 1249.078 -46.007 1301.114 -0.554
1.000 1300.957 -42.232 1361.418 -0.554
2415.997 1878.845 2394.019 1917.760 -0.555
2502.996 375.570 2498.166 424.017 -0.555
1.000 1834.033 -54.255 1873.339 -0.557
1.000 1181.112 -8.068 1220.830 -0.557
1.000 1847.039 -48.390 1900.191 -0.558
1.000 1157.450 -22.390 1215.984 -0.558
2273.087 1894.860 2268.755 1924.962 -0.559
1.000 1897.251 -23.971 1938.522 -0.559
1.000 1203.918 -10.917 1267.862 -0.559
2188.335 1891.768 2178.298 1920.998 -0.560
1.000 864.153 -4.692 914.057 -0.561
2225.719 1892.782 2191.185 1920.631 -0.561
1.000 1161.374 -2.348 1218.339 -0.561
2372.132 1892.670 2362.369 1918.385 -0.562
2050.163 1895.978 2036.742 1926.742 -0.562
1.000 1176.354 -25.946 1214.572 -0.562
1.000 1881.759 -29.730 1917.830 -0.562
1.000 1887.487 -41.984 1935.509 -0.562
2138.922 1895.422 2137.404 1923.401 -0.563
1.000 1657.663 -5.009 1711.538 -0.563
1.000 1302.227 -1.620 1367.610 -0.564
889.011 1.000 1022.061 -0.731 -0.564
1.000 1219.235 -30.228 1285.290 -0.564
1.000 1373.825 -20.649 1445.829 -0.565
1.000 1271.647 -28.690 1326.229 -0.565
1.000 1838.233 -30.808 1879.359 -0.566
1.000 1201.077 -15.134 1236.851 -0.567
1.000 1296.914 -25.359 1349.466 -0.567
1.000 1192.422 -25.360 1249.649 -0.568
2054.339 1892.195 2049.986 1922.843 -0.569
1783.617 1895.982 1770.031 1925.633 -0.569
1.000 1867.934 -13.224 1944.000 -0.569
1.000 1325.904 -20.473 1392.091 -0.570
1.000 1378.988 -0.228 1416.589 -0.571
1.000 1607.877 -1.408 1675.324 -0.572
2093.067 1895.717 2083.491 1924.257 -0.572
1.000 1261.130 -7.192 1311.928 -0.572
1.000 1716.894 -3.055 1774.370 -0.573
1.000 1893.397 -56.204 1938.222 -0.573
1.000 1737.930 -18.219 1783.417 -0.573
1.000 1746.884 -38.341 1801.619 -0.574
1.000 1162.540 -9.496 1192.858 -0.574
1.000 1159.299 -1.434 1210.941 -0.575
1.000 1161.707 -15.123 1197.427 -0.575
1.000 1320.623 -7.209 1382.287 -0.577
1.000 1158.841 -22.207 1202.991 -0.577
1.000 1896.834 -13.930 1944.000 -0.579
1.000 1161.945 -19.344 1211.714 -0.581
1.000 1347.041 -10.013 1389.484 -0.582
1.000 1363.238 -4.677 1415.492 -0.583
1.000 1895.506 -50.439 1944.000 -0.584
1.000 1294.822 -5.268 1338.479 -0.584
1.000 953.493 -8.224 990.839 -0.584
2120.744 1894.267 2112.736 1920.666 -0.584
1.000 1328.807 -37.446 1378.502 -0.585
2015.451 1419.416 2012.942 1472.483 -0.585
1716.253 1895.921 1708.406 1930.756 -0.585
1.000 1236.777 -16.748 1276.672 -0.586
1.000 1193.109 -0.307 1230.366 -0.586
1.000 1338.854 -23.851 1380.254 -0.587
1.000 1157.545 -2.115 1204.246 -0.587
1.000 1193.291 -2.358 1240.256 -0.588
1.000 1304.085 -8.917 1365.453 -0.588
1.000 1783.969 -70.594 1830.358 -0.589
1.000 1159.017 -2.052 1219.411 -0.589
1.000 1322.159 -0.451 1390.523 -0.590
1.000 1871.315 -33.153 1918.644 -0.590
1.000 1343.448 -23.092 1385.315 -0.590
1.000 1353.045 -20.578 1385.118 -0.591
2108.000 1888.987 2085.036 1929.882 -0.592
1.000 1685.298 -3.701 1747.405 -0.592
1.000 1822.789 -39.130 1873.071 -0.592
1.000 1404.375 -28.721 1460.778 -0.594
1.000 1402.062 -25.490 1448.728 -0.595
1.000 1732.731 -34.566 1793.471 -0.596
1.000 1189.075 -27.248 1230.792 -0.596
1.000 1256.911 -24.845 1304.098 -0.597
1.000 1085.126 -6.329 1130.356 -0.598
1.000 1182.939 -27.772 1222.384 -0.598
1.000 1120.514 -5.704 1168.910 -0.598
1.000 1073.772 -14.730 1127.429 -0.599
1.000 1180.823 -10.505 1217.976 -0.600
1.000 1411.628 -19.681 1455.668 -0.600
1848.957 1892.011 1838.706 1930.637 -0.601
1.000 1115.546 -16.976 1173.677 -0.603
1.000 1332.433 -8.280 1385.145 -0.603
1.000 1684.002 -23.979 1746.287 -0.605
1.000 1501.732 -52.532 1550.049 -0.606
1.000 1311.831 -28.969 1345.664 -0.606
1.000 1244.894 -5.755 1306.978 -0.606
1.000 1098.161 -5.093 1159.231 -0.606
1.000 1071.583 -11.761 1113.436 -0.607
1.000 1804.909 -41.448 1864.057 -0.607
1.000 1379.018 -13.023 1418.793 -0.607
1.000 1877.921 -53.855 1938.555 -0.608
1.000 1215.181 -13.876 1242.800 -0.608
1.000 1651.178 -7.937 1712.495 -0.609
1548.058 1.000 1698.117 -0.316 -0.609
2090.729 1889.982 2060.286 1924.487 -0.609
1.000 1649.152 -12.109 1703.511 -0.609
1.000 1849.886 -60.712 1897.404 -0.612
2484.603 341.969 2475.585 376.037 -0.612
1.000 1716.706 -5.526 1763.359 -0.613
1.000 1178.282 -6.899 1255.075 -0.613
1.000 1320.358 -11.158 1368.518 -0.613
1.000 1305.916 -11.355 1354.230 -0.614
1.000 1897.946 -53.401 1932.529 -0.614
1.000 1492.036 -8.648 1546.431 -0.614
1.000 1826.151 -40.031 1873.312 -0.618
1660.281 606.836 1693.001 604.854 -0.618
1.000 1164.854 -32.931 1196.745 -0.618
1.000 1252.198 -22.402 1303.673 -0.618
1.000 1883.173 -6.970 1941.967 -0.618
1.000 1887.020 -49.440 1930.216 -0.619
1.000 1401.407 -16.735 1450.324 -0.619
1.000 1249.381 -10.241 1293.746 -0.620
1.000 1185.101 -10.762 1223.586 -0.620
1.000 1304.355 -16.850 1364.535 -0.620
1877.083 605.185 1915.530 602.451 -0.621
1761.457 1897.238 1750.781 1927.411 -0.621
1.000 1089.603 -16.469 1122.088 -0.622
1.000 1199.781 -19.309 1250.396 -0.622
1.000 1830.357 -37.634 1879.572 -0.622
1.000 1317.596 -23.794 1375.647 -0.623
1.000 1325.860 -12.660 1367.990 -0.624
1.000 1240.902 -36.267 1275.228 -0.625
1.000 1340.954 -5.988 1390.371 -0.625
1.000 1365.648 -23.154 1417.831 -0.625
1.000 1314.699 -13.988 1360.879 -0.625
1.000 1288.447 -30.703 1326.534 -0.626
1986.321 1573.490 2127.174 1571.600 -0.626
1.000 1176.613 -18.535 1210.216 -0.626
1856.433 1896.691 1846.205 1921.205 -0.627
1.000 1490.719 -6.311 1545.881 -0.627
1.000 1654.822 -16.735 1688.844 -0.627
1.000 1137.540 -17.390 1187.996 -0.627
1.000 1830.223 -16.176 1883.865 -0.627
1.000 1269.913 -15.278 1312.319 -0.628
1.000 1399.794 -1.558 1458.574 -0.628
1.000 1378.189 -26.866 1421.580 -0.629
1.000 1167.495 -39.763 1203.277 -0.630
1.000 1114.758 -20.446 1167.389 -0.631
1.000 1122.359 -3.080 1171.702 -0.631
1.000 1249.253 -22.499 1301.901 -0.632
1.000 1117.334 -10.560 1163.031 -0.632
1.000 1318.262 -14.303 1362.783 -0.632
1.000 1640.489 -41.333 1689.603 -0.632
1.000 1172.418 -1.474 1206.560 -0.633
1.000 1815.919 -28.402 1875.276 -0.634
1.000 1853.934 -45.903 1909.284 -0.634
1.000 1352.996 -13.921 1415.518 -0.634
1.000 1362.674 -2.661 1447.569 -0.635
1638.640 609.543 1692.669 608.014 -0.635
1.000 1174.168 -5.878 1219.251 -0.635
1.000 1265.037 -20.035 1318.407 -0.636
1.000 890.698 -3.541 939.508 -0.636
1.000 1326.412 -13.733 1382.016 -0.637
1.000 1122.311 -17.066 1179.876 -0.637
1.000 1713.388 -55.065 1763.571 -0.638
1.000 1620.757 -22.322 1677.334 -0.638
1.000 1623.141 -15.056 1673.396 -0.638
1.000 1703.516 -12.803 1755.494 -0.638
2401.755 1895.688 2372.489 1908.752 -0.639
1.000 1708.522 -4.405 1767.415 -0.639
1.000 1266.935 -50.323 1311.386 -0.639
1.000 1178.646 -23.606 1222.283 -0.639
1710.941 1895.996 1708.423 1930.026 -0.639
1.000 1698.373 -42.092 1751.922 -0.640
1.000 1407.032 -19.759 1463.344 -0.640
1.000 1196.932 -28.693 1241.976 -0.641
1.000 1151.793 -35.170 1188.090 -0.641
2523.988 345.895 2516.613 382.127 -0.642
1.000 1703.197 -48.423 1743.938 -0.642
1.000 1831.044 -38.186 1867.314 -0.642
1.000 1586.957 -43.454 1627.094 -0.643
1.000 1466.594 -31.115 1518.474 -0.644
1.000 1649.557 -70.767 1691.740 -0.644
1.000 1837.332 -6.850 1898.579 -0.644
1.000 1504.560 -1.753 1551.279 -0.644
1.000 1279.201 -25.755 1307.131 -0.645
1.000 1379.173 -25.721 1431.082 -0.645
1.000 1657.283 -29.740 1713.948 -0.645
2376.712 1885.132 2363.591 1920.766 -0.646
1.000 1422.918 -0.909 1498.061 -0.646
1.000 1198.395 -10.147 1227.772 -0.646
1.000 1462.550 -23.303 1502.553 -0.646
1.000 1513.982 -0.434 1543.136 -0.647
1.000 1842.066 -12.203 1915.408 -0.647
1.000 1236.511 -34.283 1266.520 -0.647
1.000 1726.773 -37.184 1759.613 -0.648
1.000 1632.247 -19.876 1673.034 -0.649
1.000 1329.400 -1.280 1394.287 -0.649
1.000 1799.968 -28.254 1874.279 -0.650
1.000 1296.612 -25.090 1336.325 -0.650
1.000 1815.909 -40.642 1868.751 -0.650
1.000 1738.587 -79.058 1795.127 -0.650
1.000 1695.505 -38.795 1748.723 -0.650
1.000 1309.242 -16.685 1354.678 -0.651
1.000 1721.118 -36.344 1777.489 -0.651
1.000 1807.707 -37.235 1868.965 -0.653
1.000 1155.772 -11.143 1205.234 -0.654
1.000 1726.153 -35.027 1775.535 -0.654
1.000 1142.701 -14.498 1183.290 -0.655
2418.382 1857.983 2414.647 1883.715 -0.656
1.000 1808.406 -28.498 1879.983 -0.656
1.000 1403.361 -1.177 1460.863 -0.656
1.000 1702.031 -43.254 1751.031 -0.657
1.000 1851.888 -10.327 1924.983 -0.657
1.000 1723.444 -42.666 1790.346 -0.657
1.000 1173.440 -22.701 1217.838 -0.658
1.000 1123.121 -7.198 1188.388 -0.658
1.000 1068.603 -0.006 1125.658 -0.658
1.000 1729.202 -53.927 1769.134 -0.658
2493.603 804.255 2484.015 824.018 -0.659
1.000 1423.621 -23.636 1465.466 -0.659
1.000 1191.454 -21.605 1226.814 -0.659
1.000 1722.411 -26.799 1771.085 -0.660
2364.539 1892.979 2360.280 1906.262 -0.660
1.000 1332.208 -35.471 1362.514 -0.661
1.000 1416.160 -32.225 1467.246 -0.661
1.000 1787.288 -46.998 1847.914 -0.661
1.000 1704.196 -47.631 1750.158 -0.661
1.000 1704.493 -55.087 1757.022 -0.662
1.000 1727.439 -21.148 1782.040 -0.662
1.000 1352.252 -27.935 1405.249 -0.662
1.000 1129.982 -5.965 1198.656 -0.663
1.000 1207.715 -27.555 1263.070 -0.663
1.000 1314.532 -2.010 1400.057 -0.663
1.000 907.307 -3.770 960.262 -0.663
1.000 1655.566 -19.457 1708.030 -0.663
1.000 1163.501 -31.944 1217.257 -0.664
1.000 1138.398 -4.221 1186.566 -0.664
1.000 1321.723 -8.612 1374.461 -0.665
2289.257 1894.131 2280.522 1920.320 -0.665
2454.959 1665.521 2439.390 1698.441 -0.665
1.000 1165.963 -34.777 1207.451 -0.665
1.000 1332.528 -8.767 1387.073 -0.666
1.000 1826.495 -48.436 1865.603 -0.666
2415.753 1888.492 2385.021 1918.214 -0.667
1.000 1687.462 -23.439 1747.686 -0.667
1.000 1433.045 -15.170 1496.998 -0.667
1.000 1141.264 -12.261 1193.145 -0.667
1.000 1857.808 -22.775 1920.912 -0.667
1.000 1619.918 -33.856 1681.583 -0.667
1.000 1371.504 -14.864 1423.472 -0.668
1.000 1394.411 -20.008 1419.431 -0.668
1.000 1138.149 -17.390 1182.967 -0.668
1.000 1857.440 -67.885 1896.136 -0.668
1.000 1272.737 -2.583 1322.949 -0.668
1.000 1749.964 -60.241 1800.849 -0.668
1.000 1645.082 -12.020 1699.405 -0.669
1.000 1447.384 -19.188 1500.991 -0.671
1.000 1601.024 -9.723 1664.166 -0.671
1.000 1328.998 -31.451 1375.871 -0.671
1.000 1738.829 -49.079 1772.426 -0.672
1.000 929.457 -4.992 968.718 -0.672
1.000 1372.350 -9.960 1405.397 -0.672
1.000 1637.319 -35.396 1686.888 -0.672
1.000 1789.212 -45.054 1828.831 -0.673
1.000 1581.101 -50.177 1624.467 -0.673
1.000 1427.660 -39.238 1488.572 -0.674
1.000 1752.871 -44.631 1818.735 -0.674
1.000 885.116 -13.265 936.815 -0.674
1.000 1698.804 -21.188 1743.089 -0.674
1.000 1146.617 -6.503 1184.783 -0.674
1.000 1890.778 -59.746 1940.650 -0.675
1.000 948.266 -15.014 995.752 -0.675
1.000 1774.871 -75.144 1828.017 -0.675
1659.055 1897.791 1645.846 1928.089 -0.675
1.000 1792.046 -31.557 1848.491 -0.675
1.000 1189.919 -24.344 1226.204 -0.676
1.000 1279.198 -0.330 1312.671 -0.676
1.000 1781.738 -54.609 1825.208 -0.676
1.000 1524.486 -47.435 1563.193 -0.676
1.000 1279.335 -27.148 1318.780 -0.677
1.000 1011.857 -1.555 1057.642 -0.677
1.000 1380.668 -17.434 1428.886 -0.678
2450.503 1314.943 2447.354 1327.442 -0.678
1.000 1137.477 -22.430 1196.439 -0.678
1.000 1465.053 -7.839 1499.784 -0.678
1.000 1086.615 -2.871 1127.160 -0.679
1.000 1805.612 -32.570 1842.642 -0.679
1.000 1836.464 -31.776 1893.283 -0.679
1.000 1862.798 -52.742 1910.740 -0.680
2496.131 302.523 2486.220 334.418 -0.680
1.000 1657.340 -69.565 1702.981 -0.680
1.000 1747.571 -43.069 1799.948 -0.680
1.000 1829.586 -47.880 1887.486 -0.680
1.000 1882.229 -28.200 1931.700 -0.680
1.000 1362.757 -8.096 1409.716 -0.680
2425.464 1776.377 2422.966 1799.803 -0.681
1.000 1791.277 -55.548 1820.751 -0.681
1.000 1650.397 -40.381 1697.878 -0.681
1.000 1395.335 -33.214 1445.710 -0.681
1.000 1846.863 -61.880 1893.383 -0.681
2050.254 1892.515 2043.883 1926.015 -0.681
1.000 1618.275 -46.785 1663.384 -0.682
2518.351 198.378 2503.889 223.465 -0.682
1.000 1318.458 -24.512 1361.305 -0.682
1.000 1727.868 -55.294 1776.147 -0.682
1.000 1371.592 -1.772 1423.027 -0.682
1.000 1710.836 -25.227 1784.419 -0.683
2081.827 1317.174 2067.427 1347.840 -0.684
1.000 1727.814 -35.171 1771.570 -0.684
1.000 1695.488 -25.319 1743.407 -0.685
1.000 1257.383 -0.106 1297.815 -0.685
1.000 1469.028 -43.712 1529.677 -0.685
1.000 1115.942 -5.507 1165.730 -0.685
1.000 1843.837 -18.405 1899.973 -0.685
1.000 1354.206 -11.349 1400.820 -0.685
1.000 1139.196 -9.968 1200.283 -0.685
1.000 1356.763 -9.703 1413.667 -0.686
1.000 1840.083 -16.314 1872.313 -0.687
2540.870 43.448 2522.120 69.989 -0.687
1.000 1072.277 -14.083 1118.020 -0.687
1.000 1718.578 -49.644 1771.237 -0.687
1.000 1578.063 -31.187 1634.213 -0.688
2530.711 51.608 2526.942 74.689 -0.689
2055.229 1407.877 2046.706 1439.629 -0.689
1.000 1341.403 -43.490 1389.868 -0.689
1.000 1366.920 -36.953 1416.094 -0.689
1.000 1734.840 -7.013 1794.285 -0.690
1.000 1411.487 -16.474 1465.944 -0.690
1.000 1674.411 -19.821 1711.196 -0.690
1.000 1167.131 -1.213 1223.656 -0.690
1.000 1755.825 -50.000 1809.772 -0.690
1.000 1739.062 -13.116 1788.131 -0.690
2434.006 1338.977 2421.549 1355.235 -0.691
1.000 1701.773 -17.759 1752.965 -0.692
1.000 1744.133 -24.167 1794.542 -0.692
1.000 1362.182 -9.350 1417.083 -0.692
1.000 1461.425 -38.746 1520.495 -0.692
1.000 1912.673 -2.082 1944.000 -0.693
1.000 1832.095 -28.146 1873.180 -0.693
1.000 1080.816 -0.744 1118.333 -0.694
1.000 1116.261 -2.699 1154.533 -0.694
1.000 1860.507 -1.361 1929.582 -0.694
1.000 1330.460 -5.946 1399.729 -0.694
1.000 1380.275 -38.694 1423.060 -0.694
1.000 1428.572 -20.320 1476.098 -0.694
1.000 1356.913 -30.676 1398.365 -0.694
1.000 1419.688 -43.931 1483.263 -0.694
1.000 1033.581 -10.032 1074.251 -0.695
1.000 1414.740 -41.841 1467.347 -0.695
1.000 1834.067 -1.562 1895.834 -0.695
1.000 1758.058 -28.819 1808.702 -0.695
1.000 1298.302 -2.054 1348.702 -0.695
1.000 1745.675 -71.261 1786.802 -0.695
1.000 1771.008 -31.715 1808.324 -0.695
1.000 1571.153 -2.516 1625.048 -0.696
1.000 1738.790 -17.636 1808.848 -0.696
1.000 1696.734 -59.864 1734.576 -0.696
1.000 1558.538 -17.092 1622.843 -0.696
1.000 1740.964 -36.766 1800.950 -0.697
1.000 1809.244 -40.522 1865.546 -0.697
1.000 1722.251 -25.717 1776.203 -0.697
1.000 1746.447 -37.438 1805.100 -0.697
1.000 885.425 -2.158 929.707 -0.697
1.000 1887.348 -31.834 1942.186 -0.697
1.000 1755.237 -59.280 1796.924 -0.697
1.000 1706.086 -58.612 1760.932 -0.698
1.000 1356.764 -0.127 1415.822 -0.698
1.000 1066.990 -13.784 1103.381 -0.699
2475.954 1068.817 2469.271 1094.902 -0.699
1.000 1344.914 -35.723 1387.568 -0.699
