848.766 1150.627 1347.483 1366.702 -0.533
740.638 1099.825 895.301 1164.883 -0.904
682.862 634.071 2175.499 1276.559 -1.010
2286.215 1822.246 2592.000 1929.369 -1.058
76.060 943.886 2454.778 1928.673 -1.154
787.899 600.012 988.632 633.516 -1.198
8.739 1913.349 425.070 1944.000 -1.225
248.747 660.306 486.788 699.096 -1.242
2374.382 1267.225 2592.000 1290.810 -1.249
1225.995 1939.190 1599.922 1944.000 -1.257
594.031 1948.648 810.022 1944.000 -1.258
2368.437 1920.751 2592.000 1943.282 -1.266
1508.597 1943.937 1789.870 1944.000 -1.272
1666.276 1947.252 1910.085 1944.000 -1.272
282.778 1948.750 485.103 1944.000 -1.280
2164.024 1939.668 2580.096 1944.000 -1.317
624.603 464.485 800.186 495.705 -1.321
1526.093 1939.416 1919.286 1944.000 -1.331
1005.327 1942.351 1260.917 1944.000 -1.334
356.856 1946.544 606.798 1944.000 -1.338
3.202 1859.144 155.371 1944.000 -1.343
936.343 1945.664 1150.294 1944.000 -1.345
228.118 1921.271 803.916 1944.000 -1.347
2178.415 382.967 2474.714 437.915 -1.358
1279.671 278.559 1460.097 330.883 -1.364
1307.137 1945.603 1536.269 1944.000 -1.365
264.218 1945.887 457.602 1944.000 -1.370
1525.892 1945.764 1767.383 1944.000 -1.380
25.659 1947.642 227.758 1944.000 -1.381
95.662 1950.316 292.015 1944.000 -1.385
121.627 1948.243 318.137 1944.000 -1.389
2069.682 1931.633 2437.074 1944.000 -1.393
397.249 1948.422 598.104 1944.000 -1.393
371.019 1946.388 667.182 1944.000 -1.396
304.929 1952.764 538.783 1944.000 -1.397
38.927 1945.673 331.302 1944.000 -1.398
1629.266 312.101 1906.563 362.605 -1.399
306.394 1950.337 514.926 1944.000 -1.400
180.537 1945.424 487.383 1944.000 -1.404
1336.015 1947.937 1593.216 1944.000 -1.404
987.347 1946.306 1254.970 1944.000 -1.409
1683.324 1931.367 2037.363 1944.000 -1.410
2236.285 1948.808 2464.972 1944.000 -1.411
591.270 1947.190 795.166 1944.000 -1.411
692.185 1947.681 951.790 1944.000 -1.411
1480.579 1946.034 1719.639 1944.000 -1.412
302.238 1947.523 493.707 1944.000 -1.413
24.810 323.173 2154.957 777.669 -1.413
954.148 1933.295 1294.680 1944.000 -1.414
295.846 1947.470 539.686 1944.000 -1.416
858.367 1947.046 1071.697 1944.000 -1.417
1376.806 1946.445 1664.705 1944.000 -1.419
2003.367 1946.601 2213.823 1944.000 -1.420
2284.947 1947.879 2508.773 1944.000 -1.421
304.934 1954.379 479.344 1944.000 -1.422
388.015 1948.998 593.761 1944.000 -1.422
1579.873 1946.617 1849.003 1944.000 -1.423
1156.042 1946.270 1383.508 1944.000 -1.424
272.602 1949.257 469.501 1944.000 -1.426
421.565 1950.492 633.099 1944.000 -1.428
1394.465 1945.268 1623.736 1944.000 -1.428
1188.274 1930.917 1754.461 1944.000 -1.431
488.623 1949.266 697.085 1944.000 -1.437
33.406 1949.340 223.583 1944.000 -1.437
1010.689 1948.297 1259.498 1944.000 -1.438
2303.405 706.708 2592.000 794.057 -1.438
2333.781 659.389 2588.989 724.164 -1.441
503.061 1953.029 673.068 1944.000 -1.441
1379.190 1947.907 1615.330 1944.000 -1.443
473.818 1946.881 721.707 1944.000 -1.443
365.269 1945.489 548.498 1944.000 -1.447
228.146 1946.063 465.773 1944.000 -1.449
608.589 1947.891 821.076 1944.000 -1.450
1482.364 1946.731 1671.008 1944.000 -1.454
486.931 1947.062 704.536 1944.000 -1.457
305.908 1945.856 550.987 1944.000 -1.459
283.683 1946.713 448.426 1944.000 -1.459
603.728 1946.512 855.387 1944.000 -1.459
806.767 1943.830 1061.600 1944.000 -1.460
340.159 1952.600 504.681 1944.000 -1.462
1328.697 253.429 1573.648 293.676 -1.462
619.698 1953.164 798.651 1944.000 -1.465
614.279 1948.295 825.114 1944.000 -1.467
2095.709 320.279 2579.483 478.100 -1.468
394.746 1945.372 636.185 1944.000 -1.469
1066.911 1950.750 1255.604 1944.000 -1.470
377.625 1950.178 613.726 1944.000 -1.470
131.525 1951.994 332.029 1944.000 -1.471
47.380 1947.764 234.317 1944.000 -1.473
505.581 1946.640 757.602 1944.000 -1.474
601.043 1946.080 820.594 1944.000 -1.474
15.627 1951.479 239.068 1944.000 -1.477
493.463 1948.029 752.180 1944.000 -1.477
529.475 1927.249 1130.691 1944.000 -1.479
982.384 1945.572 1173.156 1944.000 -1.479
414.321 1946.270 582.590 1944.000 -1.480
8.516 1946.653 172.921 1944.000 -1.480
424.076 1950.017 584.321 1944.000 -1.483
587.421 1948.616 810.517 1944.000 -1.486
928.155 1948.038 1173.403 1944.000 -1.486
122.174 1951.606 328.246 1944.000 -1.486
814.602 1945.012 1079.921 1944.000 -1.486
1316.715 1945.621 1545.342 1944.000 -1.487
1134.729 1945.175 1409.679 1944.000 -1.488
233.132 1950.243 456.555 1944.000 -1.489
323.389 1949.771 533.186 1944.000 -1.490
429.683 1955.039 613.312 1944.000 -1.491
1581.456 1945.800 1822.089 1944.000 -1.492
1254.828 1951.752 1451.844 1944.000 -1.493
1972.937 1923.217 2409.263 1944.000 -1.494
1352.816 1946.430 1633.250 1944.000 -1.496
316.545 1948.589 513.583 1944.000 -1.497
326.221 1945.342 563.902 1944.000 -1.498
523.035 1945.933 777.649 1944.000 -1.499
1139.201 1947.786 1373.187 1944.000 -1.500
497.859 1950.945 731.391 1944.000 -1.501
1431.823 1945.636 1683.949 1944.000 -1.501
118.387 1949.327 364.126 1944.000 -1.501
2350.828 1946.194 2576.861 1944.000 -1.501
2150.150 1913.190 2592.000 1944.000 -1.502
74.543 1945.906 308.132 1944.000 -1.503
1666.129 1950.560 1879.352 1944.000 -1.504
450.933 1946.301 705.440 1944.000 -1.504
1490.360 1950.275 1699.690 1944.000 -1.505
110.002 1948.249 301.515 1944.000 -1.507
472.631 1945.209 683.773 1944.000 -1.507
723.761 1948.046 939.249 1944.000 -1.507
933.410 1947.622 1169.258 1944.000 -1.507
1289.641 1945.406 1516.531 1944.000 -1.507
450.594 1949.310 657.245 1944.000 -1.510
19.038 446.973 1887.176 1280.430 -1.510
689.425 1953.666 875.204 1944.000 -1.511
420.765 1955.085 605.604 1944.000 -1.512
290.151 1946.083 595.055 1944.000 -1.512
601.903 1945.728 791.399 1944.000 -1.513
1469.756 1950.292 1671.703 1944.000 -1.513
2263.280 7.331 2592.000 74.648 -1.515
80.222 1951.423 300.174 1944.000 -1.516
240.329 1946.240 449.434 1944.000 -1.516
1017.512 1947.497 1257.856 1944.000 -1.517
923.250 1948.228 1147.412 1944.000 -1.518
506.861 1952.052 690.226 1944.000 -1.518
1.000 233.575 148.997 267.323 -1.518
2.163 1721.441 132.380 1789.254 -1.521
1020.841 1945.622 1254.907 1944.000 -1.522
154.886 1945.124 398.526 1944.000 -1.522
768.590 1945.459 1079.898 1944.000 -1.522
438.054 1954.379 612.541 1944.000 -1.523
2278.339 1950.978 2516.377 1944.000 -1.523
347.685 1949.860 555.147 1944.000 -1.523
4.041 191.900 269.857 249.781 -1.524
334.703 1945.776 583.724 1944.000 -1.524
656.321 1947.895 923.734 1944.000 -1.525
770.274 1947.872 1095.024 1944.000 -1.526
12.096 1948.840 168.078 1944.000 -1.526
1441.566 1946.141 1674.703 1944.000 -1.526
464.253 1947.359 666.166 1944.000 -1.527
415.537 1946.423 586.809 1944.000 -1.527
2339.243 1446.051 2592.000 1536.176 -1.528
130.279 1945.736 374.500 1944.000 -1.528
253.169 1946.739 448.812 1944.000 -1.530
1467.546 1948.196 1729.213 1944.000 -1.531
1595.003 1947.886 1794.755 1944.000 -1.532
990.562 1946.546 1209.726 1944.000 -1.532
466.283 1950.271 698.109 1944.000 -1.532
897.689 1945.987 1165.912 1944.000 -1.532
1182.599 1914.974 1756.590 1944.000 -1.532
1.000 104.042 191.445 145.553 -1.532
361.460 1949.595 566.862 1944.000 -1.532
939.669 1949.138 1191.687 1944.000 -1.533
393.417 1948.580 615.414 1944.000 -1.534
1243.232 1947.090 1545.906 1944.000 -1.535
544.370 1947.928 724.988 1944.000 -1.535
1581.595 1950.964 1787.180 1944.000 -1.535
292.434 1946.881 494.635 1944.000 -1.536
408.309 1946.189 602.630 1944.000 -1.536
1485.069 1949.743 1678.643 1944.000 -1.538
488.405 1951.287 652.579 1944.000 -1.538
233.950 1947.410 478.090 1944.000 -1.538
475.345 1948.275 693.826 1944.000 -1.538
486.504 1947.809 687.681 1944.000 -1.538
749.489 1920.138 1340.784 1944.000 -1.538
889.953 1945.224 1071.807 1944.000 -1.538
1607.067 1949.801 1811.224 1944.000 -1.539
259.272 1947.784 473.283 1944.000 -1.540
1552.239 1945.936 1793.192 1944.000 -1.540
387.735 1951.811 617.680 1944.000 -1.540
1681.312 1945.024 1920.961 1944.000 -1.540
1367.477 1946.526 1613.778 1944.000 -1.540
1604.556 1945.287 1841.195 1944.000 -1.543
2146.609 1945.731 2405.016 1944.000 -1.543
1392.380 1946.145 1655.052 1944.000 -1.543
229.617 1954.717 397.711 1944.000 -1.544
234.781 1948.332 430.357 1944.000 -1.544
490.758 1954.577 674.721 1944.000 -1.545
305.781 1950.161 464.278 1944.000 -1.546
19.732 1945.167 369.030 1944.000 -1.546
460.219 1949.574 717.118 1944.000 -1.548
378.868 1947.373 630.922 1944.000 -1.549
531.547 1948.041 736.299 1944.000 -1.550
688.135 1948.229 876.922 1944.000 -1.552
1477.129 1953.513 1696.127 1944.000 -1.552
56.882 1945.181 347.713 1944.000 -1.553
305.033 1945.019 603.063 1944.000 -1.553
29.505 1953.037 188.447 1944.000 -1.553
1280.287 1949.281 1536.130 1944.000 -1.553
1224.665 1948.405 1480.487 1944.000 -1.554
402.136 1947.168 649.060 1944.000 -1.554
1529.299 1945.406 1779.222 1944.000 -1.556
256.526 1945.011 465.714 1944.000 -1.556
1067.353 1952.385 1258.653 1944.000 -1.556
670.516 1953.454 849.567 1944.000 -1.557
1347.372 1947.246 1597.036 1944.000 -1.557
343.763 1946.063 588.716 1944.000 -1.557
1235.856 1950.117 1497.376 1944.000 -1.557
257.458 1947.162 469.885 1944.000 -1.558
203.290 1948.846 400.517 1944.000 -1.558
903.135 1945.487 1119.040 1944.000 -1.558
982.200 1950.649 1163.928 1944.000 -1.560
38.693 1946.086 272.112 1944.000 -1.561
34.681 1947.449 189.977 1944.000 -1.561
1436.236 1945.516 1718.394 1944.000 -1.562
2374.571 1812.459 2592.000 1830.658 -1.562
201.075 1949.037 450.177 1944.000 -1.562
373.885 1950.081 583.668 1944.000 -1.563
1453.110 1950.392 1651.417 1944.000 -1.563
581.472 1952.360 753.295 1944.000 -1.564
11.932 1954.924 172.614 1944.000 -1.564
1165.107 1951.655 1359.249 1944.000 -1.565
249.545 1945.931 497.024 1944.000 -1.565
359.044 1954.001 533.800 1944.000 -1.566
752.585 1945.509 962.638 1944.000 -1.566
545.189 1945.384 712.744 1944.000 -1.567
449.783 1947.784 653.074 1944.000 -1.568
1162.253 1949.370 1346.442 1944.000 -1.570
852.528 1945.124 1062.827 1944.000 -1.570
343.003 1946.355 538.121 1944.000 -1.570
1349.251 1945.798 1593.088 1944.000 -1.570
1504.522 1951.536 1711.962 1944.000 -1.570
1504.019 1949.012 1704.361 1944.000 -1.570
13.322 1945.005 239.933 1944.000 -1.570
414.893 1950.151 623.965 1944.000 -1.571
961.363 1948.999 1207.694 1944.000 -1.572
7.239 1767.686 134.502 1840.701 -1.572
560.621 1946.150 784.974 1944.000 -1.573
1451.086 1945.677 1684.056 1944.000 -1.573
1234.698 1946.821 1510.740 1944.000 -1.573
616.215 1945.206 867.959 1944.000 -1.573
1628.797 1946.262 1870.585 1944.000 -1.573
72.395 1945.679 363.675 1944.000 -1.573
1643.920 1948.250 1910.313 1944.000 -1.573
1075.483 1953.200 1270.934 1944.000 -1.574
432.824 1945.369 675.347 1944.000 -1.574
9.375 1947.382 193.598 1944.000 -1.574
545.275 1950.965 712.612 1944.000 -1.575
853.312 1947.218 1056.848 1944.000 -1.575
26.844 1955.379 190.882 1944.000 -1.576
203.490 1946.054 497.359 1944.000 -1.577
1399.195 1948.886 1589.832 1944.000 -1.577
485.780 1948.774 679.179 1944.000 -1.577
1484.433 1945.816 1722.637 1944.000 -1.577
510.212 1950.432 722.615 1944.000 -1.577
950.550 1945.091 1263.897 1944.000 -1.578
505.114 1947.145 690.882 1944.000 -1.578
1416.706 1946.720 1667.053 1944.000 -1.578
237.955 1955.385 411.810 1944.000 -1.578
1292.588 1948.639 1526.073 1944.000 -1.579
1144.216 1945.273 1381.862 1944.000 -1.579
47.757 1950.934 242.380 1944.000 -1.579
1594.027 1945.886 1832.417 1944.000 -1.580
2386.927 1349.862 2592.000 1373.431 -1.580
1689.444 1946.030 1921.431 1944.000 -1.581
1136.684 1950.398 1395.326 1944.000 -1.582
580.223 1949.110 779.182 1944.000 -1.582
1360.915 1945.053 1604.353 1944.000 -1.583
877.178 143.373 1149.264 193.494 -1.584
308.017 1954.085 477.291 1944.000 -1.585
285.549 1952.710 449.498 1944.000 -1.585
12.989 1949.884 191.051 1944.000 -1.586
1255.706 1948.714 1442.883 1944.000 -1.586
23.132 1949.483 213.133 1944.000 -1.587
490.965 1948.896 715.574 1944.000 -1.587
1499.039 1945.922 1735.088 1944.000 -1.588
1591.871 1946.812 1852.830 1944.000 -1.589
362.974 1951.108 594.547 1944.000 -1.589
85.935 1948.276 298.011 1944.000 -1.589
916.901 1945.633 1176.943 1944.000 -1.590
305.669 1947.860 479.228 1944.000 -1.590
1718.405 1948.483 1923.230 1944.000 -1.590
2134.321 1946.519 2352.724 1944.000 -1.590
899.440 1945.260 1110.364 1944.000 -1.590
238.601 1952.904 401.387 1944.000 -1.591
537.391 1947.639 745.109 1944.000 -1.591
364.074 1945.111 556.475 1944.000 -1.592
2279.480 1947.211 2501.581 1944.000 -1.592
591.315 1947.298 821.401 1944.000 -1.593
1240.582 1945.286 1466.434 1944.000 -1.593
1674.132 1950.174 1888.498 1944.000 -1.593
2325.893 78.948 2578.818 142.005 -1.593
604.306 1952.351 777.526 1944.000 -1.593
7.874 1947.280 165.302 1944.000 -1.593
452.320 1947.208 641.845 1944.000 -1.593
300.564 1948.771 513.973 1944.000 -1.593
1401.431 1948.384 1661.179 1944.000 -1.593
1332.477 1951.275 1530.949 1944.000 -1.594
916.916 1949.887 1168.023 1944.000 -1.594
504.107 1952.674 742.310 1944.000 -1.594
2388.368 1947.238 2592.000 1944.000 -1.594
2212.990 1945.265 2472.218 1944.000 -1.595
1235.791 1946.188 1477.094 1944.000 -1.595
176.410 1945.422 536.132 1944.000 -1.595
24.083 1947.803 189.188 1944.000 -1.596
328.142 1948.258 543.605 1944.000 -1.596
254.444 1947.977 438.272 1944.000 -1.597
406.120 1948.005 588.169 1944.000 -1.597
455.113 1947.670 666.507 1944.000 -1.598
413.585 1946.990 667.710 1944.000 -1.598
190.305 1947.091 430.386 1944.000 -1.599
251.717 1948.562 477.009 1944.000 -1.599
178.220 1951.350 401.968 1944.000 -1.599
456.983 1950.777 743.659 1944.000 -1.599
1402.658 1945.940 1641.088 1944.000 -1.600
1236.584 1948.902 1425.936 1944.000 -1.600
1249.085 278.509 1502.272 364.895 -1.600
379.050 1950.182 604.061 1944.000 -1.600
591.675 1945.667 857.511 1944.000 -1.600
426.145 1952.305 592.588 1944.000 -1.601
1519.803 1927.985 2175.491 1944.000 -1.601
222.213 1953.545 389.549 1944.000 -1.601
294.054 1945.182 455.835 1944.000 -1.601
780.994 135.232 980.176 214.054 -1.602
1631.974 1951.533 1846.381 1944.000 -1.602
13.270 1950.011 204.136 1944.000 -1.602
666.484 1953.460 845.882 1944.000 -1.603
943.160 1948.585 1166.655 1944.000 -1.603
515.784 1949.872 727.213 1944.000 -1.603
1259.489 1950.448 1458.656 1944.000 -1.605
520.093 1951.200 689.078 1944.000 -1.607
2244.327 1948.283 2468.322 1944.000 -1.607
