146.517 1387.254 1980.245 1944.000 -0.858
1327.265 1280.693 1510.240 1329.525 -0.872
1417.528 845.036 1872.438 1087.668 -0.892
2039.247 1812.814 2304.341 1930.962 -0.915
544.277 358.336 699.005 438.224 -0.949
1609.970 658.407 1825.529 787.828 -0.953
1516.684 618.196 1645.802 648.912 -0.954
1896.058 1245.331 2022.755 1269.357 -0.964
296.390 1126.064 2592.000 1944.000 -0.973
784.639 189.169 906.170 230.848 -0.983
1267.995 608.520 1404.845 651.474 -0.984
381.802 1052.981 518.856 1096.943 -0.990
7.086 316.954 143.741 361.612 -0.994
2435.167 303.027 2530.500 343.064 -0.995
2172.355 374.753 2289.803 393.151 -0.997
1409.752 575.792 1687.944 657.319 -1.004
1264.396 175.538 1388.200 205.607 -1.006
1396.502 331.994 2038.488 688.589 -1.012
1473.052 653.531 1890.450 803.798 -1.013
1620.423 1085.504 1741.196 1114.934 -1.015
1.000 635.201 187.629 700.193 -1.018
498.800 1026.250 610.563 1059.520 -1.024
1224.386 1084.637 1343.921 1108.531 -1.025
1564.142 285.389 1670.256 305.906 -1.034
2030.778 103.962 2141.310 122.279 -1.036
1307.365 142.081 1457.911 180.657 -1.036
1173.485 9.185 1289.480 37.681 -1.038
746.688 593.230 976.754 663.754 -1.046
1150.687 553.635 1470.793 652.455 -1.047
2023.012 380.399 2139.033 402.653 -1.049
789.863 355.193 931.254 397.322 -1.049
2177.995 71.206 2352.924 109.587 -1.052
679.746 200.489 827.472 241.034 -1.053
480.501 764.774 673.263 861.854 -1.054
642.129 1038.096 763.891 1073.256 -1.058
1327.427 1068.039 1476.141 1106.653 -1.060
266.398 586.476 427.624 669.348 -1.061
428.233 225.593 565.571 272.349 -1.063
491.251 602.413 654.435 650.826 -1.067
2431.813 477.775 2552.359 496.600 -1.068
596.337 969.777 711.448 1009.355 -1.069
1351.098 256.140 1472.480 286.027 -1.070
578.668 1038.888 685.596 1070.904 -1.070
881.383 185.175 990.163 215.994 -1.070
309.299 994.284 479.337 1053.092 -1.070
344.594 1041.215 612.485 1109.022 -1.072
1126.733 162.190 1236.397 187.566 -1.073
1877.641 88.463 2048.213 121.115 -1.075
1104.509 879.459 1247.537 919.127 -1.077
1068.874 1091.857 1255.862 1141.329 -1.078
15.462 1734.535 158.871 1787.791 -1.079
22.162 1361.964 159.589 1410.724 -1.079
495.564 208.003 1015.959 412.501 -1.081
475.358 653.081 644.578 711.417 -1.081
443.592 1.000 543.291 30.524 -1.081
1250.368 1049.118 1374.511 1082.540 -1.081
1675.789 1097.994 1790.249 1124.552 -1.082
852.236 995.409 1034.290 1043.444 -1.084
939.400 118.531 1080.035 157.731 -1.086
690.342 802.737 856.981 858.241 -1.086
211.909 641.851 352.867 688.862 -1.087
279.396 412.827 410.914 451.794 -1.087
1202.805 272.053 1693.343 378.592 -1.088
648.040 437.620 1411.620 660.329 -1.089
2426.165 739.682 2561.401 764.203 -1.093
372.612 844.620 509.359 885.148 -1.093
805.588 289.722 1980.503 713.947 -1.094
1872.052 3.444 1999.444 70.400 -1.094
2004.896 85.302 2134.832 106.978 -1.094
2432.415 646.701 2558.533 663.839 -1.097
1660.239 783.917 1854.122 831.809 -1.097
1245.298 796.001 1413.728 842.643 -1.097
327.111 560.082 431.882 590.613 -1.098
1202.172 1051.256 1548.702 1168.487 -1.099
1761.717 117.632 1905.831 148.333 -1.100
2028.474 57.863 2292.272 124.589 -1.101
1.000 363.187 135.255 406.137 -1.101
263.856 256.298 396.832 305.489 -1.101
1553.963 780.487 1743.120 829.705 -1.102
274.271 198.459 454.971 251.983 -1.102
707.840 730.722 2167.131 1284.296 -1.105
969.067 173.679 1089.192 208.728 -1.106
1609.804 108.417 1782.944 151.769 -1.106
2039.198 122.781 2189.745 161.244 -1.108
202.875 1047.545 314.987 1091.217 -1.109
14.534 780.685 176.515 826.430 -1.110
2437.000 81.846 2544.549 90.991 -1.110
18.497 1900.031 137.630 1937.845 -1.110
520.656 735.909 665.955 778.191 -1.111
1.000 1866.078 210.678 1944.000 -1.112
611.159 734.617 719.987 771.318 -1.112
2256.894 3.825 2382.371 29.127 -1.113
447.341 389.188 594.174 433.144 -1.114
1415.802 1.000 1564.972 33.355 -1.115
11.781 468.888 169.694 517.552 -1.116
1.000 21.863 722.794 295.844 -1.117
16.858 1285.351 165.789 1330.819 -1.118
428.486 645.558 733.128 745.103 -1.118
1670.949 154.227 1779.690 180.720 -1.118
1.000 387.212 861.226 658.040 -1.119
315.221 661.351 473.751 708.427 -1.119
2426.445 365.361 2533.775 383.744 -1.119
570.566 1024.656 736.616 1074.814 -1.120
2184.678 682.818 2325.716 719.791 -1.123
2242.156 372.599 2359.621 392.642 -1.123
529.243 912.640 714.485 970.525 -1.124
15.353 1115.415 150.489 1159.865 -1.125
2092.406 1.000 2205.005 49.790 -1.125
589.022 896.468 703.428 922.883 -1.127
1157.733 1.000 1316.720 45.689 -1.127
9.659 1077.944 151.344 1125.089 -1.128
308.834 311.104 2592.000 1177.596 -1.128
2405.617 1.000 2546.978 39.560 -1.130
1712.530 100.081 1897.075 149.849 -1.130
2441.549 237.804 2547.807 253.815 -1.130
1480.248 117.694 1695.851 174.339 -1.131
721.523 135.958 824.485 189.583 -1.131
43.282 726.289 167.737 763.397 -1.132
1311.968 53.306 1425.378 77.183 -1.136
2173.694 2.223 2282.732 26.901 -1.136
6.580 1346.322 222.494 1420.608 -1.137
8.742 1513.160 144.182 1558.152 -1.139
1679.843 265.792 1818.847 290.043 -1.140
1384.495 170.575 1513.663 192.358 -1.141
1543.212 96.963 2592.000 495.303 -1.141
1694.016 9.123 1870.172 56.344 -1.142
334.175 1.000 457.757 37.040 -1.143
1168.095 225.824 1272.527 245.317 -1.143
1686.823 61.160 1812.444 84.744 -1.143
1292.629 1.000 1401.366 31.946 -1.146
1.000 1750.151 179.305 1847.170 -1.147
15.999 1837.452 124.690 1877.840 -1.147
1353.004 1.000 1457.961 24.135 -1.150
2278.048 37.925 2534.792 108.970 -1.151
1057.233 159.129 1164.718 187.871 -1.153
684.448 1.000 813.595 27.404 -1.153
1091.614 67.594 1214.198 98.513 -1.154
11.155 811.480 116.649 844.053 -1.154
1.000 281.754 104.939 321.311 -1.154
16.955 943.791 153.404 990.194 -1.157
842.589 141.529 948.007 171.611 -1.157
1.000 854.035 138.724 906.891 -1.157
16.509 259.800 734.709 490.393 -1.160
1643.678 1.000 1985.692 98.792 -1.160
15.167 1640.579 161.553 1694.676 -1.161
1258.691 1.000 1444.168 40.704 -1.161
16.676 1311.882 143.897 1358.710 -1.162
203.052 1106.906 305.887 1143.777 -1.162
1284.641 87.336 1406.853 119.574 -1.164
