1412.290 571.056 1534.395 661.624 -0.809
1549.393 1613.552 1672.006 1655.736 -0.866
1266.451 1526.745 1401.752 1569.905 -0.894
1828.518 639.601 1903.976 736.762 -0.974
549.812 604.102 630.786 659.937 -0.992
439.412 385.234 506.483 432.601 -1.004
1070.497 1789.820 1143.161 1867.853 -1.007
871.741 959.789 963.197 1101.846 -1.008
1521.830 297.342 1599.532 353.888 -1.008
311.849 1479.038 397.840 1527.712 -1.031
1154.135 503.426 1382.326 671.610 -1.031
1099.854 1073.304 1182.841 1124.562 -1.032
92.622 1074.330 154.363 1149.369 -1.033
1471.000 1347.480 1570.232 1484.229 -1.033
47.935 1268.737 153.552 1333.122 -1.037
1644.602 1162.104 1707.335 1255.878 -1.039
803.355 343.590 862.470 424.356 -1.040
191.317 699.942 251.014 770.767 -1.043
1218.843 1366.887 1446.257 1652.981 -1.052
744.218 951.331 827.398 1044.603 -1.054
727.124 461.878 802.968 516.940 -1.056
559.126 1245.223 650.062 1347.636 -1.057
1598.244 297.260 1649.105 399.328 -1.059
2031.958 1.000 2142.175 84.647 -1.062
1403.619 241.622 1778.295 707.841 -1.063
1154.686 1655.124 1289.575 1736.377 -1.064
1745.449 329.084 1821.351 379.308 -1.068
769.261 1018.180 828.659 1100.949 -1.069
440.225 373.431 666.287 659.885 -1.070
