1157.532 1063.619 1237.695 1184.552 -0.892
927.518 788.763 1466.277 1151.094 -0.927
933.108 1137.042 1042.499 1166.619 -0.957
1431.040 331.544 1552.222 374.458 -0.959
564.411 1097.463 688.284 1139.205 -0.991
1556.884 351.695 1680.492 394.586 -0.997
402.585 1943.778 539.194 1944.000 -0.998
1499.279 596.705 1671.038 647.998 -1.000
1828.072 1248.160 1980.628 1291.299 -1.000
216.343 1941.738 372.187 1944.000 -1.002
1.000 1124.923 2592.000 1944.000 -1.002
1643.190 545.378 1836.617 608.380 -1.004
1699.489 1083.199 1787.052 1121.048 -1.008
128.696 1088.691 299.622 1141.781 -1.014
1301.715 594.909 1440.569 640.715 -1.023
1500.582 584.474 1786.030 669.274 -1.024
519.873 1074.847 614.745 1107.109 -1.029
1265.171 627.299 1358.886 661.867 -1.040
313.132 1012.109 625.758 1111.745 -1.041
817.756 602.889 973.138 651.304 -1.043
525.042 574.693 740.646 646.772 -1.043
588.906 519.405 1527.533 814.188 -1.043
1866.352 527.548 1975.095 565.003 -1.047
795.255 1046.010 960.557 1094.112 -1.050
888.191 168.101 1020.520 214.220 -1.051
1101.285 354.020 1229.437 393.551 -1.056
1787.745 442.775 1906.876 558.531 -1.057
1724.399 326.056 1855.487 377.451 -1.057
1799.590 521.688 1984.119 670.207 -1.061
1668.921 1946.015 1821.350 1944.000 -1.062
375.072 400.273 529.757 444.057 -1.063
1.000 319.249 105.310 364.741 -1.065
1061.108 147.682 1198.128 191.476 -1.067
1144.254 282.994 2069.135 718.401 -1.069
735.282 1028.485 897.645 1084.149 -1.075
1629.730 1946.105 1783.375 1944.000 -1.075
1672.800 719.812 1833.854 778.506 -1.077
1680.435 1065.230 1801.987 1099.953 -1.081
1707.144 1947.135 1858.661 1944.000 -1.082
1516.784 1946.640 1668.671 1944.000 -1.083
1269.000 1945.512 1415.934 1944.000 -1.086
1551.144 110.889 1711.124 160.307 -1.086
1592.962 1946.557 1745.185 1944.000 -1.086
450.197 1945.060 584.729 1944.000 -1.090
1649.875 1945.971 1802.054 1944.000 -1.091
2375.794 278.192 2522.617 325.933 -1.093
1592.082 1945.008 1738.013 1944.000 -1.093
1672.086 1945.353 1818.215 1944.000 -1.095
1.000 516.757 1962.521 1184.739 -1.096
963.082 75.918 1047.542 112.889 -1.098
1467.839 1945.727 1619.360 1944.000 -1.099
1350.673 248.971 1452.255 284.048 -1.099
993.613 158.358 1146.102 206.495 -1.099
1527.406 1946.484 1677.702 1944.000 -1.100
1449.983 1946.364 1599.041 1944.000 -1.101
551.259 384.860 668.618 430.293 -1.101
1486.885 1945.771 1638.656 1944.000 -1.104
606.453 200.144 737.644 242.380 -1.105
1478.546 1946.171 1627.315 1944.000 -1.105
1414.581 1945.022 1558.302 1944.000 -1.105
1583.319 1945.949 1727.817 1944.000 -1.107
1640.443 1946.809 1791.999 1944.000 -1.109
325.804 217.904 479.459 273.463 -1.113
1315.690 1945.830 1465.342 1944.000 -1.114
1316.931 134.160 1488.658 182.924 -1.114
1938.150 1091.267 2064.011 1124.786 -1.114
2029.438 63.827 2205.039 122.978 -1.115
884.473 334.969 973.986 368.858 -1.115
1468.147 125.206 1587.305 172.657 -1.116
1220.581 181.778 1325.903 224.677 -1.119
1202.339 1945.356 1348.398 1944.000 -1.119
1716.542 1946.387 1870.259 1944.000 -1.119
1745.177 77.039 1930.838 141.558 -1.122
1726.059 1946.149 1879.237 1944.000 -1.123
1040.493 1945.408 1184.180 1944.000 -1.123
2438.846 50.456 2557.147 90.960 -1.124
1288.265 1946.016 1435.578 1944.000 -1.125
823.418 369.330 994.714 424.148 -1.125
2333.798 35.262 2524.778 98.260 -1.125
1564.372 38.735 1770.217 98.691 -1.126
734.746 397.724 828.105 431.769 -1.127
464.481 262.673 2592.000 1416.086 -1.129
916.874 1945.409 1059.979 1944.000 -1.129
1316.448 225.358 1486.508 279.610 -1.130
1364.190 1945.564 1513.286 1944.000 -1.132
320.847 392.737 539.233 457.581 -1.132
1556.745 1945.354 1702.331 1944.000 -1.133
1887.996 1946.957 2043.049 1944.000 -1.133
1460.650 1946.639 1607.868 1944.000 -1.134
341.560 441.622 479.145 484.138 -1.136
1402.237 1945.223 1552.081 1944.000 -1.136
1392.979 1946.090 1542.578 1944.000 -1.137
678.838 1945.022 817.907 1944.000 -1.138
974.931 1945.074 1116.028 1944.000 -1.139
2346.291 1948.707 2505.125 1944.000 -1.141
2210.634 1947.461 2371.898 1944.000 -1.141
646.163 1946.217 804.128 1944.000 -1.143
1307.138 1946.031 1454.322 1944.000 -1.143
1693.420 1945.041 1866.234 1944.000 -1.143
2221.256 1947.305 2380.929 1944.000 -1.146
1210.117 1945.306 1361.120 1944.000 -1.146
888.210 1945.652 1028.737 1944.000 -1.148
1194.006 1946.016 1337.726 1944.000 -1.149
1772.438 1945.148 1928.704 1944.000 -1.149
870.449 1945.980 1010.715 1944.000 -1.149
1141.470 1.000 1300.308 50.224 -1.149
1735.722 1946.291 1890.980 1944.000 -1.150
1660.594 1946.936 1811.348 1944.000 -1.151
1448.208 85.785 1543.936 124.853 -1.151
864.576 148.864 1181.307 240.516 -1.152
1069.016 1945.045 1213.327 1944.000 -1.152
2354.624 1948.047 2515.797 1944.000 -1.152
1584.364 1946.328 1734.368 1944.000 -1.153
1572.500 1945.111 1725.894 1944.000 -1.154
1002.535 1945.179 1147.014 1944.000 -1.154
1383.191 1945.178 1532.785 1944.000 -1.155
1821.295 1946.631 1976.386 1944.000 -1.156
2307.055 1948.366 2467.354 1944.000 -1.156
1498.611 1945.697 1647.740 1944.000 -1.157
1959.684 88.202 2081.188 128.557 -1.157
2335.572 1947.742 2495.831 1944.000 -1.158
1421.414 1946.298 1570.097 1944.000 -1.158
1618.488 216.207 1776.993 281.748 -1.158
1373.707 1945.326 1522.264 1944.000 -1.158
458.040 1945.862 617.618 1944.000 -1.158
2061.498 35.651 2335.444 118.300 -1.159
2420.981 129.415 2539.295 171.511 -1.161
1356.117 1946.853 1502.090 1944.000 -1.161
2240.442 1947.469 2402.320 1944.000 -1.162
257.152 424.987 350.229 462.886 -1.162
589.226 159.665 732.178 200.066 -1.163
363.311 204.659 581.537 274.405 -1.163
1249.908 1945.037 1396.841 1944.000 -1.167
1897.427 1946.119 2053.103 1944.000 -1.168
1363.433 1946.538 1497.321 1944.000 -1.168
1972.427 1945.875 2131.980 1944.000 -1.169
1659.664 1945.589 1830.414 1944.000 -1.170
1318.523 1945.051 1487.392 1944.000 -1.170
2382.228 1948.151 2546.783 1944.000 -1.171
1116.812 1945.445 1262.789 1944.000 -1.171
1336.897 1946.780 1482.242 1944.000 -1.172
2086.149 1946.752 2249.805 1944.000 -1.172
1697.575 1946.682 1849.217 1944.000 -1.173
1745.291 1946.743 1900.425 1944.000 -1.173
204.855 95.666 1353.621 456.516 -1.174
1611.828 1946.312 1763.259 1944.000 -1.174
1754.851 1948.106 1906.494 1944.000 -1.174
601.598 71.509 720.033 110.926 -1.175
1545.650 80.183 1657.894 124.292 -1.176
1774.084 1945.227 1908.820 1944.000 -1.176
1356.372 1950.938 1499.562 1944.000 -1.176
2402.199 1947.988 2564.910 1944.000 -1.176
1232.909 1948.157 1369.437 1944.000 -1.177
2416.092 1946.515 2558.709 1944.000 -1.177
1535.870 1946.854 1687.094 1944.000 -1.177
1763.007 1945.986 1918.649 1944.000 -1.178
1564.510 1945.269 1735.325 1944.000 -1.178
1548.025 1946.696 1691.945 1944.000 -1.179
1351.222 150.534 1529.106 212.473 -1.179
1652.571 79.053 1792.300 126.889 -1.179
840.595 1945.541 980.497 1944.000 -1.180
1507.161 1946.668 1656.055 1944.000 -1.180
200.023 488.402 379.403 539.939 -1.181
1810.802 1946.387 1968.111 1944.000 -1.181
1516.629 1.000 1649.933 41.080 -1.182
1528.012 1945.932 1665.889 1944.000 -1.183
2394.040 1948.677 2554.790 1944.000 -1.183
1441.234 1946.176 1582.783 1944.000 -1.184
1618.897 1946.190 1763.010 1944.000 -1.185
2338.368 1946.164 2522.353 1944.000 -1.185
1907.222 1947.291 2063.566 1944.000 -1.185
1435.525 97.147 1627.975 164.046 -1.186
289.265 1946.303 413.213 1944.000 -1.186
1661.286 1948.178 1836.933 1944.000 -1.186
1832.143 1947.195 1986.436 1944.000 -1.186
1915.133 80.516 2027.154 121.109 -1.186
2082.132 1946.148 2229.530 1944.000 -1.187
297.753 1945.201 422.297 1944.000 -1.188
669.181 1945.141 806.834 1944.000 -1.188
665.830 1945.853 828.420 1944.000 -1.189
1457.410 1949.265 1597.524 1944.000 -1.189
2291.528 1946.584 2474.590 1944.000 -1.190
1322.729 83.641 1439.656 121.658 -1.190
1554.916 1946.898 1706.390 1944.000 -1.190
2172.591 1946.632 2335.808 1944.000 -1.190
1.000 1946.056 115.750 1944.000 -1.190
1290.099 1945.021 1430.132 1944.000 -1.190
1633.344 1945.006 1775.458 1944.000 -1.190
1863.424 64.926 2076.776 138.509 -1.190
878.208 1948.115 1009.117 1944.000 -1.190
1545.082 1945.556 1696.800 1944.000 -1.191
1222.529 1945.652 1366.874 1944.000 -1.191
2338.605 1947.871 2492.158 1944.000 -1.191
1926.003 1946.446 2082.717 1944.000 -1.191
2162.505 1945.754 2344.183 1944.000 -1.191
1674.185 163.174 1801.005 213.174 -1.192
2385.208 1945.744 2570.115 1944.000 -1.192
2009.289 204.242 2158.951 252.023 -1.192
139.420 368.081 264.683 421.503 -1.192
104.552 1946.074 224.469 1944.000 -1.195
2361.490 1945.124 2545.930 1944.000 -1.195
1.000 259.831 79.651 297.874 -1.195
947.608 1947.555 1079.528 1944.000 -1.196
1964.400 1947.594 2120.580 1944.000 -1.197
304.841 1945.010 462.696 1944.000 -1.197
2400.643 1946.896 2557.180 1944.000 -1.198
1289.151 1946.976 1458.722 1944.000 -1.199
1460.958 1945.062 1596.706 1944.000 -1.199
1609.889 1945.208 1755.202 1944.000 -1.200
1455.698 1950.918 1599.287 1944.000 -1.201
8.935 467.357 120.420 503.863 -1.201
1535.653 1949.301 1675.388 1944.000 -1.202
1009.741 1948.772 1142.173 1944.000 -1.202
554.574 51.293 677.641 108.832 -1.203
1252.694 76.868 1430.266 129.364 -1.203
1859.473 1947.320 2013.901 1944.000 -1.203
1471.642 60.158 1674.415 123.258 -1.203
1682.250 1946.281 1827.402 1944.000 -1.203
7.293 137.303 147.460 181.857 -1.204
1411.746 1948.777 1549.011 1944.000 -1.204
1602.354 1945.549 1756.113 1944.000 -1.204
1508.192 1948.314 1681.543 1944.000 -1.204
1644.957 1945.525 1783.875 1944.000 -1.205
1715.576 1945.334 1865.944 1944.000 -1.205
1467.041 1950.042 1603.863 1944.000 -1.205
1471.321 1946.269 1603.323 1944.000 -1.206
1.000 6.678 105.417 40.494 -1.206
1413.169 1946.387 1561.054 1944.000 -1.207
2160.495 105.341 2279.418 149.604 -1.207
2324.819 1946.868 2488.080 1944.000 -1.207
2202.210 1947.261 2361.633 1944.000 -1.208
2164.249 1948.202 2321.762 1944.000 -1.208
2313.023 1948.286 2465.012 1944.000 -1.208
1051.115 1945.252 1193.211 1944.000 -1.208
994.163 1945.669 1137.215 1944.000 -1.208
1998.133 231.045 2166.200 290.831 -1.209
1586.080 1948.782 1758.179 1944.000 -1.209
1703.675 1947.496 1882.439 1944.000 -1.209
1633.956 96.241 1800.114 154.008 -1.209
2382.952 1947.415 2538.172 1944.000 -1.210
1183.293 1945.311 1329.102 1944.000 -1.210
1303.529 1949.223 1438.969 1944.000 -1.210
228.313 1945.026 384.115 1944.000 -1.210
1267.381 1946.569 1439.197 1944.000 -1.210
2192.697 1946.691 2388.994 1944.000 -1.211
312.433 1946.008 436.888 1944.000 -1.211
1677.348 1945.045 1834.320 1944.000 -1.211
2363.970 1946.609 2526.928 1944.000 -1.211
862.737 1948.079 993.443 1944.000 -1.211
1.000 333.254 924.235 662.960 -1.211
1710.561 45.327 1840.818 85.994 -1.211
2412.906 1948.432 2572.864 1944.000 -1.212
2315.302 1947.106 2479.102 1944.000 -1.212
1726.719 1946.786 1872.221 1944.000 -1.212
1019.035 1948.872 1147.961 1944.000 -1.212
1702.512 1945.006 1871.027 1944.000 -1.213
638.311 1947.670 765.026 1944.000 -1.213
2106.566 1946.405 2261.210 1944.000 -1.213
1571.920 196.392 1673.960 235.037 -1.214
1635.557 1945.595 1781.969 1944.000 -1.214
1298.236 41.967 1422.958 82.467 -1.214
2249.718 1946.412 2405.479 1944.000 -1.214
2351.385 1946.884 2530.391 1944.000 -1.216
1596.371 1.000 2592.000 368.189 -1.216
982.385 1945.052 1127.665 1944.000 -1.217
1521.657 1946.177 1682.903 1944.000 -1.217
1849.904 1946.868 2004.457 1944.000 -1.217
1403.471 63.112 1520.650 111.306 -1.218
1621.220 1945.304 1774.187 1944.000 -1.218
2168.569 1945.937 2307.940 1944.000 -1.219
1631.165 1945.761 1798.208 1944.000 -1.219
2364.710 1946.285 2544.032 1944.000 -1.219
612.527 3.453 1204.807 176.513 -1.219
1512.485 1949.597 1651.714 1944.000 -1.219
1765.484 1945.281 1900.231 1944.000 -1.220
100.491 186.206 219.003 241.926 -1.220
2418.892 1950.028 2560.250 1944.000 -1.220
822.654 1945.579 961.254 1944.000 -1.220
2237.094 1945.687 2388.836 1944.000 -1.220
1428.759 1945.056 1563.156 1944.000 -1.221
1761.107 1945.831 1909.373 1944.000 -1.222
2068.873 1946.803 2247.583 1944.000 -1.222
2060.637 1946.270 2195.208 1944.000 -1.222
1531.113 1945.449 1693.037 1944.000 -1.222
216.113 58.635 347.627 117.735 -1.223
1654.358 1945.713 1800.022 1944.000 -1.223
1564.213 1946.201 1715.019 1944.000 -1.223
2353.319 1946.515 2496.518 1944.000 -1.224
2355.554 1946.535 2505.634 1944.000 -1.224
2372.660 1947.699 2537.338 1944.000 -1.224
1530.053 1945.133 1676.141 1944.000 -1.224
2274.621 1946.539 2434.022 1944.000 -1.224
2165.696 1950.298 2343.917 1944.000 -1.225
1199.672 193.275 1517.558 292.873 -1.225
2297.486 1947.913 2457.909 1944.000 -1.225
129.296 137.981 257.937 193.902 -1.225
1519.025 1947.351 1693.093 1944.000 -1.225
2350.129 1948.695 2493.440 1944.000 -1.225
645.939 1946.851 773.902 1944.000 -1.226
1240.477 1945.875 1386.786 1944.000 -1.226
1180.200 1945.520 1309.311 1944.000 -1.226
1685.266 1949.001 1854.330 1944.000 -1.226
2141.939 1946.218 2296.078 1944.000 -1.226
1737.528 1951.201 1885.030 1944.000 -1.226
2408.362 1946.708 2551.417 1944.000 -1.227
1441.604 1946.594 1588.572 1944.000 -1.227
1127.571 1946.580 1271.209 1944.000 -1.227
2355.186 1946.716 2512.121 1944.000 -1.227
2425.497 1947.664 2564.002 1944.000 -1.228
2245.640 1953.412 2397.748 1944.000 -1.228
2391.957 1946.256 2535.866 1944.000 -1.228
1638.044 1950.969 1784.242 1944.000 -1.228
2348.610 1947.678 2503.354 1944.000 -1.228
1894.219 1945.872 2043.261 1944.000 -1.229
390.790 1946.141 516.454 1944.000 -1.229
1287.220 1945.154 1420.334 1944.000 -1.229
1175.465 1951.618 1314.357 1944.000 -1.230
510.804 1949.337 642.687 1944.000 -1.230
1408.530 78.752 1697.503 169.373 -1.230
2317.601 1951.702 2465.167 1944.000 -1.231
963.400 1949.151 1094.279 1944.000 -1.231
1629.834 1951.699 1775.489 1944.000 -1.231
2274.651 1945.963 2480.786 1944.000 -1.231
1894.313 1945.964 2069.729 1944.000 -1.231
373.696 1946.717 528.688 1944.000 -1.232
651.739 1949.666 785.470 1944.000 -1.233
1424.494 1946.212 1564.829 1944.000 -1.233
971.926 1948.399 1103.198 1944.000 -1.233
2145.163 1947.988 2303.339 1944.000 -1.233
1444.433 1949.728 1579.680 1944.000 -1.234
1520.950 1950.331 1668.130 1944.000 -1.234
2376.410 1946.472 2518.326 1944.000 -1.234
1668.789 1946.009 1807.609 1944.000 -1.235
2269.051 1947.706 2430.391 1944.000 -1.235
683.863 1947.110 814.034 1944.000 -1.235
2197.512 1946.009 2378.062 1944.000 -1.236
469.031 1947.128 592.121 1944.000 -1.236
11.153 37.190 149.455 85.337 -1.236
1.000 1945.297 104.690 1944.000 -1.236
1746.265 1947.117 1881.177 1944.000 -1.236
1703.178 1947.080 1840.617 1944.000 -1.237
493.085 1947.993 614.910 1944.000 -1.237
1877.377 1945.942 2036.723 1944.000 -1.238
656.205 1949.040 781.335 1944.000 -1.238
1308.266 1950.762 1447.733 1944.000 -1.238
406.367 1947.014 531.087 1944.000 -1.238
1788.796 1945.717 1962.827 1944.000 -1.239
1834.167 1945.899 2008.519 1944.000 -1.239
1258.293 1945.067 1407.979 1944.000 -1.239
1672.025 1948.169 1847.381 1944.000 -1.239
156.085 239.088 250.146 276.196 -1.239
1682.792 1945.226 1847.713 1944.000 -1.240
1480.686 1950.853 1625.724 1944.000 -1.240
2222.974 1946.640 2376.329 1944.000 -1.240
1445.519 1948.888 1613.375 1944.000 -1.241
2232.850 1945.918 2415.451 1944.000 -1.241
1446.065 1945.583 1581.362 1944.000 -1.242
1664.397 1946.772 1807.878 1944.000 -1.242
1436.799 1950.335 1570.260 1944.000 -1.242
1627.154 1947.811 1804.627 1944.000 -1.243
906.490 1946.415 1072.236 1944.000 -1.244
1820.885 1949.416 1966.172 1944.000 -1.244
1310.118 1945.118 1436.878 1944.000 -1.245
336.751 1946.851 460.558 1944.000 -1.245
58.288 1946.201 178.442 1944.000 -1.245
1398.736 1950.424 1533.809 1944.000 -1.245
1182.122 1949.260 1324.475 1944.000 -1.245
1744.538 1950.138 1886.810 1944.000 -1.245
2116.774 1948.210 2275.617 1944.000 -1.245
1280.675 1947.894 1445.913 1944.000 -1.245
1696.643 1948.124 1830.251 1944.000 -1.245
66.060 1946.568 186.114 1944.000 -1.246
2406.666 1947.087 2557.298 1944.000 -1.246
1708.781 1946.474 1853.077 1944.000 -1.246
1271.622 1948.597 1408.455 1944.000 -1.246
578.318 1945.649 739.760 1944.000 -1.246
1551.161 1949.687 1690.896 1944.000 -1.246
961.133 1946.049 1127.883 1944.000 -1.246
1828.883 1951.893 1979.066 1944.000 -1.246
197.706 1945.365 348.740 1944.000 -1.247
1522.400 1946.710 1664.989 1944.000 -1.247
2047.877 1946.374 2209.992 1944.000 -1.247
2409.819 1948.148 2566.127 1944.000 -1.247
326.817 1945.750 483.624 1944.000 -1.248
421.906 1947.537 545.886 1944.000 -1.248
173.624 1945.198 329.472 1944.000 -1.249
1839.230 1946.334 1994.959 1944.000 -1.249
2345.664 1947.612 2521.099 1944.000 -1.249
1795.581 1945.679 1946.146 1944.000 -1.249
1689.820 1945.236 1837.034 1944.000 -1.250
168.028 1946.650 284.948 1944.000 -1.250
1280.323 1949.169 1415.459 1944.000 -1.250
452.777 1947.122 578.106 1944.000 -1.250
1542.262 1946.535 1704.893 1944.000 -1.250
1154.724 1945.245 1300.159 1944.000 -1.251
1664.600 1945.717 1830.350 1944.000 -1.251
1689.659 1945.044 1820.527 1944.000 -1.251
2408.770 1946.858 2592.000 1944.000 -1.251
2119.327 1947.988 2259.132 1944.000 -1.251
1526.915 1945.024 1654.487 1944.000 -1.252
2220.442 1945.176 2363.696 1944.000 -1.252
2127.216 1946.054 2305.719 1944.000 -1.252
617.492 1948.600 742.318 1944.000 -1.252
1409.740 1948.084 1581.800 1944.000 -1.252
396.029 1947.103 546.816 1944.000 -1.252
1242.434 1948.097 1376.815 1944.000 -1.253
2267.147 1947.753 2409.804 1944.000 -1.253
1890.342 1945.606 2035.827 1944.000 -1.253
2246.784 1946.064 2397.161 1944.000 -1.253
1.000 209.973 82.290 253.590 -1.253
1309.816 1946.082 1483.701 1944.000 -1.253
1728.852 1949.380 1871.019 1944.000 -1.254
902.724 1948.714 1033.102 1944.000 -1.254
1815.572 1946.993 1962.239 1944.000 -1.254
100.012 1945.746 250.221 1944.000 -1.254
1769.159 1946.466 1950.405 1944.000 -1.254
352.144 1947.139 474.364 1944.000 -1.255
219.758 1946.026 343.842 1944.000 -1.255
1769.824 1945.582 1917.235 1944.000 -1.255
2436.221 1947.138 2592.000 1944.000 -1.255
2248.086 1947.560 2413.617 1944.000 -1.255
2362.844 1946.455 2503.897 1944.000 -1.255
372.168 68.886 496.811 109.504 -1.256
1880.067 1948.688 2058.584 1944.000 -1.256
1058.529 1945.060 1205.721 1944.000 -1.256
1696.116 1951.479 1842.858 1944.000 -1.256
1265.231 89.951 1467.230 182.688 -1.256
1502.987 152.253 1629.604 198.684 -1.256
91.978 22.032 196.502 51.232 -1.256
1645.393 1945.133 1792.024 1944.000 -1.256
1859.197 1946.411 2033.844 1944.000 -1.256
828.549 1945.453 995.835 1944.000 -1.257
2435.239 1952.845 2583.907 1944.000 -1.257
1531.233 1950.789 1675.101 1944.000 -1.257
1914.872 1946.586 2045.632 1944.000 -1.257
2370.114 1951.047 2522.402 1944.000 -1.257
1057.044 1948.736 1188.691 1944.000 -1.257
2183.209 1947.646 2342.134 1944.000 -1.257
1396.853 1945.382 1540.109 1944.000 -1.257
1694.733 1947.254 1867.056 1944.000 -1.257
1603.734 1947.222 1739.652 1944.000 -1.258
656.251 1946.312 815.392 1944.000 -1.258
1874.797 1945.141 2047.693 1944.000 -1.258
2372.027 1945.197 2560.322 1944.000 -1.259
1545.703 1950.767 1682.704 1944.000 -1.259
1049.083 1949.089 1179.808 1944.000 -1.259
1782.233 1946.320 1939.167 1944.000 -1.259
1601.089 1945.990 1745.821 1944.000 -1.259
80.170 98.957 218.457 165.496 -1.259
2103.884 1945.617 2284.793 1944.000 -1.259
2239.808 1946.558 2397.052 1944.000 -1.260
2356.471 1951.283 2506.105 1944.000 -1.260
33.969 1945.357 154.772 1944.000 -1.260
1273.469 1950.744 1415.572 1944.000 -1.260
2226.277 1952.260 2370.618 1944.000 -1.260
222.332 20.401 373.410 62.673 -1.260
2258.203 1947.142 2420.341 1944.000 -1.260
1573.491 1945.562 1720.911 1944.000 -1.260
2078.034 1945.446 2236.937 1944.000 -1.261
1493.446 1945.270 1631.783 1944.000 -1.261
288.440 1947.123 436.897 1944.000 -1.261
1915.421 1946.772 2072.813 1944.000 -1.261
992.688 1946.330 1161.839 1944.000 -1.262
926.826 1948.835 1056.654 1944.000 -1.262
1722.975 1945.515 1891.490 1944.000 -1.262
2341.765 1950.372 2520.920 1944.000 -1.262
1620.524 1948.777 1761.473 1944.000 -1.262
1687.973 1946.320 1841.315 1944.000 -1.262
1266.543 1946.042 1424.175 1944.000 -1.262
1572.147 1946.363 1748.278 1944.000 -1.262
881.156 18.466 2444.784 478.080 -1.262
1.000 276.933 73.377 323.711 -1.262
1212.679 1946.142 1383.015 1944.000 -1.262
2161.904 1947.000 2335.908 1944.000 -1.262
443.332 1947.692 577.500 1944.000 -1.262
126.937 1945.809 249.803 1944.000 -1.263
2347.015 1951.830 2497.853 1944.000 -1.263
1183.524 1945.416 1322.545 1944.000 -1.263
1810.613 1945.105 1986.089 1944.000 -1.263
1519.291 1949.410 1660.216 1944.000 -1.263
1068.052 1945.305 1204.707 1944.000 -1.264
2386.123 1947.208 2527.076 1944.000 -1.264
865.901 1945.499 992.140 1944.000 -1.264
700.407 1948.537 827.836 1944.000 -1.264
2117.813 1945.762 2320.844 1944.000 -1.264
295.143 1947.937 425.427 1944.000 -1.264
1365.780 1946.305 1539.174 1944.000 -1.264
2152.670 1946.788 2315.246 1944.000 -1.265
1588.654 1948.500 1730.793 1944.000 -1.265
2308.805 1947.166 2448.001 1944.000 -1.265
677.095 1947.646 805.366 1944.000 -1.265
1323.251 1951.235 1465.789 1944.000 -1.265
1218.552 1948.910 1353.925 1944.000 -1.265
105.381 1947.982 229.535 1944.000 -1.266
2401.989 1951.536 2553.626 1944.000 -1.266
192.062 1947.607 311.308 1944.000 -1.266
1698.785 1945.817 1845.031 1944.000 -1.266
425.171 1945.291 584.604 1944.000 -1.266
2104.051 1946.544 2269.922 1944.000 -1.266
1463.989 1950.937 1607.686 1944.000 -1.266
153.090 1947.284 281.534 1944.000 -1.266
941.858 1949.970 1079.612 1944.000 -1.266
670.886 1947.572 796.191 1944.000 -1.267
1362.212 1945.264 1502.196 1944.000 -1.267
1639.257 1946.943 1816.238 1944.000 -1.267
2398.349 1946.402 2581.808 1944.000 -1.267
2395.253 1952.210 2544.248 1944.000 -1.267
1596.604 1949.241 1738.747 1944.000 -1.267
2337.520 1947.975 2508.774 1944.000 -1.268
1312.753 1948.836 1445.632 1944.000 -1.268
2149.372 1945.416 2333.315 1944.000 -1.268
2319.442 1945.112 2478.313 1944.000 -1.268
1297.269 1950.060 1442.421 1944.000 -1.268
940.158 1948.747 1070.934 1944.000 -1.268
601.563 1946.483 760.749 1944.000 -1.269
2372.134 1946.574 2522.432 1944.000 -1.269
2285.217 1946.094 2441.676 1944.000 -1.270
1294.936 1948.537 1433.122 1944.000 -1.270
900.250 1949.621 1036.553 1944.000 -1.270
585.201 1948.585 708.464 1944.000 -1.270
179.671 1947.805 304.359 1944.000 -1.270
3.669 71.349 104.018 103.574 -1.270
1464.383 1947.718 1637.447 1944.000 -1.270
1164.475 1949.271 1298.194 1944.000 -1.271
873.725 1946.832 1038.755 1944.000 -1.271
686.453 1949.954 815.630 1944.000 -1.271
1351.644 1949.649 1484.932 1944.000 -1.271
2100.246 1950.133 2248.331 1944.000 -1.271
930.677 1947.571 1091.037 1944.000 -1.271
2246.352 1950.758 2397.017 1944.000 -1.271
2364.597 1947.172 2512.198 1944.000 -1.271
2128.778 1945.031 2337.954 1944.000 -1.271
1.000 249.717 146.495 297.013 -1.271
2365.059 1946.412 2521.362 1944.000 -1.271
1473.189 1951.826 1615.313 1944.000 -1.271
1012.098 1945.371 1155.788 1944.000 -1.272
1195.200 1948.621 1329.423 1944.000 -1.272
554.300 1947.911 679.150 1944.000 -1.273
2173.245 1946.651 2346.524 1944.000 -1.273
1486.107 1947.930 1657.975 1944.000 -1.273
46.313 1947.252 171.633 1944.000 -1.273
396.214 1948.528 522.019 1944.000 -1.273
492.659 1946.214 651.772 1944.000 -1.273
2098.693 1948.128 2254.279 1944.000 -1.274
1738.215 1949.967 1875.933 1944.000 -1.274
2072.178 1947.360 2224.058 1944.000 -1.274
2419.604 1948.134 2573.224 1944.000 -1.274
2215.303 1950.800 2364.513 1944.000 -1.274
1258.058 1949.199 1424.232 1944.000 -1.274
1502.241 1945.125 1647.756 1944.000 -1.274
919.543 1951.986 1052.919 1944.000 -1.275
886.766 1947.630 1045.070 1944.000 -1.275
1454.126 1947.186 1623.006 1944.000 -1.275
967.609 1950.369 1102.854 1944.000 -1.276
575.466 1946.020 705.363 1944.000 -1.276
1650.193 1948.313 1824.213 1944.000 -1.276
1486.569 1945.396 1629.036 1944.000 -1.276
1040.881 1947.586 1205.960 1944.000 -1.276
1355.045 1947.956 1526.387 1944.000 -1.276
2080.154 1945.888 2253.621 1944.000 -1.276
1651.670 1946.452 1817.735 1944.000 -1.276
2078.768 1948.722 2235.949 1944.000 -1.276
1051.421 1951.433 1186.072 1944.000 -1.276
1767.634 1950.307 1909.162 1944.000 -1.276
1026.722 1946.007 1195.381 1944.000 -1.277
1489.500 1945.698 1652.564 1944.000 -1.277
548.570 1945.942 707.479 1944.000 -1.277
1017.346 1948.143 1180.649 1944.000 -1.277
2371.838 1946.632 2592.000 1944.000 -1.277
1389.214 1946.639 1549.569 1944.000 -1.277
303.165 48.989 411.248 81.668 -1.277
1245.549 1946.713 1416.029 1944.000 -1.277
419.571 1948.750 550.475 1944.000 -1.278
468.203 1947.750 602.697 1944.000 -1.278
926.200 1949.628 1063.037 1944.000 -1.278
2318.552 1947.693 2488.565 1944.000 -1.278
5.098 1948.156 130.348 1944.000 -1.279
387.929 1948.735 514.203 1944.000 -1.279
2045.394 1946.094 2197.622 1944.000 -1.279
416.540 1946.370 570.157 1944.000 -1.279
931.349 1947.338 1064.969 1944.000 -1.279
1.000 155.084 118.975 206.741 -1.280
1982.903 1945.809 2132.139 1944.000 -1.280
948.833 1945.538 1118.746 1944.000 -1.280
1662.036 1950.685 1811.394 1944.000 -1.281
570.935 1948.256 694.306 1944.000 -1.281
693.495 1947.887 820.373 1944.000 -1.281
2421.331 1948.632 2583.129 1944.000 -1.281
2256.724 1952.461 2401.478 1944.000 -1.281
2345.477 1945.660 2489.721 1944.000 -1.281
2139.000 1945.169 2320.677 1944.000 -1.282
870.366 1947.261 1002.320 1944.000 -1.282
1179.914 1946.560 1349.534 1944.000 -1.282
556.278 1945.460 715.188 1944.000 -1.282
2035.563 1946.799 2188.191 1944.000 -1.282
1510.005 1946.388 1672.090 1944.000 -1.282
2411.282 1951.636 2559.414 1944.000 -1.282
1301.716 1948.612 1469.799 1944.000 -1.282
386.443 1948.962 506.225 1944.000 -1.282
1726.846 1945.540 1860.883 1944.000 -1.283
1623.915 1946.726 1787.616 1944.000 -1.283
1681.507 1948.855 1824.122 1944.000 -1.283
362.057 1948.231 489.137 1944.000 -1.283
1981.997 1945.299 2120.529 1944.000 -1.283
258.255 1945.743 382.741 1944.000 -1.283
1344.000 1946.943 1515.772 1944.000 -1.283
916.952 1948.693 1047.425 1944.000 -1.283
1291.046 1951.002 1431.656 1944.000 -1.283
329.682 1947.060 451.174 1944.000 -1.283
1217.878 1951.786 1356.398 1944.000 -1.284
1596.790 1951.499 1743.133 1944.000 -1.284
2390.975 1947.629 2548.264 1944.000 -1.284
429.466 1946.231 555.637 1944.000 -1.284
1330.425 1949.911 1475.434 1944.000 -1.284
459.367 1946.213 586.492 1944.000 -1.284
2277.384 1947.046 2441.062 1944.000 -1.284
1356.854 1949.031 1495.649 1944.000 -1.284
865.954 1947.867 1027.403 1944.000 -1.284
1613.002 1950.433 1751.556 1944.000 -1.285
807.518 1946.562 940.459 1944.000 -1.285
1203.600 1947.186 1373.375 1944.000 -1.285
737.212 1946.268 874.568 1944.000 -1.285
636.339 1948.318 794.202 1944.000 -1.285
2328.060 1946.768 2510.289 1944.000 -1.285
1355.589 1945.118 1519.018 1944.000 -1.285
2239.743 1946.182 2376.420 1944.000 -1.285
1073.825 1949.316 1204.840 1944.000 -1.286
2247.520 1946.761 2384.636 1944.000 -1.286
206.924 1947.674 324.793 1944.000 -1.286
1380.880 1949.404 1517.335 1944.000 -1.286
