949.191 1124.228 1049.093 1162.312 -0.330
6.823 1224.525 1204.647 1944.000 -0.725
1757.613 1152.143 1990.003 1277.628 -0.743
1358.513 126.235 1452.174 209.713 -0.746
1879.841 327.517 1996.687 411.143 -0.750
2049.338 1807.977 2304.209 1938.036 -0.805
202.720 396.068 1091.296 977.082 -0.809
100.772 1107.930 130.032 1235.631 -0.888
1753.373 1114.894 2238.404 1449.960 -0.911
1754.555 1030.960 2592.000 1601.259 -0.914
1240.790 1444.989 1502.692 1620.830 -0.919
1382.273 503.727 1481.473 564.776 -0.930
1808.804 610.720 1855.443 721.322 -0.950
2053.770 1706.635 2476.837 1944.000 -0.962
1352.880 1076.182 1464.215 1123.865 -0.968
1357.066 1500.223 1627.096 1640.136 -0.975
524.250 946.937 1174.729 1396.995 -0.976
804.961 344.412 941.020 432.953 -0.988
1383.045 1023.038 1419.617 1151.969 -0.998
1107.703 1555.370 1372.507 1944.000 -0.999
672.607 603.702 1436.509 1117.170 -1.005
1874.074 52.449 2568.269 471.961 -1.013
1038.243 353.524 1601.513 758.319 -1.017
1528.861 1374.314 1531.825 1507.548 -1.020
1282.646 1355.111 1304.806 1500.844 -1.022
18.514 731.172 808.744 1453.577 -1.029
1838.432 825.732 1903.662 974.254 -1.034
916.146 1321.368 1524.653 1897.798 -1.041
1832.741 643.607 1876.332 749.269 -1.044
1485.710 1019.371 1580.620 1167.824 -1.044
1584.227 1257.357 1836.058 1631.518 -1.048
1424.580 1411.823 1636.816 1774.465 -1.050
8.474 231.584 721.611 728.360 -1.062
1527.867 787.163 1867.147 1175.925 -1.062
1876.930 1543.068 1866.273 1686.872 -1.071
914.284 1809.802 905.713 1944.000 -1.079
1761.542 554.043 1814.592 658.431 -1.083
260.517 180.806 358.660 267.542 -1.089
1951.928 435.816 1997.448 535.569 -1.092
2488.641 6.722 2550.882 79.583 -1.094
2489.538 515.379 2558.010 627.735 -1.096
1553.451 1259.679 1586.806 1405.228 -1.096
1910.269 538.619 1944.757 636.860 -1.096
1120.290 1094.739 1302.580 1185.987 -1.100
1651.965 1536.623 2013.068 1933.491 -1.111
1329.945 1206.748 1344.133 1322.780 -1.115
912.610 1821.352 908.055 1944.000 -1.119
1704.568 580.785 1844.348 663.921 -1.123
35.166 682.743 2592.000 1841.005 -1.123
1401.037 169.316 1496.074 281.141 -1.124
