2286.274 1756.001 2285.992 1833.550 -0.899
1257.717 1874.772 1264.340 1938.011 -0.900
1485.903 727.198 1860.481 1090.707 -0.903
1636.025 1355.161 1663.001 1433.461 -0.906
1018.620 512.457 1062.234 590.608 -0.908
970.660 1179.405 1036.486 1256.857 -0.919
1565.889 634.084 1693.632 796.711 -0.922
461.833 666.964 731.069 941.084 -0.925
785.759 1022.574 811.243 1079.191 -0.928
1021.724 1867.677 1041.909 1944.000 -0.931
2056.102 949.567 2089.950 1023.163 -0.935
1334.840 574.650 1388.818 650.661 -0.936
687.706 1748.195 685.279 1798.742 -0.938
1.000 521.449 2542.255 1828.493 -0.938
66.641 53.925 149.616 131.375 -0.939
1832.809 1819.344 1843.760 1886.501 -0.939
434.024 1874.589 440.828 1923.534 -0.946
1193.132 228.377 1257.022 308.599 -0.946
1465.150 226.661 1515.164 297.504 -0.952
286.969 1839.691 298.746 1891.162 -0.952
773.351 244.105 846.592 322.679 -0.958
124.433 1754.155 112.151 1789.872 -0.962
2453.458 1875.016 2454.111 1944.000 -0.962
2547.860 1073.367 2574.102 1163.961 -0.963
289.654 304.056 373.849 406.285 -0.965
1013.948 1895.145 1003.740 1944.000 -0.966
274.442 357.773 355.586 459.866 -0.966
2570.784 1606.181 2565.830 1675.268 -0.971
2106.589 1891.489 2095.375 1944.000 -0.972
2052.329 1779.111 2041.784 1844.178 -0.972
65.641 1887.363 51.807 1923.731 -0.973
330.200 1895.699 319.539 1939.574 -0.976
174.520 1860.294 196.451 1921.738 -0.977
1038.942 1677.345 1037.356 1723.905 -0.977
409.477 1817.555 424.519 1876.353 -0.978
1914.065 307.914 1996.030 424.434 -0.978
8.880 466.691 55.267 515.616 -0.981
1960.169 330.736 2119.966 643.952 -0.983
2027.947 1874.544 2053.374 1944.000 -0.983
1976.391 1796.959 1987.853 1886.901 -0.984
184.958 156.038 271.763 240.080 -0.984
651.164 1889.295 639.413 1934.659 -0.987
305.052 1886.562 295.934 1928.954 -0.988
2494.417 193.740 2552.399 298.467 -0.988
1914.508 1789.968 1910.942 1852.914 -0.989
1604.333 1833.656 1648.652 1941.448 -0.990
1.000 96.038 59.903 148.807 -0.990
173.913 244.705 221.342 296.599 -0.990
2576.306 1749.205 2567.447 1818.622 -0.991
165.222 374.004 215.309 422.586 -0.992
1261.790 249.648 1349.033 349.634 -0.993
1550.118 1714.005 1543.775 1772.240 -0.995
2509.769 1886.425 2516.571 1944.000 -0.995
2539.032 723.957 2577.218 808.414 -0.996
1402.189 173.042 1495.357 264.943 -0.996
462.079 1770.665 450.466 1810.821 -0.996
33.464 1870.588 68.543 1924.770 -0.997
977.580 1895.378 966.697 1944.000 -0.997
