1558.321 1423.446 1715.341 1377.895 -0.879
2301.069 678.272 2443.381 721.172 -0.881
1484.492 1096.772 1600.531 1041.134 -0.893
1.000 1022.085 120.951 1051.261 -0.898
1527.157 709.200 1784.573 864.751 -0.914
1454.906 578.293 1541.955 556.821 -0.918
1181.360 1599.913 1351.422 1553.532 -0.921
1544.006 1237.344 1660.140 1164.356 -0.922
141.068 1463.039 1052.657 1944.000 -0.928
2399.689 1547.840 2592.000 1612.817 -0.930
1607.833 785.751 1716.785 773.432 -0.931
1776.781 576.278 1881.553 561.842 -0.938
1484.621 1116.024 1603.984 1053.958 -0.938
1655.076 791.290 1773.404 763.087 -0.941
1479.147 1091.975 1629.492 1062.146 -0.943
540.664 1410.613 692.564 1397.278 -0.944
1494.439 1053.751 1611.898 1005.090 -0.945
1640.155 795.053 1769.004 784.964 -0.945
2503.339 1108.300 2592.000 996.862 -0.946
1867.864 1459.768 1994.249 1382.044 -0.947
887.165 921.452 996.400 918.978 -0.949
2277.458 1600.524 2425.184 1503.433 -0.949
2317.443 1617.182 2454.929 1503.659 -0.950
389.080 380.465 490.715 417.790 -0.951
1473.861 1113.121 1611.294 1092.191 -0.957
1595.097 777.800 1722.365 758.125 -0.957
899.134 1454.652 1045.332 1421.988 -0.958
1460.576 1784.457 1632.990 1728.702 -0.960
2180.482 1320.381 2323.531 1243.440 -0.960
1347.736 1233.685 1516.113 1250.394 -0.960
2214.287 1330.777 2522.572 1467.483 -0.961
2020.249 1132.295 2131.203 1049.983 -0.961
1068.391 1412.048 1244.491 1393.578 -0.961
1748.375 1112.111 1856.233 1033.401 -0.961
2534.466 655.508 2592.000 557.234 -0.962
1190.962 1472.451 1381.116 1490.331 -0.963
1919.816 1098.494 2018.237 1022.521 -0.963
1585.306 1906.398 1774.108 1838.417 -0.963
1.000 491.027 485.966 1065.695 -0.964
2026.742 1125.848 2130.269 1035.736 -0.964
2534.257 911.075 2592.000 819.395 -0.964
2487.121 1922.897 2592.000 1802.206 -0.964
507.080 924.789 638.759 951.725 -0.964
1639.176 1431.935 1766.396 1357.825 -0.965
1286.203 1437.290 1429.065 1389.751 -0.966
2361.242 1123.295 2467.525 1014.862 -0.966
1783.388 913.892 1883.199 864.377 -0.967
1578.368 785.469 1687.348 766.124 -0.967
1793.673 693.648 1871.044 636.085 -0.968
1696.307 489.329 1782.651 477.298 -0.968
1852.366 1234.504 1979.026 1168.227 -0.968
1451.146 587.518 1534.305 554.816 -0.969
2526.148 1014.046 2592.000 916.498 -0.969
1587.154 283.286 1659.385 262.406 -0.970
1919.020 1086.553 2021.977 1023.699 -0.971
699.681 557.748 783.568 569.240 -0.971
1653.066 1040.884 1780.137 1010.073 -0.972
1715.342 1421.687 1859.967 1362.979 -0.972
414.829 293.776 506.567 330.400 -0.972
2143.539 1536.252 2293.472 1455.530 -0.973
1754.340 1071.380 1850.029 1001.310 -0.973
497.042 965.198 609.649 972.660 -0.974
2233.275 1198.413 2513.910 1345.248 -0.974
1859.930 1473.458 1994.213 1380.004 -0.974
1069.463 1724.598 1225.797 1667.807 -0.974
809.742 373.432 952.377 466.678 -0.974
2006.414 687.512 2083.864 617.940 -0.975
1479.918 1089.508 1609.738 1062.751 -0.975
753.994 1427.082 908.236 1404.983 -0.975
1655.112 792.884 1768.410 765.076 -0.976
2522.654 884.003 2592.000 818.126 -0.977
1.000 1264.014 161.649 1327.745 -0.977
1592.225 264.187 1648.211 238.169 -0.977
2172.748 1500.266 2327.195 1429.471 -0.977
1.000 1261.905 196.242 1381.259 -0.977
2510.176 1597.247 2592.000 1465.478 -0.977
454.276 727.088 755.013 922.448 -0.977
1476.905 1090.832 1595.042 1055.512 -0.978
1787.054 1634.235 1973.194 1589.365 -0.978
1521.784 1062.997 1614.339 1005.035 -0.979
1454.666 1040.403 1568.166 1002.862 -0.979
1481.870 1115.661 1592.210 1066.298 -0.979
1582.957 781.265 1687.409 744.469 -0.980
973.415 1725.240 1155.541 1678.751 -0.980
961.468 1726.192 1141.976 1700.190 -0.980
1449.012 571.567 1543.297 560.426 -0.980
1960.654 131.208 1999.151 91.957 -0.980
2393.673 1674.080 2543.904 1555.680 -0.980
1029.101 1678.466 1179.608 1620.152 -0.981
1482.809 565.151 1560.173 523.765 -0.982
2476.705 1871.862 2592.000 1944.000 -0.982
976.100 1689.250 1206.513 1731.073 -0.982
1323.362 1486.904 1511.069 1460.904 -0.982
22.262 245.161 82.645 299.880 -0.982
1298.860 1314.848 1435.531 1275.638 -0.982
1022.196 1618.145 1286.011 1679.141 -0.982
1246.074 1631.509 1608.698 1834.669 -0.983
1984.101 994.531 2590.237 1669.876 -0.983
717.645 1377.348 861.656 1364.284 -0.983
982.721 1711.638 1156.591 1680.528 -0.983
1311.122 1388.816 1464.896 1357.040 -0.983
1175.925 1617.521 1337.113 1566.175 -0.983
1603.448 1411.922 1764.860 1377.034 -0.984
1669.186 42.956 2512.449 1016.643 -0.984
471.724 925.971 574.887 924.758 -0.984
564.302 930.865 701.471 962.615 -0.985
1350.284 1914.475 1529.821 1864.075 -0.986
1290.975 1319.871 1419.727 1271.113 -0.986
1387.907 563.515 1491.396 563.052 -0.986
1890.811 1613.013 2032.358 1518.870 -0.986
1799.881 696.862 1875.304 635.607 -0.987
602.664 357.137 698.636 402.535 -0.987
549.017 1405.761 688.237 1390.285 -0.987
905.727 1754.789 1082.532 1710.135 -0.987
1210.459 1485.506 1385.829 1498.926 -0.987
1329.799 1404.594 1474.199 1365.188 -0.987
1189.739 1609.114 1352.354 1555.476 -0.987
2509.086 1366.757 2592.000 1247.552 -0.987
1551.063 800.567 1675.146 773.310 -0.987
1251.904 121.476 1298.289 109.798 -0.987
675.442 1271.268 797.194 1252.244 -0.988
727.783 528.665 815.129 540.266 -0.988
2530.857 188.963 2573.580 107.881 -0.988
1.000 1091.481 192.456 1185.986 -0.988
2030.302 1111.512 2182.669 1060.046 -0.988
1259.661 1312.873 1389.875 1252.878 -0.989
1615.908 788.652 1721.634 760.522 -0.989
601.204 1269.122 766.997 1286.538 -0.989
1450.314 547.998 1536.648 534.029 -0.989
1803.507 702.987 1917.855 676.757 -0.989
1917.332 1105.850 2024.967 1026.533 -0.989
1253.158 598.827 1345.044 601.576 -0.989
1799.802 686.331 1883.021 633.596 -0.989
1706.149 1854.044 1887.865 1944.000 -0.990
1469.766 1120.043 1576.786 1074.700 -0.990
1363.692 1234.751 1531.143 1212.351 -0.990
1813.281 680.916 1931.265 660.038 -0.990
447.273 1900.142 648.852 1885.757 -0.990
1867.841 1459.761 1992.295 1366.453 -0.991
915.527 1443.875 1070.913 1409.423 -0.991
512.727 948.543 629.639 965.378 -0.991
1643.649 1068.444 1754.789 1006.773 -0.991
1684.325 1564.217 1835.735 1500.235 -0.991
1.000 1501.902 102.910 1539.986 -0.991
1511.841 1038.584 1618.272 994.896 -0.991
1618.607 799.453 1738.593 772.058 -0.992
1444.443 590.459 1528.352 564.688 -0.992
1796.837 1639.226 1972.982 1583.778 -0.992
1915.776 1334.689 2039.408 1248.112 -0.992
1806.718 701.843 1882.075 634.508 -0.992
2468.219 1901.430 2592.000 1789.898 -0.992
1948.200 1094.423 2064.924 1041.357 -0.992
289.170 357.498 369.475 400.931 -0.992
1639.907 1073.297 1747.744 1002.043 -0.992
944.902 1740.187 1109.799 1689.777 -0.992
1576.553 790.764 1691.122 777.013 -0.992
1853.241 1161.282 2040.912 1151.686 -0.992
58.991 992.061 946.260 1944.000 -0.993
691.393 116.838 744.104 129.464 -0.993
897.927 1442.117 1061.025 1428.200 -0.993
914.437 1751.629 1083.642 1706.546 -0.993
1757.228 1583.367 1916.904 1509.568 -0.993
1693.412 1432.947 1849.854 1387.205 -0.993
335.870 1901.963 511.840 1881.035 -0.993
1724.418 1122.958 1837.293 1066.088 -0.994
1838.952 665.057 1921.756 607.296 -0.994
1222.213 1087.118 1343.792 1056.189 -0.994
1600.363 1352.367 1751.706 1310.806 -0.995
1625.736 302.796 1671.717 264.631 -0.995
1825.009 1594.425 1971.226 1502.047 -0.995
898.711 1458.690 1036.694 1416.956 -0.995
1214.723 1496.700 1385.933 1480.981 -0.995
1710.868 1451.566 1874.492 1409.249 -0.995
1367.829 1775.114 1732.991 1918.044 -0.996
1614.969 795.178 1728.925 761.904 -0.996
2005.730 1079.439 2134.923 1023.218 -0.996
2289.119 1625.083 2431.051 1522.755 -0.997
2002.589 869.873 2135.934 812.548 -0.997
1705.889 1605.556 1878.309 1534.112 -0.997
1107.911 1172.403 1228.621 1139.510 -0.997
1815.326 676.495 1911.432 648.045 -0.997
1201.703 1493.967 1387.962 1484.616 -0.997
1510.463 792.286 1617.276 765.665 -0.998
1863.700 573.439 1941.676 522.513 -0.998
906.101 1373.406 1045.988 1336.055 -0.998
2068.812 618.978 2141.101 555.012 -0.998
1551.694 788.009 1662.233 766.092 -0.998
2521.632 224.961 2557.215 142.678 -0.998
657.945 617.465 991.037 860.044 -0.998
1254.282 1878.000 1407.065 1944.000 -0.999
1473.362 568.082 1544.370 540.823 -0.999
2267.391 852.889 2358.300 758.846 -1.000
934.305 1752.071 1092.913 1701.199 -1.000
1370.673 1203.017 1560.305 1211.664 -1.000
2088.325 1149.805 2281.148 1146.300 -1.000
60.220 1894.742 244.166 1891.946 -1.000
1618.005 306.882 1672.129 264.664 -1.000
981.130 581.398 1084.358 588.991 -1.000
1867.547 1448.046 2006.907 1357.634 -1.000
2550.176 595.613 2592.000 501.571 -1.001
1769.815 1075.356 1871.660 1001.453 -1.001
2250.499 1033.995 2356.912 939.732 -1.001
1129.959 1016.615 1253.894 981.656 -1.001
2458.720 1423.585 2592.000 1355.380 -1.001
1466.510 1105.235 1586.130 1056.787 -1.001
1729.426 1596.853 1887.177 1540.968 -1.001
741.887 932.259 860.423 936.837 -1.001
1800.922 694.053 1889.821 642.141 -1.001
180.225 1902.749 370.186 1888.974 -1.002
2451.871 1554.141 2592.000 1512.651 -1.002
690.683 241.873 778.434 273.800 -1.002
1983.844 1109.957 2104.936 1042.294 -1.002
2268.449 394.642 2345.098 344.235 -1.002
1345.406 1908.768 1524.364 1857.920 -1.002
1820.842 690.382 1910.880 649.314 -1.002
1.000 263.907 34.389 323.638 -1.002
1667.484 297.228 1724.652 250.620 -1.002
622.192 1305.061 764.648 1288.800 -1.003
1143.951 1365.803 1429.394 1483.636 -1.003
1612.544 773.375 1721.407 745.707 -1.003
1.000 268.421 518.810 393.124 -1.003
2522.361 1562.184 2592.000 1434.988 -1.003
1273.489 1437.019 1425.376 1400.984 -1.003
1565.530 797.774 1665.919 760.339 -1.003
1256.369 115.777 1304.048 102.870 -1.003
930.975 1775.027 1214.234 1809.452 -1.003
9.095 178.665 86.387 254.292 -1.003
2515.448 1681.894 2592.000 1548.141 -1.003
2208.039 363.222 2272.771 285.280 -1.003
1817.051 1226.949 2057.883 1282.253 -1.003
1702.908 399.952 1762.259 356.896 -1.004
1731.431 37.253 1774.473 6.020 -1.004
1181.320 1548.317 1321.269 1492.704 -1.004
1773.621 1447.062 1913.776 1371.249 -1.004
1479.076 1116.105 1578.046 1059.741 -1.004
2518.190 1632.317 2592.000 1502.689 -1.005
1773.000 500.546 1860.196 475.361 -1.005
1123.849 1020.530 1249.776 1008.674 -1.005
1723.835 1444.957 1853.975 1365.278 -1.006
1304.800 1244.297 1491.325 1239.780 -1.006
1333.077 750.843 1471.603 798.100 -1.006
737.122 1185.954 1442.136 1718.400 -1.006
1640.016 1435.108 1774.876 1361.394 -1.006
1449.231 534.201 1524.468 505.771 -1.006
1869.213 1335.969 1990.077 1248.358 -1.006
1545.831 777.563 1655.129 773.562 -1.006
2508.519 146.636 2549.571 66.214 -1.007
685.748 538.228 801.280 575.090 -1.007
890.064 1439.607 1037.868 1426.034 -1.007
2528.310 1026.351 2592.000 920.106 -1.007
1679.153 1596.501 1829.417 1527.496 -1.007
2526.924 1196.649 2592.000 1085.166 -1.007
1333.553 1258.651 1520.225 1257.487 -1.007
1760.006 689.682 1862.191 657.911 -1.007
1962.901 1089.075 2112.548 1069.317 -1.008
1807.046 622.493 1872.874 564.197 -1.008
1832.821 1111.519 2007.541 1083.285 -1.008
2094.152 1161.424 2213.351 1085.906 -1.008
1602.230 264.252 1656.533 235.003 -1.008
874.118 1539.269 1038.338 1519.919 -1.008
1292.938 1320.393 1421.828 1260.121 -1.009
1970.891 1107.393 2128.854 1068.345 -1.009
1949.985 1091.713 2068.326 1031.643 -1.009
1628.163 1427.423 1758.389 1356.097 -1.009
1344.510 1922.698 1508.151 1848.432 -1.009
2490.237 591.448 2564.435 495.051 -1.010
1492.695 557.225 1554.957 522.783 -1.010
1388.523 97.059 1483.116 118.278 -1.010
1673.212 781.624 1777.562 763.176 -1.010
465.414 1579.388 621.505 1575.704 -1.010
1585.466 289.286 1653.491 258.880 -1.010
1170.781 270.012 1276.452 304.572 -1.010
1713.795 1359.849 1865.707 1326.509 -1.010
1362.423 1011.850 1458.726 963.379 -1.010
2086.778 1163.317 2216.179 1092.477 -1.011
2523.030 1549.096 2592.000 1435.130 -1.011
799.056 898.457 917.184 876.243 -1.011
1252.983 1557.282 1405.958 1514.303 -1.011
1623.252 266.882 1675.164 242.703 -1.011
1668.532 785.963 1773.285 760.728 -1.011
662.724 1414.222 802.423 1386.037 -1.011
2520.769 546.976 2575.238 457.277 -1.011
971.370 1745.912 1152.267 1741.810 -1.011
2520.669 1927.597 2592.000 1793.364 -1.011
1584.149 787.630 1701.071 766.480 -1.011
2503.517 1887.909 2592.000 1753.813 -1.011
434.118 1428.121 582.199 1408.750 -1.011
1514.999 798.550 1651.678 776.643 -1.011
1789.047 494.267 1862.072 463.862 -1.012
1540.468 1407.135 1669.716 1336.128 -1.012
737.610 937.205 853.560 939.074 -1.012
1469.256 1032.747 1583.878 1001.059 -1.012
1782.868 521.667 1868.305 476.621 -1.012
2522.365 1598.603 2592.000 1470.257 -1.012
747.984 1010.701 862.081 1000.372 -1.012
1997.029 1106.925 2119.367 1038.680 -1.012
991.036 593.004 1096.454 584.685 -1.012
1772.723 956.184 1888.904 897.939 -1.012
1528.532 1211.941 1665.338 1167.358 -1.012
2196.270 140.049 2233.435 71.764 -1.012
913.761 1745.806 1098.682 1726.041 -1.012
705.095 512.853 832.470 560.933 -1.012
2273.180 1916.464 2452.795 1812.406 -1.012
1159.069 1047.988 1264.684 1003.626 -1.012
97.686 1912.427 282.998 1905.727 -1.013
1357.025 1257.174 1500.152 1221.163 -1.013
1798.377 594.282 1881.134 542.338 -1.013
1787.617 702.993 1879.175 640.820 -1.013
1777.425 930.421 1880.873 884.570 -1.013
1406.215 1099.820 1521.955 1053.232 -1.013
1532.092 802.908 1643.698 768.718 -1.013
1176.053 1595.230 1344.103 1562.333 -1.013
1726.934 1142.296 1836.169 1062.912 -1.013
2502.251 1631.795 2592.000 1506.617 -1.013
1551.003 1033.997 1659.833 980.058 -1.013
1918.066 1091.794 2032.481 1040.596 -1.013
1601.182 325.007 1653.753 282.732 -1.013
1153.593 1537.599 1291.334 1480.928 -1.013
1666.891 1080.704 1779.224 1006.690 -1.014
1.000 1.000 440.306 350.651 -1.014
1579.246 1261.445 1734.630 1237.412 -1.014
1173.355 1614.128 1324.666 1557.076 -1.014
1284.173 1522.847 1445.989 1474.330 -1.014
1180.582 584.092 1265.725 561.748 -1.014
1818.243 718.955 1918.722 673.771 -1.014
898.167 1515.987 1038.429 1470.458 -1.014
1393.281 578.833 1487.019 570.626 -1.014
2167.462 1025.618 2278.782 964.034 -1.014
1289.246 1319.311 1436.666 1291.647 -1.014
1601.392 263.326 1682.537 265.561 -1.014
1816.482 679.827 1909.596 647.047 -1.014
2528.936 897.672 2592.000 792.567 -1.014
1683.107 1065.231 1815.906 1033.342 -1.015
1724.570 1410.490 1860.274 1351.560 -1.015
1364.077 1245.701 1509.246 1217.814 -1.015
2520.014 1731.422 2592.000 1598.355 -1.015
1957.867 1089.430 2071.097 1040.815 -1.015
1638.044 335.355 1691.243 299.216 -1.015
1480.810 552.413 1565.464 530.878 -1.015
1900.386 1111.479 2021.575 1048.117 -1.015
1622.754 284.026 1688.638 254.487 -1.016
1472.348 1105.935 1576.129 1050.778 -1.016
1479.900 1122.797 1584.842 1059.207 -1.016
1318.744 1123.905 1447.671 1076.560 -1.016
1465.360 264.464 1518.228 234.068 -1.016
634.412 1213.965 773.719 1200.128 -1.016
1869.224 483.537 1929.962 432.272 -1.016
782.169 1103.190 905.802 1079.145 -1.016
2515.871 142.493 2551.900 62.669 -1.016
1583.461 795.850 1701.074 780.928 -1.016
880.902 1912.215 1057.771 1869.417 -1.016
1187.201 860.241 1313.175 853.280 -1.016
2461.503 1751.802 2592.000 1656.685 -1.017
1394.962 1100.324 1510.171 1047.312 -1.017
1700.908 1579.618 1832.155 1490.173 -1.017
1869.257 1458.860 2003.784 1383.935 -1.017
942.841 1810.745 1097.976 1764.200 -1.017
1027.369 96.929 1075.242 103.546 -1.017
2184.270 403.848 2244.730 341.551 -1.017
1458.612 682.689 1767.614 934.185 -1.017
1592.675 1424.608 1750.803 1387.073 -1.017
2037.285 296.012 2082.598 240.352 -1.017
1721.565 60.425 1763.635 30.827 -1.017
1193.026 1595.055 1384.915 1546.820 -1.017
722.321 930.076 855.882 944.056 -1.017
1839.115 61.244 1874.389 27.313 -1.017
455.694 1136.580 594.205 1131.343 -1.017
2285.697 1630.124 2426.471 1513.013 -1.017
1620.087 789.598 1741.653 783.911 -1.017
1534.312 279.797 1611.900 251.165 -1.018
1.000 1904.720 171.239 1898.195 -1.018
2510.571 1253.209 2592.000 1163.961 -1.018
1564.479 785.514 1668.024 746.233 -1.018
1.000 431.153 61.723 514.589 -1.018
18.695 367.955 120.722 455.632 -1.018
2542.749 210.256 2572.169 135.505 -1.018
2533.657 1215.827 2592.000 1100.441 -1.018
1294.387 1331.142 1416.618 1278.243 -1.018
1244.683 1117.092 1365.686 1071.292 -1.018
968.102 1113.182 1086.225 1076.585 -1.018
1645.204 788.785 1756.229 758.075 -1.018
711.865 1225.968 859.088 1208.467 -1.018
1702.934 1475.408 1839.832 1398.015 -1.018
1631.335 810.637 1730.974 765.257 -1.018
1442.972 781.846 1541.968 763.317 -1.018
1449.059 545.853 1534.860 520.709 -1.018
1472.179 574.937 1542.938 527.732 -1.018
1203.884 1096.309 1317.578 1059.361 -1.019
1766.097 521.823 1856.671 497.832 -1.019
465.137 1907.569 657.885 1899.049 -1.019
1573.691 780.322 1677.888 762.454 -1.019
1650.511 301.437 1704.916 275.518 -1.019
1599.351 799.576 1724.795 787.329 -1.019
901.273 1455.118 1057.731 1423.544 -1.019
961.990 1748.223 1172.369 1726.356 -1.019
1681.981 1451.966 1844.091 1418.697 -1.019
1344.556 1254.065 1491.779 1225.163 -1.019
1595.552 1055.908 1697.671 994.708 -1.019
1866.764 1437.616 2018.530 1380.701 -1.019
1613.302 267.812 1666.238 246.336 -1.019
1291.512 1319.932 1444.363 1294.890 -1.019
1604.063 1369.420 1750.972 1322.238 -1.019
2512.446 769.547 2592.000 685.825 -1.019
856.370 873.712 954.970 855.984 -1.020
1351.583 1268.131 1474.560 1216.525 -1.020
1703.734 772.875 1824.386 743.127 -1.020
1726.596 1442.972 1861.634 1364.915 -1.020
1717.403 781.423 1852.844 760.490 -1.020
463.479 564.556 599.612 606.764 -1.020
1127.918 1497.277 1268.747 1450.595 -1.020
2509.087 210.512 2560.408 135.422 -1.020
1446.770 1038.384 1590.693 1019.142 -1.020
911.655 1438.203 1053.276 1412.156 -1.020
1732.095 1905.863 1939.336 1853.735 -1.020
1130.672 1640.693 1287.060 1586.916 -1.020
2153.837 1534.430 2299.239 1464.180 -1.020
1251.105 1353.016 1390.477 1298.842 -1.020
874.040 877.048 983.879 872.169 -1.021
1777.618 1242.318 1913.683 1179.987 -1.021
1471.734 1067.983 1643.733 1092.352 -1.021
1453.618 1036.882 1565.657 1019.267 -1.021
1087.765 117.728 1142.228 116.944 -1.021
1692.597 799.032 1826.566 795.663 -1.021
1776.589 747.267 1867.283 683.193 -1.021
963.777 1751.227 1144.917 1718.480 -1.021
2183.226 1487.799 2320.035 1393.728 -1.021
1534.104 796.215 1665.938 784.581 -1.021
964.328 1748.799 1126.038 1712.078 -1.021
706.695 434.265 780.837 445.491 -1.021
1699.407 1210.727 1816.014 1153.848 -1.021
1877.835 1749.023 2359.179 1944.000 -1.021
930.457 1741.900 1140.993 1740.818 -1.021
2430.188 1611.781 2592.000 1555.378 -1.021
1724.151 1577.719 1907.640 1529.761 -1.022
1454.538 565.153 1532.708 530.749 -1.022
1390.305 1914.634 1559.571 1851.368 -1.022
1934.148 1110.933 2052.266 1048.325 -1.022
2015.113 1074.272 2132.557 1017.567 -1.022
1869.383 58.487 1926.911 26.801 -1.022
1570.850 1391.487 1697.148 1330.020 -1.022
1735.293 1591.172 1893.134 1525.050 -1.022
992.416 1758.104 1181.866 1741.904 -1.022
1956.804 1109.117 2054.071 1045.013 -1.022
625.944 1293.370 768.568 1286.592 -1.022
1850.469 1236.167 1985.865 1172.503 -1.022
2177.288 407.975 2236.331 338.437 -1.022
12.542 363.051 256.995 453.611 -1.022
2517.352 1728.166 2592.000 1594.763 -1.022
1405.312 1113.619 1543.314 1062.838 -1.022
1797.043 687.411 1936.283 676.654 -1.023
1374.933 1267.150 1497.722 1209.433 -1.023
1720.918 1616.532 1874.439 1540.435 -1.023
2102.856 1527.927 2540.276 1897.651 -1.023
1936.577 1090.520 2067.776 1036.315 -1.023
927.533 1434.064 1072.449 1417.219 -1.023
1359.013 1486.226 1498.551 1429.458 -1.023
836.884 1839.948 1024.717 1799.948 -1.023
1257.740 1100.812 1367.886 1058.024 -1.023
1573.633 785.909 1672.260 751.936 -1.023
592.116 1269.182 721.383 1249.617 -1.023
475.428 127.424 574.066 198.452 -1.023
1490.750 1274.229 1616.250 1215.014 -1.023
1736.381 1468.232 1878.461 1389.506 -1.023
1686.997 759.852 1772.159 707.280 -1.024
1525.137 776.500 1654.663 759.256 -1.024
1173.958 1604.584 1326.001 1546.552 -1.024
1436.645 545.504 1521.619 531.796 -1.024
1270.323 1405.386 1441.866 1392.161 -1.024
1680.727 1576.808 1828.836 1502.834 -1.024
1052.326 1932.901 1235.195 1869.252 -1.024
713.582 460.773 798.673 467.346 -1.024
690.931 1313.268 842.552 1311.859 -1.024
1176.940 1600.876 1348.703 1569.610 -1.024
1798.745 672.972 1886.776 627.446 -1.024
1339.930 1275.858 1459.382 1217.522 -1.024
1954.691 52.260 1998.880 -6.962 -1.024
1679.630 1466.057 2040.079 1568.092 -1.024
2538.090 839.325 2592.000 749.319 -1.024
1665.525 775.039 1795.696 763.851 -1.024
2171.842 1198.841 2291.413 1117.188 -1.024
1627.089 798.154 1752.245 790.935 -1.024
542.504 1206.610 673.507 1200.655 -1.024
1514.485 438.384 1573.983 398.320 -1.024
1470.219 1097.622 1579.917 1046.919 -1.024
1470.114 1025.970 1615.747 1006.044 -1.025
1601.310 79.281 1648.094 50.288 -1.025
853.044 1794.545 1026.177 1750.641 -1.025
1094.680 1679.387 1253.534 1635.096 -1.025
1587.622 275.308 1652.066 239.132 -1.025
1204.475 1640.346 1381.347 1624.397 -1.025
2290.679 1183.511 2399.276 1083.103 -1.025
95.149 109.454 670.274 937.211 -1.025
2520.891 1417.102 2592.000 1290.994 -1.025
1676.291 274.765 1720.374 243.663 -1.025
1809.274 1473.664 1936.826 1385.877 -1.025
1440.953 580.952 1529.708 575.966 -1.025
865.493 981.549 986.588 963.578 -1.025
503.971 944.857 602.934 937.274 -1.025
1769.703 946.959 1887.684 900.563 -1.026
1609.695 1536.757 1744.911 1463.011 -1.026
782.902 1865.392 1004.734 1848.527 -1.026
2518.172 1667.036 2592.000 1555.304 -1.026
1561.729 1407.835 1729.722 1385.078 -1.026
1607.327 265.476 1659.486 230.947 -1.026
1761.048 63.298 1802.349 30.310 -1.026
1256.858 241.425 1315.239 221.657 -1.026
1491.746 1070.458 1618.014 1047.094 -1.026
1053.037 603.917 1193.852 637.061 -1.026
1469.112 559.366 1556.882 541.177 -1.026
1021.821 1696.119 1170.015 1643.875 -1.026
2530.522 1636.253 2592.000 1512.371 -1.026
1296.589 1295.569 1432.346 1256.907 -1.026
1679.176 1475.099 1839.686 1426.839 -1.026
1784.868 528.128 1852.431 488.774 -1.026
1150.167 1522.302 1293.310 1494.693 -1.026
477.122 1193.460 610.930 1188.217 -1.026
1440.461 559.035 1554.896 548.381 -1.026
1624.315 1404.725 1776.318 1355.406 -1.026
2470.562 1467.957 2592.000 1381.057 -1.026
2509.216 1853.305 2592.000 1722.225 -1.026
1691.184 509.746 1793.718 481.043 -1.027
1594.994 250.613 1662.018 234.806 -1.027
1919.843 1467.838 2049.439 1374.280 -1.027
1441.636 543.897 1510.104 520.435 -1.027
2514.101 1039.717 2592.000 929.839 -1.027
1745.167 679.819 1870.590 677.722 -1.027
502.469 957.837 644.582 992.138 -1.027
1752.265 682.678 1869.930 668.586 -1.027
913.942 78.303 962.814 79.246 -1.027
1128.437 997.289 1258.406 984.474 -1.027
1740.812 1456.467 1878.291 1388.791 -1.027
654.970 176.030 704.369 187.664 -1.027
1539.512 1372.225 1669.952 1322.077 -1.027
955.489 1119.601 1066.259 1089.352 -1.028
1699.512 769.099 1813.292 737.868 -1.028
1343.335 1212.565 1547.466 1249.367 -1.028
1615.858 1448.483 1750.086 1391.091 -1.028
1498.030 1076.887 1601.354 1015.697 -1.028
1459.102 558.090 1549.015 539.977 -1.028
757.446 925.415 863.439 922.825 -1.028
2533.089 1242.938 2592.000 1127.022 -1.028
348.096 1302.030 1565.908 1944.000 -1.028
1811.456 688.342 1888.747 633.249 -1.028
468.492 1189.101 603.260 1168.651 -1.028
1409.033 1110.285 1526.713 1055.717 -1.028
1458.605 543.028 1551.421 506.533 -1.028
1837.030 1280.597 2063.145 1300.673 -1.028
1811.447 411.701 1882.554 362.516 -1.028
1481.613 1111.973 1617.359 1063.634 -1.028
1682.297 1438.118 1854.617 1400.904 -1.028
949.572 1881.001 1143.664 1867.869 -1.028
1374.733 1063.520 1486.647 1017.843 -1.029
910.828 1435.549 1068.129 1423.575 -1.029
239.950 1919.532 415.975 1892.183 -1.029
1501.309 1045.153 1632.057 1016.281 -1.029
800.163 173.551 852.097 171.317 -1.029
2499.687 1850.117 2592.000 1717.151 -1.029
1495.694 1041.595 1621.155 1006.835 -1.029
612.717 746.514 713.287 743.295 -1.029
1195.042 1038.734 1314.201 1011.731 -1.029
1605.000 1297.300 1737.925 1226.250 -1.029
1540.409 1183.064 1675.240 1155.039 -1.029
2531.950 880.966 2592.000 788.313 -1.029
1835.891 63.909 1888.974 39.312 -1.029
2283.874 1205.102 2404.362 1111.050 -1.029
1380.059 579.615 1467.147 558.887 -1.029
2545.021 27.634 2566.920 -42.103 -1.029
1531.662 1919.678 1724.400 1871.603 -1.029
1663.081 811.255 1748.890 758.470 -1.029
1398.541 1093.577 1521.686 1055.151 -1.029
2518.466 730.489 2592.000 630.693 -1.029
1635.188 1414.086 1798.730 1369.119 -1.029
1130.560 1135.249 1242.748 1097.372 -1.030
2202.337 1839.061 2359.258 1712.924 -1.030
2500.729 1875.605 2592.000 1733.860 -1.030
1810.484 681.573 1916.462 654.602 -1.030
1690.265 796.153 1817.645 787.223 -1.030
2516.373 1798.452 2592.000 1663.468 -1.030
1277.961 589.915 2209.860 1361.563 -1.030
886.290 834.409 994.712 831.309 -1.030
2515.741 1438.316 2592.000 1309.927 -1.030
717.489 1431.838 867.791 1413.702 -1.030
1220.730 1720.513 1410.517 1681.351 -1.030
342.588 458.518 2592.000 1944.000 -1.030
757.794 926.318 867.815 917.821 -1.030
2522.702 1841.887 2592.000 1702.354 -1.030
1576.590 800.478 1710.871 792.491 -1.030
1726.180 1450.019 1861.323 1395.207 -1.030
2473.886 348.390 2555.902 323.223 -1.030
1404.774 578.148 1489.415 547.248 -1.030
2302.656 1918.674 2467.087 1810.139 -1.030
1119.095 1016.470 1245.910 998.443 -1.030
1509.558 169.428 1562.994 153.910 -1.030
803.031 882.413 915.781 864.641 -1.030
2496.491 1064.251 2592.000 973.076 -1.031
1286.071 1453.613 1419.312 1391.606 -1.031
1981.798 778.403 2071.642 705.146 -1.031
2513.840 1741.832 2592.000 1610.208 -1.031
2520.218 171.398 2592.000 122.617 -1.031
1616.373 1439.613 1750.354 1365.366 -1.031
2511.925 1805.424 2592.000 1670.147 -1.031
1949.894 1099.160 2088.471 1063.764 -1.031
2502.817 1647.610 2592.000 1561.572 -1.031
1466.752 1031.622 1586.028 989.003 -1.031
1695.280 1611.034 1835.271 1533.048 -1.031
1670.899 1058.776 1790.339 1003.603 -1.031
885.016 1810.985 1060.951 1774.868 -1.031
2192.569 404.390 2246.821 340.779 -1.031
1168.581 1158.487 1298.137 1125.928 -1.031
1518.002 803.100 1621.057 769.207 -1.031
2532.611 1507.080 2592.000 1392.540 -1.031
929.862 1765.009 1120.305 1730.243 -1.031
1231.624 1510.594 1378.326 1466.813 -1.031
1393.140 588.427 1472.828 571.911 -1.031
927.771 1749.149 1087.167 1700.913 -1.032
2527.356 1922.397 2592.000 1789.052 -1.032
1587.200 1028.359 1700.498 986.686 -1.032
1149.603 1613.894 1341.006 1605.568 -1.032
492.881 942.583 600.799 937.079 -1.032
915.217 1798.957 1088.692 1766.307 -1.032
2066.763 98.295 2104.046 49.340 -1.032
846.261 1680.904 1011.432 1650.438 -1.032
927.152 1752.222 1084.547 1697.499 -1.032
713.732 1310.639 864.379 1292.421 -1.032
1778.934 527.880 1853.166 481.941 -1.032
1753.384 1456.451 1891.657 1369.178 -1.032
1741.736 1588.219 1900.236 1544.416 -1.032
1074.955 1428.781 1214.015 1381.122 -1.032
2528.052 1317.797 2592.000 1202.229 -1.032
1197.506 1588.673 1377.812 1540.495 -1.032
1375.137 1271.594 1496.522 1210.663 -1.032
1686.868 1216.582 1831.106 1172.929 -1.032
2497.763 1158.270 2592.000 1065.411 -1.032
1356.114 1249.370 1484.947 1202.832 -1.032
1959.259 133.494 2020.296 97.720 -1.032
1828.173 1929.352 1994.275 1840.970 -1.032
967.638 1696.530 1150.946 1664.439 -1.032
1326.110 1114.333 1453.757 1081.745 -1.032
1822.261 1445.986 1959.094 1370.208 -1.032
1313.132 516.878 1416.611 513.781 -1.032
1958.085 1676.192 2182.785 1658.752 -1.032
1601.724 1553.105 1740.093 1481.801 -1.032
2517.654 1881.521 2592.000 1746.503 -1.033
664.775 1282.667 807.174 1270.651 -1.033
1693.103 1466.016 1841.194 1404.736 -1.033
2486.314 1330.709 2592.000 1242.634 -1.033
2498.519 1568.801 2592.000 1459.350 -1.033
1449.194 566.521 1527.483 539.028 -1.033
1693.283 1574.557 1836.997 1493.285 -1.033
838.171 1743.443 1050.212 1737.074 -1.033
450.377 1913.884 629.902 1878.372 -1.033
893.015 1430.353 1043.019 1415.897 -1.033
1702.757 1092.519 1799.671 1024.385 -1.033
1329.508 1263.568 1478.946 1242.563 -1.033
550.739 1417.630 702.841 1391.215 -1.033
2522.836 1934.540 2592.000 1795.373 -1.033
2530.512 1416.077 2592.000 1298.713 -1.033
2201.209 1826.109 2348.611 1706.291 -1.033
2495.564 1677.972 2592.000 1548.893 -1.033
1583.338 1709.514 1760.538 1637.797 -1.033
1250.725 1486.193 1424.031 1460.530 -1.033
1315.952 1492.181 1492.593 1478.338 -1.033
1761.725 1458.119 1898.476 1386.247 -1.033
1669.640 1567.386 1815.935 1476.492 -1.033
1645.682 1070.044 1763.763 1022.956 -1.033
1843.448 675.358 1938.506 622.361 -1.033
1389.282 603.620 1473.007 569.932 -1.033
1763.405 1449.765 1906.803 1378.535 -1.033
1269.134 499.656 1353.522 491.834 -1.033
1545.951 1050.893 1648.818 998.719 -1.034
1422.623 104.370 1473.950 82.844 -1.034
1520.083 1046.265 1647.180 1012.970 -1.034
1906.544 1178.456 2018.909 1102.749 -1.034
985.613 1713.573 1182.424 1699.656 -1.034
1709.401 1560.622 1869.531 1510.813 -1.034
1744.886 1074.694 1853.105 1000.336 -1.034
2041.981 1838.601 2198.782 1736.642 -1.034
1505.022 1103.456 1631.725 1063.886 -1.034
1571.116 810.491 1702.542 786.156 -1.034
1649.151 1073.412 1757.148 1013.171 -1.034
1473.222 416.723 1544.156 381.551 -1.034
1123.450 1139.051 1248.878 1112.772 -1.034
1608.913 1437.444 1748.997 1385.872 -1.034
1362.245 1456.909 1494.871 1399.046 -1.034
910.740 1451.240 1064.420 1424.989 -1.034
2098.377 1324.929 2224.598 1228.621 -1.034
1792.071 663.394 1894.774 635.766 -1.034
2526.091 1054.287 2592.000 964.446 -1.034
1208.049 1516.893 1361.786 1470.932 -1.034
1316.839 1046.954 1424.196 1002.794 -1.034
1474.821 408.023 1542.836 376.607 -1.034
913.940 1491.533 1087.257 1464.765 -1.034
1432.579 250.926 1515.473 252.650 -1.034
1291.396 1336.154 1433.146 1288.912 -1.034
2107.492 1150.549 2226.796 1065.939 -1.034
1328.742 1661.340 1497.937 1607.428 -1.034
877.643 1554.051 1031.654 1528.372 -1.034
1313.347 1422.538 1458.918 1368.843 -1.035
904.099 1439.199 1054.111 1400.719 -1.035
1304.252 1320.468 1431.759 1266.456 -1.035
2071.449 1845.881 2224.694 1736.608 -1.035
1583.639 790.216 1683.612 740.534 -1.035
1798.881 607.261 1883.567 549.942 -1.035
1324.322 1079.463 1427.569 1021.054 -1.035
2081.717 695.766 2185.552 645.028 -1.035
1403.351 587.991 1475.790 558.429 -1.035
1865.549 1166.074 2058.038 1150.880 -1.035
1415.300 328.296 1516.572 330.714 -1.035
1902.392 1598.232 2036.041 1502.226 -1.035
599.153 1413.518 751.196 1407.466 -1.035
2531.845 1725.278 2592.000 1590.101 -1.035
752.015 1427.403 909.135 1407.075 -1.035
849.933 1905.389 1048.903 1869.583 -1.035
2524.106 1722.384 2592.000 1615.000 -1.036
1768.656 83.893 1801.939 35.577 -1.036
958.044 1250.910 1083.121 1216.594 -1.036
1721.205 1272.461 1840.531 1196.646 -1.036
1878.855 1536.907 2008.876 1446.302 -1.036
1464.602 1114.375 1572.094 1055.019 -1.036
1707.317 1705.603 1861.476 1612.075 -1.036
1671.793 1282.878 1800.076 1215.566 -1.036
1644.704 791.770 1744.475 739.469 -1.036
1105.898 1254.153 1227.808 1210.177 -1.036
904.045 1797.506 1079.796 1746.718 -1.037
2175.282 1930.337 2334.729 1823.485 -1.037
710.954 1236.817 847.546 1214.984 -1.037
2529.395 1535.056 2592.000 1409.488 -1.037
1779.410 1894.176 1955.648 1817.696 -1.037
1436.548 1141.426 1581.986 1124.809 -1.037
1285.344 108.608 1354.385 107.959 -1.037
1834.415 1603.338 1971.358 1508.174 -1.037
1593.807 267.224 1648.541 229.792 -1.037
1731.076 1477.155 1878.745 1399.453 -1.037
2325.843 1897.131 2493.279 1801.413 -1.037
1519.487 169.261 1601.042 174.694 -1.037
1465.921 1118.306 1574.254 1058.932 -1.037
1646.189 798.522 1759.240 769.938 -1.037
2516.261 397.327 2569.731 312.500 -1.037
2373.197 1326.582 2484.213 1214.730 -1.037
1570.381 1392.399 1702.375 1334.612 -1.037
1312.347 1472.717 1489.967 1462.344 -1.037
1384.574 597.154 1474.117 579.751 -1.037
2016.709 275.128 2075.601 234.080 -1.038
2269.842 1930.628 2433.233 1815.253 -1.038
1061.798 594.049 1141.823 575.557 -1.038
1966.989 1117.610 2100.451 1080.111 -1.038
1342.986 1909.577 1521.311 1851.118 -1.038
1700.884 803.037 1818.496 750.846 -1.038
2030.368 1131.823 2125.904 1043.897 -1.038
2490.571 148.988 2553.738 110.417 -1.038
1064.275 643.528 1149.740 625.567 -1.038
1866.587 1461.725 1991.391 1375.934 -1.038
1660.912 799.976 1761.561 772.455 -1.038
1850.119 542.636 1930.934 488.653 -1.038
2226.958 1898.303 2400.597 1813.214 -1.038
1450.539 543.153 1549.307 541.952 -1.038
1759.880 985.289 1888.891 946.722 -1.038
1112.512 1488.889 1244.562 1437.398 -1.038
1326.300 953.800 1438.845 929.675 -1.038
2077.178 596.153 2153.809 521.876 -1.038
1673.269 1280.923 1867.011 1274.324 -1.038
1857.135 1475.565 2008.045 1402.459 -1.038
1478.111 540.689 1587.834 525.831 -1.038
1863.413 1046.417 1961.220 969.501 -1.038
1499.842 1080.125 1619.074 1027.133 -1.038
1577.043 1918.179 1785.987 1863.224 -1.038
2528.275 1110.005 2592.000 1008.730 -1.038
1943.880 1820.830 2203.170 1813.439 -1.039
1.000 1786.050 144.331 1783.190 -1.039
2510.185 1912.693 2592.000 1802.220 -1.039
2543.101 244.407 2581.449 164.526 -1.039
1838.752 1263.280 1966.241 1199.098 -1.039
1922.439 1908.383 2098.231 1813.226 -1.039
1190.098 1060.766 1295.770 1022.586 -1.039
1016.807 1387.942 1154.215 1349.846 -1.039
1609.756 1427.962 1760.209 1383.353 -1.039
1805.614 696.150 1911.022 678.404 -1.039
740.404 1413.675 911.327 1407.255 -1.039
984.445 1742.050 1155.232 1724.247 -1.039
928.200 1750.292 1124.822 1734.459 -1.039
1509.028 776.169 1677.105 768.920 -1.039
1277.297 1394.717 1402.425 1333.751 -1.039
1210.560 1087.125 1324.564 1047.110 -1.039
578.818 953.464 710.524 945.500 -1.039
2032.686 791.147 2138.705 747.241 -1.039
1947.098 459.848 1999.238 412.364 -1.039
1418.610 1083.616 1564.143 1044.484 -1.039
1336.352 1911.533 1517.589 1846.000 -1.039
1177.177 1620.291 1336.947 1565.980 -1.039
1.000 1897.783 159.481 1889.079 -1.039
1478.334 430.570 1545.001 379.897 -1.039
1573.828 1921.359 1740.399 1842.694 -1.039
1189.218 1622.023 1334.258 1567.979 -1.039
501.454 939.470 621.856 930.745 -1.040
2017.670 1115.095 2117.017 1041.156 -1.040
936.501 1.000 994.428 22.799 -1.040
310.764 1328.978 458.237 1309.247 -1.040
2525.072 1112.750 2592.000 1020.646 -1.040
1358.051 120.938 1395.645 94.585 -1.040
1471.887 1128.453 1597.433 1072.696 -1.040
1780.812 927.241 1872.819 860.423 -1.040
792.048 153.352 857.875 167.334 -1.040
1661.015 801.931 1757.479 767.859 -1.040
2101.478 1320.347 2220.355 1230.154 -1.040
1274.499 441.654 1354.061 426.369 -1.040
1258.723 231.306 1305.404 216.946 -1.040
1711.919 1442.544 1841.810 1372.295 -1.040
2521.188 1494.232 2592.000 1389.522 -1.040
1591.197 1918.762 1760.409 1829.210 -1.040
1392.974 1533.865 1524.912 1465.906 -1.040
863.183 1805.824 1087.573 1785.944 -1.040
2025.205 666.833 2126.206 610.489 -1.040
1430.048 88.298 1517.826 96.341 -1.040
1119.294 1024.105 1249.701 1005.433 -1.040
1697.100 792.403 1786.913 758.418 -1.040
1207.219 1383.367 1339.561 1332.402 -1.040
1270.728 448.264 1340.834 418.181 -1.040
1036.528 1909.752 1206.342 1857.417 -1.040
949.634 1762.447 1141.191 1735.213 -1.040
1189.727 1053.412 1296.130 1025.532 -1.040
2510.286 1404.101 2592.000 1285.148 -1.040
1449.814 1092.626 1602.637 1057.147 -1.041
593.812 947.755 695.042 940.274 -1.041
1674.225 737.140 1775.708 714.685 -1.041
2518.327 1733.328 2592.000 1624.225 -1.041
1338.532 1481.453 1480.171 1426.146 -1.041
2365.906 870.306 2449.808 780.783 -1.041
1548.884 1532.611 1732.871 1505.910 -1.041
958.760 1762.482 1124.934 1718.275 -1.041
1252.754 1002.716 1395.294 1000.579 -1.041
1368.317 1483.257 1504.374 1423.326 -1.041
989.988 1733.863 1161.098 1678.251 -1.041
1553.341 797.208 1641.022 745.603 -1.041
709.932 1272.711 847.575 1254.419 -1.041
1808.897 661.208 1889.836 627.131 -1.041
1893.877 1310.444 2018.633 1243.198 -1.041
1230.571 1628.569 1407.660 1608.449 -1.041
1214.528 1498.451 1402.560 1477.556 -1.041
1473.015 1037.350 1598.186 998.648 -1.041
905.094 1453.702 1059.551 1435.645 -1.041
2516.958 1739.274 2592.000 1611.352 -1.041
2521.797 1434.246 2592.000 1310.307 -1.041
1617.847 1559.864 1758.311 1480.012 -1.041
976.700 1721.808 1159.779 1693.867 -1.041
1732.504 1604.248 1879.815 1523.737 -1.041
1373.228 1477.640 1517.624 1412.750 -1.041
1741.635 1574.773 1885.664 1496.525 -1.041
1614.159 1422.581 1758.169 1379.645 -1.041
1485.739 1056.346 1584.220 996.158 -1.041
2259.677 1888.807 2450.662 1800.217 -1.041
311.012 1902.947 483.170 1899.347 -1.042
1754.718 1097.757 1872.403 1017.324 -1.042
2530.491 1232.102 2592.000 1121.199 -1.042
1812.809 1457.323 1939.723 1377.932 -1.042
1654.261 778.422 1780.948 755.790 -1.042
1910.073 1298.500 2025.354 1202.070 -1.042
2120.165 1142.438 2223.735 1051.532 -1.042
2295.471 1349.207 2413.121 1255.436 -1.042
714.897 546.562 805.137 542.519 -1.042
1106.788 1483.684 1258.326 1435.086 -1.042
1904.648 1113.941 2018.180 1036.323 -1.042
1711.603 1265.201 1829.822 1200.103 -1.042
1296.422 1450.117 1450.170 1397.356 -1.042
1767.225 1822.767 1930.858 1734.465 -1.042
1746.765 1460.464 1879.515 1377.143 -1.042
644.717 1641.118 808.553 1612.670 -1.042
1246.401 1231.158 1375.472 1194.831 -1.042
740.780 850.274 845.889 838.835 -1.042
2052.260 1266.398 2211.409 1216.103 -1.042
1403.101 1750.471 1579.799 1687.044 -1.042
2541.442 88.663 2592.000 36.726 -1.042
1660.788 1220.150 1832.388 1189.168 -1.042
1347.256 1911.412 1530.065 1848.251 -1.042
1823.429 1502.610 1969.418 1440.980 -1.042
2485.045 1802.346 2592.000 1694.202 -1.042
1378.152 1251.566 1509.431 1210.311 -1.042
1002.626 1774.505 1180.894 1752.016 -1.042
1038.434 77.576 1093.142 95.242 -1.042
1352.961 1256.628 1480.065 1200.264 -1.042
1250.233 1907.172 1425.414 1846.732 -1.042
2528.516 588.347 2592.000 506.893 -1.042
1864.501 1431.430 2021.796 1390.724 -1.042
893.037 935.465 1001.032 931.451 -1.042
2283.126 113.517 2348.440 108.531 -1.042
2001.192 1130.395 2115.528 1061.481 -1.042
1597.866 1057.394 1702.894 1007.421 -1.042
1524.197 1204.478 1649.391 1161.905 -1.042
2527.670 428.792 2582.341 346.822 -1.042
1072.491 1829.043 1242.306 1772.959 -1.042
2504.734 1926.577 2592.000 1787.869 -1.042
1449.493 1119.827 1552.440 1065.771 -1.042
504.268 1920.695 680.625 1879.558 -1.042
2510.805 1297.001 2592.000 1173.433 -1.043
2439.454 1909.380 2592.000 1798.357 -1.043
2413.244 1276.718 2527.056 1159.588 -1.043
1058.908 1421.183 1196.031 1375.239 -1.043
744.532 986.372 885.792 978.989 -1.043
1542.215 1399.278 1717.270 1358.791 -1.043
1763.689 521.697 1850.683 469.103 -1.043
1296.884 538.136 1385.649 523.012 -1.043
2523.150 1782.783 2592.000 1649.575 -1.043
192.839 1902.803 372.264 1883.966 -1.043
817.572 1871.434 1003.856 1853.732 -1.043
2527.658 1138.633 2592.000 1029.661 -1.043
2369.465 861.666 2452.865 758.137 -1.043
752.044 1888.022 937.881 1857.600 -1.043
1841.683 529.550 1919.331 487.186 -1.043
1688.563 521.684 1774.130 480.636 -1.043
2518.940 1895.319 2592.000 1758.653 -1.043
1630.257 1119.872 1745.501 1061.796 -1.043
1993.428 1082.393 2118.639 1038.864 -1.043
1514.177 1026.095 1662.101 1019.906 -1.043
2528.646 1128.158 2592.000 1014.819 -1.043
2524.796 38.488 2548.361 -34.489 -1.043
2513.198 735.185 2590.126 632.099 -1.043
1457.315 1098.741 1570.151 1045.522 -1.043
543.566 1412.154 687.570 1386.812 -1.043
2085.847 620.052 2156.812 544.099 -1.043
2536.002 820.199 2592.000 717.697 -1.043
1723.925 1486.286 1862.658 1402.211 -1.043
1222.916 1496.862 1390.075 1456.270 -1.043
927.828 1881.433 1134.163 1877.198 -1.043
1985.372 1675.764 2229.418 1672.210 -1.043
1624.162 1886.064 1810.055 1842.545 -1.043
1217.562 1242.239 1368.781 1212.777 -1.043
2529.789 1082.732 2592.000 971.987 -1.043
1301.058 1326.572 1445.200 1284.516 -1.044
1648.529 789.876 1744.390 739.377 -1.044
1382.101 589.457 1466.637 565.119 -1.044
1735.431 800.147 1854.962 760.134 -1.044
884.074 1075.008 995.472 1054.526 -1.044
1418.450 1112.048 1578.910 1107.450 -1.044
1830.875 1013.478 1984.103 1002.320 -1.044
1756.205 1808.169 1929.158 1736.275 -1.044
2519.946 644.085 2590.890 551.984 -1.044
1724.363 1434.587 1850.512 1370.678 -1.044
1120.191 1032.121 1232.095 995.765 -1.044
928.844 1741.811 1105.565 1702.417 -1.044
1562.126 809.847 1648.842 757.006 -1.044
1448.061 590.988 1554.992 581.592 -1.044
2536.077 612.622 2592.000 512.128 -1.044
1845.396 73.283 1886.710 27.153 -1.044
1347.495 1243.293 1517.037 1230.679 -1.044
873.794 1932.255 1042.037 1881.757 -1.044
1445.803 1910.496 1621.583 1839.764 -1.044
1934.234 1251.311 2048.231 1163.662 -1.044
520.595 947.630 628.239 946.424 -1.044
1143.469 1511.355 1311.522 1476.779 -1.044
1219.906 1087.996 1338.766 1044.264 -1.044
445.935 854.895 544.140 852.286 -1.044
2252.458 1019.574 2377.579 937.068 -1.044
1121.149 1488.036 1271.551 1454.652 -1.044
1679.254 1604.410 1825.199 1531.615 -1.044
1356.146 1487.656 1501.873 1431.249 -1.044
1815.899 710.930 1936.660 679.481 -1.044
1678.065 793.227 1808.405 760.756 -1.044
938.959 1439.267 1110.923 1427.324 -1.044
1466.927 1106.376 1566.454 1057.570 -1.044
2511.044 819.529 2592.000 707.827 -1.044
1774.977 692.780 1882.314 669.104 -1.044
2550.213 195.688 2589.040 121.514 -1.044
2184.670 1342.148 2327.695 1261.827 -1.045
2531.948 1594.453 2592.000 1463.792 -1.045
183.379 1900.518 359.365 1883.931 -1.045
918.860 1785.649 1080.415 1739.475 -1.045
1536.441 1335.774 1700.166 1311.130 -1.045
1855.778 1449.087 2006.117 1379.477 -1.045
491.197 1072.562 609.082 1064.227 -1.045
1856.371 645.920 1941.401 606.848 -1.045
1834.962 670.216 1946.743 621.080 -1.045
2337.272 1423.801 2473.968 1328.218 -1.045
1540.915 1049.675 1647.086 998.590 -1.045
2526.197 1274.368 2592.000 1154.560 -1.045
1623.011 261.088 1676.325 233.382 -1.045
1472.199 577.411 1577.058 551.027 -1.045
1404.095 587.892 1484.935 559.971 -1.045
905.743 636.375 987.992 620.937 -1.045
2077.567 1242.667 2199.720 1164.750 -1.045
2541.938 858.789 2592.000 751.877 -1.045
936.330 1743.625 1082.751 1693.397 -1.045
1350.178 121.327 1394.906 100.425 -1.045
621.007 1297.050 752.475 1289.377 -1.045
1832.358 601.867 1900.259 537.614 -1.046
1625.760 276.967 1700.165 263.571 -1.046
982.559 1717.814 1178.100 1696.314 -1.046
641.320 1904.735 822.174 1875.170 -1.046
1293.945 1296.702 1430.706 1247.808 -1.046
931.823 811.260 1020.969 793.195 -1.046
127.386 1894.620 316.636 1879.368 -1.046
1743.933 515.570 1815.749 475.706 -1.046
1281.674 497.103 1372.367 492.243 -1.046
902.414 1458.722 1040.228 1418.154 -1.046
296.262 1896.617 491.615 1892.004 -1.046
2167.704 729.565 2264.656 666.000 -1.046
786.245 311.287 846.735 322.578 -1.046
925.215 1731.102 1122.340 1715.876 -1.046
1139.390 1009.405 1250.892 990.745 -1.046
896.323 845.894 999.970 838.072 -1.046
274.854 1918.701 455.887 1891.194 -1.046
1779.346 663.766 1859.437 630.748 -1.046
1142.240 1688.147 1316.379 1661.130 -1.046
1183.933 1704.831 1345.792 1663.914 -1.046
917.421 1438.896 1063.964 1398.738 -1.046
1752.045 692.155 1842.148 634.624 -1.046
1469.012 95.329 1524.353 82.357 -1.046
1299.238 1255.326 1416.313 1204.074 -1.046
2527.227 1240.962 2592.000 1133.135 -1.046
2058.495 1162.291 2166.738 1066.633 -1.046
1283.264 1310.162 1424.978 1250.880 -1.046
1256.985 1257.138 1407.866 1247.024 -1.046
1276.478 1909.274 1455.429 1863.094 -1.046
1664.671 1811.117 1834.589 1743.220 -1.046
1560.924 1399.201 1693.245 1347.698 -1.046
1652.172 89.142 1687.569 55.293 -1.046
1340.061 1073.590 1441.016 1012.795 -1.046
2506.052 1055.388 2592.000 953.379 -1.047
1796.670 69.981 1847.852 36.376 -1.047
490.759 1913.225 675.533 1884.577 -1.047
899.372 1383.912 1029.815 1350.889 -1.047
2538.935 890.877 2592.000 780.428 -1.047
1139.367 1209.648 1270.268 1168.420 -1.047
936.741 1738.870 1089.020 1700.048 -1.047
1535.447 789.093 1636.810 751.138 -1.047
882.482 988.910 986.122 955.583 -1.047
2074.455 1173.017 2205.491 1094.167 -1.047
1236.136 1501.257 1378.773 1444.932 -1.047
1558.384 773.329 1691.551 758.871 -1.047
1439.827 1263.621 1608.274 1235.979 -1.047
2149.011 1917.169 2313.031 1812.814 -1.047
2422.674 393.606 2548.083 374.076 -1.047
1332.312 935.982 1428.110 892.644 -1.047
2503.146 638.888 2573.778 554.185 -1.047
1388.749 1789.528 1539.742 1710.393 -1.047
1783.820 897.026 1887.863 837.922 -1.047
1907.070 1112.355 2007.952 1043.071 -1.047
1521.523 784.726 1664.512 776.905 -1.047
1653.036 139.908 1701.909 114.427 -1.047
1433.099 153.859 1490.834 147.487 -1.047
2534.189 1138.499 2592.000 1024.513 -1.047
490.158 948.385 599.981 936.647 -1.047
1770.231 185.431 1809.477 143.465 -1.047
1338.583 1277.199 1456.936 1219.521 -1.047
1562.756 1061.552 1673.070 997.675 -1.047
1317.177 1430.750 1444.874 1371.887 -1.047
759.066 1070.661 872.698 1055.723 -1.047
2028.505 971.293 2128.870 896.747 -1.047
1778.135 146.648 1829.117 113.630 -1.047
1899.681 1181.055 2035.153 1123.563 -1.047
2276.979 1380.104 2393.106 1277.346 -1.047
714.704 539.851 800.871 536.586 -1.047
1735.832 1917.770 1911.753 1827.348 -1.047
1063.149 1916.598 1233.380 1852.255 -1.047
1947.842 38.016 1978.455 -8.641 -1.047
965.838 1758.062 1134.716 1722.002 -1.047
1741.327 1454.065 1876.289 1388.742 -1.048
2488.245 1062.182 2592.000 966.917 -1.048
1238.628 1242.820 1376.385 1209.391 -1.048
1561.574 1614.438 1717.577 1540.764 -1.048
1114.586 1087.372 1236.073 1064.216 -1.048
1223.768 1718.717 1377.311 1648.824 -1.048
2400.436 994.299 2499.464 899.726 -1.048
1765.313 1607.848 1916.874 1538.118 -1.048
796.323 164.793 857.831 175.078 -1.048
63.821 1518.473 208.819 1512.040 -1.048
2528.293 1370.078 2592.000 1253.930 -1.048
1.000 1886.903 168.375 1878.078 -1.048
2005.883 1089.418 2121.548 1043.130 -1.048
426.727 1897.116 609.285 1876.202 -1.048
1540.399 1418.302 1716.519 1358.076 -1.048
1954.547 116.322 1994.875 61.268 -1.048
1430.406 105.128 1466.039 85.305 -1.048
239.868 1898.452 415.548 1881.277 -1.048
1170.038 1175.666 1289.861 1131.187 -1.048
1805.851 673.318 1915.174 656.545 -1.048
1477.763 1105.355 1596.471 1056.996 -1.048
1363.182 106.721 1414.826 89.817 -1.048
1333.768 1269.669 1478.539 1251.842 -1.048
2520.554 1504.269 2592.000 1401.186 -1.048
1707.725 1222.694 1832.175 1146.322 -1.048
1526.958 717.479 1609.614 673.498 -1.048
2533.597 1196.684 2592.000 1079.183 -1.048
1078.358 1420.413 1213.642 1371.814 -1.048
2553.898 198.607 2592.000 115.578 -1.048
1596.217 274.460 1675.604 259.537 -1.048
1943.478 601.448 2013.203 559.219 -1.048
2536.119 605.592 2592.000 510.727 -1.048
1795.918 1582.213 1927.403 1491.068 -1.048
1197.467 1047.013 1308.152 1005.107 -1.048
1607.280 792.170 1712.737 747.957 -1.049
1353.203 1612.346 1503.491 1544.371 -1.049
1627.746 292.176 1688.289 257.303 -1.049
1499.005 1053.595 1602.275 995.509 -1.049
1081.965 1417.086 1232.773 1375.963 -1.049
1620.122 1426.601 1758.605 1355.409 -1.049
1281.117 1732.331 1451.367 1686.938 -1.049
990.314 1719.505 1166.541 1689.884 -1.049
1604.039 1058.688 1707.769 999.483 -1.049
1889.719 1439.562 2048.927 1386.777 -1.049
1453.409 1803.618 1623.311 1734.012 -1.049
1608.178 1920.829 1778.152 1840.999 -1.049
1306.427 1534.873 1445.295 1484.970 -1.049
869.673 1895.235 1056.942 1872.680 -1.049
1730.914 1475.742 1865.348 1388.783 -1.049
1619.497 76.909 1665.682 48.942 -1.049
2534.861 1048.845 2592.000 938.704 -1.049
1595.688 1053.771 1746.619 1041.911 -1.049
2001.028 1083.775 2133.401 1058.989 -1.049
2541.641 413.331 2592.000 346.770 -1.049
1592.905 1927.498 1759.883 1845.752 -1.049
954.537 1671.537 1156.521 1658.715 -1.049
1566.427 1387.944 1692.393 1329.485 -1.049
1295.514 1442.489 1436.160 1385.572 -1.049
1481.326 558.039 1561.487 536.044 -1.049
570.702 955.023 673.959 953.056 -1.049
2515.762 145.326 2561.842 64.085 -1.049
1518.457 792.911 1633.846 761.519 -1.049
2526.218 123.835 2561.557 45.422 -1.049
1250.929 1060.092 1369.402 1025.415 -1.049
1858.886 1291.786 2033.967 1251.175 -1.049
2093.381 380.886 2200.826 357.153 -1.049
1845.188 1060.522 1961.016 999.976 -1.049
1705.592 811.246 1802.327 768.625 -1.049
600.613 1083.042 709.870 1071.240 -1.049
2098.222 1764.896 2259.339 1695.414 -1.049
1476.896 1026.530 1582.820 981.729 -1.049
1792.761 663.241 1906.593 628.568 -1.049
1442.989 665.910 1515.287 625.728 -1.049
651.510 959.451 757.965 947.453 -1.049
1679.753 1598.087 1833.833 1533.161 -1.049
1273.588 1268.004 1400.364 1213.957 -1.049
1671.898 1557.322 1825.838 1501.260 -1.049
1220.946 1510.550 1406.714 1488.029 -1.049
855.641 1002.288 982.901 981.850 -1.049
1990.508 1350.400 2109.341 1253.942 -1.049
2526.119 1496.177 2592.000 1375.994 -1.049
1852.883 1607.918 1989.428 1511.464 -1.049
1491.750 1107.860 1611.208 1055.603 -1.050
1146.545 1555.315 1293.118 1517.994 -1.050
1849.870 676.062 1932.536 618.405 -1.050
1227.889 1099.149 1336.799 1051.673 -1.050
1240.226 1250.722 1368.359 1201.385 -1.050
762.645 1433.031 912.654 1393.470 -1.050
1663.963 1047.244 1767.590 981.703 -1.050
1811.329 1458.955 1944.040 1370.706 -1.050
1351.932 1261.557 1498.090 1240.254 -1.050
1670.526 1466.433 1821.738 1411.985 -1.050
242.946 1696.774 408.532 1685.307 -1.050
1821.647 1596.759 1963.569 1512.237 -1.050
1989.829 1098.527 2096.104 1033.028 -1.050
1613.965 1301.401 1727.361 1226.290 -1.050
2486.265 1894.278 2592.000 1761.500 -1.050
1465.518 587.536 1534.158 548.272 -1.050
1603.048 1414.953 1738.091 1366.563 -1.050
1638.675 1071.782 1742.235 1001.878 -1.050
2533.556 1046.537 2592.000 938.042 -1.050
2299.871 777.724 2367.883 701.697 -1.050
807.191 1906.823 988.947 1870.015 -1.050
708.363 867.845 830.865 862.016 -1.050
1713.709 1921.917 1895.254 1825.151 -1.050
1362.490 1915.052 1538.301 1865.398 -1.050
1954.157 464.527 2007.376 408.978 -1.050
1935.855 405.747 2006.299 351.268 -1.050
1333.529 1907.627 1525.786 1849.933 -1.050
2273.351 788.653 2357.512 713.411 -1.050
1665.042 1560.379 1823.340 1485.944 -1.050
1.000 1905.495 170.318 1902.254 -1.050
1130.978 1574.765 1279.936 1526.870 -1.050
1780.388 498.165 1844.329 451.475 -1.050
637.762 1296.359 768.372 1275.655 -1.050
1422.979 1674.775 1584.892 1619.631 -1.050
747.876 934.279 849.694 916.272 -1.050
1681.144 1609.021 1826.550 1525.606 -1.050
1596.013 1070.750 1698.071 1010.345 -1.050
930.535 1733.760 1121.778 1707.065 -1.051
1714.052 685.289 1823.176 654.548 -1.051
1768.242 1436.776 1912.397 1374.656 -1.051
1329.743 1483.252 1474.062 1428.569 -1.051
687.325 1676.550 866.318 1674.038 -1.051
2137.314 1058.453 2239.396 973.629 -1.051
755.589 1065.704 873.440 1054.220 -1.051
1904.800 1591.351 2040.219 1500.190 -1.051
1864.134 1908.793 2066.030 1847.934 -1.051
1210.605 1685.254 1404.940 1674.512 -1.051
964.542 1748.338 1137.752 1728.003 -1.051
1359.905 1258.412 1512.732 1255.439 -1.051
1159.986 1139.882 1281.683 1108.415 -1.051
1161.349 1006.440 1286.662 999.156 -1.051
1133.761 1519.756 1286.996 1495.546 -1.051
1637.550 1428.963 1782.162 1377.738 -1.051
929.897 1778.594 1102.724 1734.042 -1.051
1237.830 1506.457 1368.013 1451.343 -1.051
2502.668 1.000 2559.048 63.194 -1.051
662.997 1300.144 810.012 1295.437 -1.051
1659.466 815.015 1764.341 770.597 -1.051
1571.306 1052.549 1694.018 999.382 -1.051
1546.376 1327.207 1715.650 1308.080 -1.051
1592.209 801.980 1707.787 788.299 -1.051
1769.233 1598.854 1912.922 1512.657 -1.051
1178.339 1551.823 1316.574 1494.406 -1.051
1718.350 1262.305 1832.204 1188.603 -1.051
1247.974 1916.082 1418.672 1846.111 -1.051
1894.896 1602.811 2053.934 1524.158 -1.051
2349.385 1914.813 2516.217 1790.385 -1.051
848.688 168.841 961.848 260.764 -1.051
913.266 1779.166 1080.262 1728.781 -1.051
1213.139 1910.307 1381.906 1842.692 -1.051
1573.347 1376.610 1703.432 1312.217 -1.051
1815.156 704.796 1933.443 665.885 -1.051
2522.434 767.547 2592.000 699.099 -1.051
1059.790 1508.628 1198.962 1466.569 -1.051
2368.536 828.981 2443.708 737.511 -1.051
1575.246 788.647 1675.736 735.872 -1.051
2504.129 1632.402 2592.000 1506.940 -1.051
1237.974 1233.496 1373.004 1202.291 -1.051
1774.870 1636.973 1965.524 1585.064 -1.051
1755.892 1567.059 1888.535 1489.542 -1.051
2529.892 1719.068 2592.000 1585.431 -1.051
773.866 864.614 873.494 855.470 -1.051
1966.171 1670.399 2179.390 1644.038 -1.051
1985.273 401.458 2047.284 344.623 -1.051
1450.331 1109.199 1563.788 1045.978 -1.051
2519.408 1042.139 2592.000 931.914 -1.051
930.019 1059.257 1047.187 1040.595 -1.051
1562.690 1371.913 1719.058 1312.244 -1.052
1698.864 76.681 1748.449 49.333 -1.052
2462.853 1164.558 2592.000 1099.445 -1.052
1277.477 1754.456 1447.297 1704.632 -1.052
2528.448 1502.925 2592.000 1401.712 -1.052
2389.237 593.616 2451.838 507.871 -1.052
637.641 1916.833 815.447 1887.960 -1.052
480.278 1194.100 606.213 1191.318 -1.052
1202.348 1612.532 1344.325 1555.654 -1.052
1752.824 675.003 1845.402 628.489 -1.052
771.722 1108.257 917.647 1097.223 -1.052
2194.112 1579.608 2342.784 1485.187 -1.052
966.765 1757.082 1149.639 1740.357 -1.052
613.073 389.707 683.748 387.182 -1.052
866.202 1662.071 1017.964 1613.346 -1.052
1344.162 1804.277 1532.475 1759.521 -1.052
740.662 875.717 861.507 871.313 -1.052
1509.535 1041.580 1630.706 1002.788 -1.052
2100.507 1242.068 2204.396 1148.926 -1.052
569.317 1498.508 748.816 1495.755 -1.052
1283.054 1435.080 1432.788 1389.996 -1.052
1859.054 1457.037 2004.430 1370.099 -1.052
2514.921 1345.595 2592.000 1223.696 -1.052
1786.355 677.092 1861.087 620.552 -1.052
1742.011 1767.047 1913.019 1690.345 -1.052
1484.794 1117.891 1634.234 1102.318 -1.052
1590.318 1632.625 1758.925 1583.360 -1.052
1458.686 955.824 1561.445 906.374 -1.052
1652.236 801.119 1750.241 752.943 -1.052
2039.094 1806.939 2322.357 1795.997 -1.052
2533.100 575.673 2592.000 491.912 -1.052
635.864 1068.161 760.526 1060.447 -1.052
965.970 1705.722 1147.678 1674.314 -1.052
1.000 1355.840 114.697 1411.106 -1.052
1525.045 1055.450 1627.830 989.751 -1.052
2517.407 1623.936 2592.000 1495.260 -1.052
950.596 1769.202 1107.224 1709.510 -1.052
1723.682 1605.180 1879.030 1539.528 -1.052
1502.555 1122.269 1624.468 1075.069 -1.052
2521.508 1921.542 2592.000 1788.288 -1.052
2504.008 1250.024 2592.000 1136.240 -1.052
1174.421 341.571 1237.037 338.964 -1.052
1562.941 1385.830 1682.998 1319.392 -1.052
1628.872 980.249 1751.982 939.760 -1.052
772.624 1492.690 953.419 1472.121 -1.052
1801.534 515.588 1892.240 462.194 -1.053
1833.726 543.453 1909.462 483.182 -1.053
1222.256 1031.951 1345.167 1012.167 -1.053
1858.923 397.135 1946.329 379.428 -1.053
1820.312 703.452 1912.188 665.137 -1.053
1397.542 1627.301 1540.502 1561.269 -1.053
980.739 1776.024 1146.447 1718.514 -1.053
2200.958 1817.142 2356.898 1706.607 -1.053
1697.232 1596.293 1838.516 1517.233 -1.053
1179.496 1598.793 1342.666 1556.681 -1.053
2533.059 1354.021 2592.000 1240.991 -1.053
776.533 839.995 877.987 838.643 -1.053
537.159 1534.812 684.104 1514.619 -1.053
1273.746 1444.231 1441.094 1422.170 -1.053
1292.226 1432.992 1438.116 1395.640 -1.053
1693.409 1243.868 1804.601 1167.904 -1.053
1658.622 782.366 1778.845 762.048 -1.053
934.370 1748.827 1091.253 1692.106 -1.053
697.253 1292.807 839.272 1271.796 -1.053
617.461 32.555 664.444 54.818 -1.053
810.523 494.865 881.211 488.255 -1.053
1612.875 275.039 1670.438 232.340 -1.053
2137.225 375.184 2187.439 306.433 -1.053
1259.265 512.384 1352.350 486.436 -1.053
551.882 1416.351 695.400 1385.480 -1.053
2509.496 746.121 2583.573 657.715 -1.053
2529.392 823.348 2592.000 719.469 -1.053
1881.362 1660.625 2031.199 1574.289 -1.053
2033.294 66.417 2065.101 29.722 -1.053
875.547 1548.797 1030.517 1511.353 -1.053
1790.616 588.412 1875.640 546.348 -1.053
1874.724 846.243 1987.453 799.857 -1.053
1960.979 1263.849 2084.121 1183.482 -1.053
1130.124 1003.226 1260.114 988.358 -1.053
1017.820 1766.599 1185.408 1728.103 -1.053
1283.911 1152.794 1394.810 1099.724 -1.053
130.660 1905.622 312.731 1890.341 -1.053
2370.958 1638.439 2509.106 1529.124 -1.053
1759.363 1598.032 1899.473 1512.065 -1.053
1596.199 21.935 1678.158 71.050 -1.053
1005.126 393.700 1131.951 454.493 -1.053
1660.332 786.541 1791.441 771.737 -1.053
2071.904 1222.581 2212.470 1139.935 -1.053
1475.114 760.955 1573.323 716.952 -1.053
2524.146 915.655 2592.000 823.760 -1.053
1533.746 1577.809 1712.730 1544.884 -1.053
1713.495 1588.183 1906.076 1543.926 -1.053
2515.510 621.224 2590.446 534.606 -1.053
1524.685 1037.562 1635.504 996.441 -1.053
1770.649 1032.112 1886.266 967.261 -1.053
1473.669 578.847 1544.927 545.374 -1.053
1690.365 1549.175 1830.560 1486.827 -1.053
2506.668 929.688 2592.000 831.298 -1.053
777.543 1889.574 954.982 1852.394 -1.053
1668.112 1602.953 1822.836 1528.727 -1.053
1746.894 1600.818 1895.346 1537.544 -1.053
1595.318 1344.809 1763.759 1316.287 -1.053
1310.269 965.324 1428.551 937.355 -1.054
1242.654 1254.369 1358.688 1195.922 -1.054
1804.150 698.360 1959.467 696.747 -1.054
1673.918 1063.809 1788.915 992.736 -1.054
532.078 1105.118 658.080 1094.214 -1.054
1755.901 675.576 1837.811 630.624 -1.054
1401.706 1089.417 1515.969 1039.887 -1.054
1285.803 1242.126 1430.752 1216.662 -1.054
1275.238 1859.788 1476.541 1826.905 -1.054
1602.817 808.622 1694.169 750.855 -1.054
1484.781 1076.258 1635.206 1071.716 -1.054
2476.187 1852.042 2592.000 1719.414 -1.054
1873.786 1204.421 1998.406 1148.853 -1.054
951.994 1750.978 1142.087 1717.753 -1.054
549.252 1409.856 701.108 1394.289 -1.054
1185.590 1913.173 1345.245 1854.929 -1.054
2022.575 1109.602 2154.022 1053.808 -1.054
1432.470 1756.580 1643.851 1735.915 -1.054
1719.874 1909.705 1916.640 1863.427 -1.054
2516.500 879.655 2592.000 810.944 -1.054
1623.333 1104.923 1748.041 1065.521 -1.054
1323.927 1570.268 1496.670 1517.876 -1.054
2521.224 572.640 2586.095 473.428 -1.054
1711.339 1437.054 1841.523 1360.112 -1.054
1902.176 1328.892 2033.470 1240.040 -1.054
1001.041 1783.129 1176.616 1724.820 -1.054
984.884 102.974 1030.854 101.607 -1.054
1363.071 1258.923 1490.881 1217.102 -1.054
2509.259 906.461 2592.000 806.790 -1.054
2521.512 21.901 2548.563 -54.682 -1.054
754.698 1893.994 936.159 1860.507 -1.054
654.455 191.115 713.115 220.370 -1.054
813.674 1891.120 984.372 1845.312 -1.054
2534.722 968.307 2592.000 857.483 -1.054
1224.427 1061.723 1326.969 1023.539 -1.054
1477.083 567.764 1566.484 545.818 -1.054
1476.257 1115.719 1623.895 1069.630 -1.054
2098.347 1151.139 2209.662 1053.023 -1.054
1344.857 1250.271 1504.514 1247.618 -1.054
2487.904 1853.716 2592.000 1726.140 -1.054
2538.688 1409.572 2592.000 1287.472 -1.054
300.289 1908.800 494.767 1885.949 -1.054
1753.977 155.694 1802.712 125.103 -1.054
893.881 1744.032 1091.804 1720.874 -1.054
2504.116 1282.885 2592.000 1178.671 -1.054
1613.856 1436.407 1746.074 1361.454 -1.055
1674.279 1191.441 1845.216 1168.823 -1.055
717.624 1886.950 901.256 1879.866 -1.055
815.773 1706.157 978.740 1676.329 -1.055
1181.627 1074.024 1305.894 1027.298 -1.055
481.174 1183.977 601.304 1178.362 -1.055
683.397 1905.352 861.865 1871.405 -1.055
1649.245 759.431 1742.421 711.878 -1.055
1600.552 1440.222 1726.255 1358.872 -1.055
369.031 1891.521 563.054 1885.015 -1.055
2518.106 1930.904 2592.000 1801.416 -1.055
1593.853 787.150 1747.538 779.349 -1.055
1699.387 1294.500 1818.406 1217.103 -1.055
1192.919 1615.519 1340.462 1556.962 -1.055
1298.056 1509.891 1464.798 1482.086 -1.055
1700.803 505.628 1772.896 467.081 -1.055
698.459 1228.541 856.737 1221.890 -1.055
1236.734 1490.537 1400.995 1449.795 -1.055
1451.986 1815.899 1628.656 1747.502 -1.055
2524.618 338.775 2578.837 246.875 -1.055
1568.486 1441.835 1724.561 1379.138 -1.055
1858.552 1322.620 1995.923 1247.713 -1.055
2078.442 1864.172 2244.358 1753.012 -1.055
1923.015 358.551 2031.173 349.826 -1.055
743.883 156.077 813.895 178.627 -1.055
1311.907 1319.337 1451.893 1264.921 -1.055
2036.572 166.543 2106.284 117.308 -1.055
1154.314 109.878 1246.491 127.681 -1.055
2031.619 1119.757 2167.067 1058.469 -1.055
1297.563 1328.231 1454.381 1295.630 -1.055
1474.126 572.803 1555.200 534.570 -1.055
1817.258 1630.967 1982.146 1575.988 -1.055
2486.480 1679.359 2592.000 1611.593 -1.055
1273.730 644.299 1357.679 620.450 -1.055
1602.077 1567.172 1747.631 1496.043 -1.055
1137.336 1485.957 1278.693 1450.128 -1.055
942.452 657.240 1024.169 649.514 -1.055
981.499 1614.585 1137.577 1577.475 -1.055
1251.386 1118.665 1382.983 1090.679 -1.055
485.915 1003.531 599.866 995.849 -1.055
1516.069 1419.612 1660.208 1355.757 -1.055
2506.483 1656.112 2592.000 1552.338 -1.055
1949.187 1104.831 2064.418 1034.355 -1.056
1508.057 791.737 1618.131 755.158 -1.056
2543.326 769.301 2592.000 662.190 -1.056
2522.330 1275.838 2592.000 1160.429 -1.056
1785.948 1314.604 1909.835 1229.911 -1.056
1097.104 1922.156 1266.400 1855.238 -1.056
1235.037 581.494 1332.213 566.598 -1.056
1592.275 262.252 1653.355 225.989 -1.056
1058.831 1424.070 1203.290 1397.120 -1.056
1796.090 1648.531 1953.713 1579.876 -1.056
1262.968 678.371 1392.888 670.792 -1.056
1515.581 187.917 1569.424 154.447 -1.056
2160.439 1550.434 2322.319 1459.689 -1.056
1427.628 1866.509 1629.345 1820.881 -1.056
1584.286 1101.868 1698.241 1051.149 -1.056
1100.778 1024.655 1218.657 1000.273 -1.056
1293.988 1570.369 1480.095 1539.372 -1.056
1621.990 1434.794 1751.470 1376.893 -1.056
2528.120 1136.150 2592.000 1040.952 -1.056
1482.872 1104.313 1600.815 1085.753 -1.056
1582.487 1396.110 1716.596 1330.084 -1.056
1216.516 1637.218 1392.305 1602.585 -1.056
1840.049 1709.507 2007.647 1636.752 -1.056
2532.357 564.537 2592.000 468.901 -1.056
913.255 1785.543 1093.500 1748.184 -1.056
1041.116 114.185 1079.425 110.722 -1.056
986.469 1740.820 1156.396 1711.772 -1.056
878.226 1805.831 1075.544 1775.240 -1.056
1111.858 1012.560 1241.759 992.941 -1.056
1550.505 783.409 1648.349 745.701 -1.056
740.976 1014.643 871.055 1001.169 -1.056
2534.127 717.588 2592.000 617.346 -1.056
1599.000 1592.012 1754.739 1535.569 -1.056
1917.085 1168.010 2021.535 1092.329 -1.056
2008.189 1140.820 2191.151 1135.390 -1.056
1345.543 1482.258 1488.476 1433.131 -1.056
1.000 1235.820 83.948 1261.869 -1.056
2482.733 325.559 2576.646 295.490 -1.056
559.354 1605.739 713.059 1570.327 -1.056
607.366 1062.587 719.527 1053.512 -1.056
813.710 600.135 897.138 588.267 -1.056
2520.061 1800.911 2592.000 1666.294 -1.056
1204.175 1084.189 1312.660 1048.566 -1.056
1737.222 1436.655 1871.582 1363.533 -1.056
2517.038 1317.050 2592.000 1194.791 -1.056
1761.820 996.646 1884.230 954.623 -1.056
1913.442 65.986 1949.955 13.998 -1.056
1712.732 1594.106 1857.854 1516.476 -1.056
1121.236 1142.433 1245.692 1113.751 -1.056
1641.106 1075.086 1784.126 1031.188 -1.056
1923.684 411.542 2001.566 360.044 -1.056
2193.575 1360.449 2328.990 1268.717 -1.057
1235.132 1403.440 1365.576 1354.965 -1.057
1459.307 1566.772 1602.652 1487.323 -1.057
1683.881 1307.477 1799.848 1228.550 -1.057
1288.240 1910.701 1476.208 1859.986 -1.057
1314.510 1565.544 1486.225 1512.693 -1.057
1873.009 1463.457 1998.105 1372.071 -1.057
2539.759 598.201 2592.000 495.896 -1.057
705.304 475.520 776.382 473.047 -1.057
924.453 1064.727 1067.939 1062.551 -1.057
2525.118 1013.411 2592.000 905.321 -1.057
718.325 867.590 821.421 859.823 -1.057
1539.753 1205.100 1669.491 1172.928 -1.057
1872.522 1670.110 2038.008 1574.436 -1.057
1628.714 284.723 1687.184 248.655 -1.057
2246.741 1258.172 2365.724 1161.447 -1.057
2509.710 1766.223 2592.000 1669.854 -1.057
1694.384 984.103 1810.756 965.368 -1.057
854.986 979.557 971.908 975.396 -1.057
1444.673 1097.660 1601.425 1075.570 -1.057
1655.200 808.859 1770.487 774.658 -1.057
1111.180 978.861 1218.807 952.178 -1.057
1366.382 1600.615 1509.940 1536.412 -1.057
1428.282 1936.674 1592.077 1850.130 -1.057
1604.766 251.723 1688.823 250.917 -1.057
1214.768 1498.748 1363.336 1440.320 -1.057
991.742 1515.868 1142.011 1479.043 -1.057
587.880 1539.124 741.572 1519.682 -1.057
1589.138 1566.831 1736.417 1506.226 -1.057
1241.779 1247.996 1410.171 1228.404 -1.057
1776.856 913.093 1880.948 872.578 -1.057
1165.436 1173.514 1274.995 1132.381 -1.057
984.490 1811.457 1170.541 1786.495 -1.057
1053.027 1782.070 1267.890 1780.304 -1.057
2189.442 1188.681 2307.646 1100.204 -1.057
1173.101 1006.486 1315.395 999.426 -1.057
2076.094 451.604 2146.677 391.286 -1.057
1526.069 803.337 1622.480 750.898 -1.057
2395.891 1681.397 2532.793 1569.815 -1.057
2033.691 989.678 2124.114 897.908 -1.057
1616.653 291.644 1676.473 263.370 -1.057
1688.929 1290.421 1847.903 1259.931 -1.057
1333.428 651.609 1414.380 623.433 -1.057
1250.718 1630.601 1402.130 1576.584 -1.058
2528.327 1827.941 2592.000 1703.166 -1.058
559.865 1706.994 718.047 1674.939 -1.058
978.192 1378.864 1116.786 1339.101 -1.058
991.407 586.346 1059.466 571.181 -1.058
2503.483 1829.822 2592.000 1694.669 -1.058
886.653 1804.200 1050.520 1772.746 -1.058
1108.559 1493.040 1283.909 1480.758 -1.058
1986.614 1110.333 2120.408 1039.049 -1.058
579.782 1895.122 760.594 1870.954 -1.058
1527.721 1213.684 1655.645 1159.328 -1.058
1176.979 123.587 1222.009 109.407 -1.058
921.373 383.594 997.645 371.150 -1.058
521.803 1431.196 677.203 1417.579 -1.058
856.713 918.165 963.168 906.199 -1.058
2522.592 1857.567 2592.000 1721.828 -1.058
808.565 1853.338 1019.978 1836.538 -1.058
1904.430 341.312 1952.374 294.168 -1.058
711.749 866.852 818.431 861.338 -1.058
841.467 862.870 926.417 844.323 -1.058
1353.440 1815.937 1522.932 1755.587 -1.058
1475.479 1900.599 1669.335 1835.446 -1.058
815.109 332.157 882.494 343.175 -1.058
2082.599 390.644 2194.114 370.240 -1.058
1528.214 1029.345 1641.904 998.720 -1.058
751.418 924.919 861.308 903.105 -1.058
2080.723 1632.404 2214.749 1533.300 -1.058
1199.264 1023.867 1324.178 1007.371 -1.058
460.317 1200.856 596.921 1189.638 -1.058
1629.014 1437.908 1756.693 1364.631 -1.058
2515.195 1902.699 2592.000 1772.065 -1.058
603.566 1854.830 802.504 1831.981 -1.058
1780.631 1248.593 1897.961 1181.708 -1.058
1258.123 1573.686 1406.588 1513.410 -1.058
1595.903 176.037 1662.191 160.883 -1.058
1555.758 1386.857 1725.605 1361.263 -1.058
2506.877 1669.580 2592.000 1566.996 -1.058
860.815 1.000 932.939 34.396 -1.058
1471.154 895.570 1570.263 842.266 -1.058
1979.726 1109.117 2129.623 1061.832 -1.058
507.492 1576.997 685.874 1574.060 -1.058
1291.861 1425.195 1455.252 1397.024 -1.058
1919.188 1822.161 2150.943 1813.998 -1.058
918.442 1444.706 1058.724 1405.229 -1.058
889.653 124.915 996.316 199.426 -1.058
803.305 897.224 911.050 879.570 -1.058
2503.284 1874.465 2592.000 1734.711 -1.058
2035.694 1126.560 2139.638 1039.406 -1.058
1782.934 518.882 1854.295 471.504 -1.058
1441.784 982.934 1577.861 957.268 -1.058
2538.825 824.010 2592.000 713.559 -1.058
1767.860 1444.560 1912.112 1359.711 -1.058
1133.113 1190.286 1248.470 1150.342 -1.058
1791.000 1400.842 1947.809 1330.201 -1.058
663.504 1422.657 798.966 1397.388 -1.058
706.505 1312.122 873.113 1300.756 -1.058
1552.670 1201.901 1682.073 1145.286 -1.058
1453.702 1788.830 1625.457 1731.085 -1.058
2168.469 1512.501 2322.688 1437.474 -1.058
1550.465 1410.443 1692.075 1349.604 -1.058
1648.419 1081.995 1770.922 1029.888 -1.058
2190.681 974.993 2289.853 896.904 -1.059
1610.004 315.981 1668.367 274.967 -1.059
1164.939 1598.913 1343.874 1573.459 -1.059
1670.020 1908.082 1881.773 1844.891 -1.059
1632.079 1887.158 1851.782 1846.324 -1.059
708.956 403.366 779.130 406.502 -1.059
750.012 1415.441 908.322 1401.481 -1.059
1723.765 1134.496 1830.030 1073.690 -1.059
2543.844 74.590 2573.183 -2.837 -1.059
1336.327 99.725 1398.568 113.255 -1.059
1575.631 1401.056 1711.648 1343.031 -1.059
1351.071 1917.976 1509.031 1846.901 -1.059
914.226 1744.038 1104.487 1715.965 -1.059
1563.768 795.090 1655.954 765.588 -1.059
1577.421 1056.858 1683.299 1002.319 -1.059
932.214 1115.139 1048.757 1078.398 -1.059
1020.305 1784.642 1177.019 1725.896 -1.059
1328.713 1245.381 1494.764 1243.199 -1.059
2175.433 774.200 2263.078 690.551 -1.059
791.211 1722.263 956.294 1680.220 -1.059
1488.700 1085.108 1642.456 1059.153 -1.059
1185.014 770.829 1263.659 742.187 -1.059
2072.159 112.851 2131.506 99.531 -1.059
1562.668 1397.957 1703.944 1346.238 -1.059
1003.686 160.388 1046.256 157.587 -1.059
1053.719 991.719 1178.315 970.975 -1.059
1251.421 1120.787 1365.082 1073.582 -1.059
1527.924 264.304 1583.914 256.092 -1.059
1080.754 118.217 1127.290 108.271 -1.059
855.313 1360.501 1000.995 1347.021 -1.059
1585.587 1101.666 1697.078 1040.828 -1.059
2478.547 1589.490 2592.000 1466.887 -1.059
1189.760 1423.632 1349.619 1400.087 -1.059
595.859 941.807 714.874 934.062 -1.059
2203.268 1811.694 2350.706 1701.245 -1.059
2083.905 1080.098 2205.605 1006.879 -1.059
993.788 1591.766 1136.135 1544.495 -1.059
1487.999 1119.766 1590.488 1062.149 -1.059
663.651 1295.106 787.858 1265.209 -1.059
1919.512 1635.217 2067.394 1548.905 -1.059
1297.295 1629.455 1441.472 1561.142 -1.059
937.181 1024.841 1046.078 1001.543 -1.059
1474.526 1007.759 1621.612 1001.939 -1.059
2064.581 779.113 2149.547 721.450 -1.059
1632.355 1548.900 1758.712 1468.541 -1.059
2534.421 1021.431 2592.000 917.606 -1.059
1580.272 295.212 1651.932 282.473 -1.059
1578.448 769.010 1659.944 723.959 -1.059
977.479 1748.562 1159.342 1728.096 -1.059
1366.766 1466.353 1500.023 1394.411 -1.059
1553.528 1415.291 1706.382 1353.884 -1.059
2532.825 551.707 2592.000 475.154 -1.060
802.560 236.832 868.970 254.245 -1.060
1915.349 1108.163 2050.132 1046.402 -1.060
1776.672 884.534 1881.866 842.969 -1.060
2463.493 1910.604 2592.000 1783.188 -1.060
896.960 1476.232 1034.146 1437.935 -1.060
1782.394 524.741 1862.201 487.366 -1.060
1001.642 1761.078 1154.188 1703.214 -1.060
1206.872 1626.811 1407.360 1611.960 -1.060
1605.115 990.028 1713.653 962.274 -1.060
1501.244 1109.201 1618.230 1052.779 -1.060
914.768 653.284 996.188 640.498 -1.060
986.935 1722.919 1152.486 1676.203 -1.060
1445.643 561.451 1511.831 543.886 -1.060
1441.991 106.069 1478.139 77.120 -1.060
1825.722 690.846 1904.821 648.497 -1.060
736.319 350.323 827.448 383.295 -1.060
1291.918 1315.313 1429.909 1259.960 -1.060
2481.478 956.502 2592.000 879.659 -1.060
2526.997 1662.540 2592.000 1534.681 -1.060
882.696 334.936 944.530 333.954 -1.060
1791.413 1008.648 1897.931 974.344 -1.060
2531.172 539.876 2588.250 451.444 -1.060
1130.766 1022.783 1252.234 1005.793 -1.060
1320.789 1324.844 1461.652 1275.891 -1.060
1036.505 1705.428 1187.997 1655.433 -1.060
1872.474 463.678 1962.260 446.727 -1.060
1475.466 1171.473 1621.355 1147.858 -1.060
393.662 1495.686 543.674 1475.490 -1.060
1466.717 1230.075 1584.479 1174.390 -1.060
2505.403 822.311 2592.000 731.553 -1.060
770.538 1414.609 913.997 1395.504 -1.060
765.812 1178.545 885.352 1149.742 -1.060
1571.971 98.405 1626.820 83.224 -1.060
497.947 1075.372 616.273 1057.759 -1.060
1150.946 1162.364 1277.425 1115.671 -1.060
2023.810 1135.354 2158.844 1060.352 -1.060
1248.746 1689.126 1402.819 1627.103 -1.060
1705.536 1477.567 1855.524 1427.223 -1.060
1537.915 1409.392 1717.633 1378.540 -1.060
2514.540 1048.751 2592.000 943.907 -1.060
1430.763 1102.926 1541.341 1068.312 -1.060
1162.844 1530.330 1305.401 1483.214 -1.060
1783.134 1068.984 1890.303 997.640 -1.060
2301.222 1398.592 2426.708 1297.644 -1.060
1788.706 691.675 1876.845 641.370 -1.060
2031.237 1124.542 2130.011 1042.315 -1.060
446.573 932.917 572.625 930.890 -1.060
2507.101 1575.440 2592.000 1457.598 -1.060
473.379 945.416 588.433 942.285 -1.060
443.996 1923.504 622.619 1882.568 -1.060
1147.344 1545.664 1287.570 1497.098 -1.060
1658.125 1070.128 1763.831 1007.394 -1.060
607.212 960.321 724.892 945.925 -1.061
1558.289 773.619 1676.263 767.117 -1.061
2504.302 1843.162 2592.000 1736.856 -1.061
746.000 939.550 853.374 930.970 -1.061
740.162 927.535 862.486 923.353 -1.061
1718.044 1030.377 1855.919 989.062 -1.061
2022.541 1857.341 2274.145 1847.250 -1.061
1709.654 1614.890 1854.092 1530.353 -1.061
2489.093 1893.882 2592.000 1827.154 -1.061
922.832 1786.875 1082.014 1740.647 -1.061
1852.549 566.823 1935.482 526.790 -1.061
898.689 1911.873 1077.871 1854.479 -1.061
2530.091 1250.659 2592.000 1133.916 -1.061
1333.890 1510.527 1523.321 1471.510 -1.061
1403.008 598.242 1487.408 576.769 -1.061
1904.767 1276.982 2025.500 1191.302 -1.061
1724.987 1605.985 1871.812 1517.914 -1.061
1697.438 1417.843 1857.549 1379.081 -1.061
1621.082 697.484 1723.972 674.105 -1.061
1564.745 1904.670 1742.817 1851.693 -1.061
1265.860 1758.034 1424.009 1683.587 -1.061
1743.108 670.994 1872.319 664.512 -1.061
1840.185 682.289 1940.812 656.867 -1.061
1178.003 1626.327 1342.196 1584.147 -1.061
502.688 952.733 611.484 947.723 -1.061
1566.406 1400.623 1718.149 1346.009 -1.061
2523.950 1079.233 2592.000 981.562 -1.061
2536.111 976.206 2592.000 880.452 -1.061
1772.013 665.224 1873.255 639.255 -1.061
1300.291 1566.813 1461.765 1511.623 -1.061
2514.368 910.895 2592.000 801.108 -1.061
1564.709 1315.780 1691.437 1247.798 -1.061
1350.959 974.971 1449.447 924.361 -1.061
2291.688 878.245 2374.588 785.987 -1.061
919.182 1776.220 1087.339 1728.012 -1.061
994.276 1715.123 1143.468 1660.596 -1.061
1714.690 803.894 1848.782 789.840 -1.061
1586.179 1066.530 1690.434 1010.164 -1.061
728.522 1669.828 880.613 1629.305 -1.061
2267.394 1867.035 2451.474 1792.449 -1.061
2537.598 883.116 2592.000 777.275 -1.061
1789.805 1436.478 1938.070 1374.074 -1.061
1544.627 1396.402 1681.389 1327.350 -1.061
769.875 1081.594 879.638 1051.931 -1.061
1086.443 1405.138 1226.979 1377.069 -1.061
1937.326 1093.027 2058.886 1038.613 -1.061
2510.265 1527.249 2592.000 1392.881 -1.061
1769.557 513.658 1852.489 480.612 -1.061
986.216 1724.491 1140.764 1676.014 -1.061
1923.760 1090.340 2051.989 1039.656 -1.061
1796.303 484.377 1870.420 426.110 -1.062
2000.948 1110.883 2124.574 1049.544 -1.062
2539.252 1317.187 2592.000 1191.212 -1.062
1214.330 1926.765 1377.757 1854.395 -1.062
1453.703 547.108 1528.308 517.723 -1.062
980.840 1717.414 1151.767 1679.462 -1.062
1.000 1866.132 151.468 1855.238 -1.062
1964.044 1927.893 2138.028 1823.479 -1.062
749.030 982.479 880.853 976.202 -1.062
2514.648 995.801 2592.000 882.428 -1.062
1519.706 1213.026 1668.640 1168.953 -1.062
2511.009 1668.957 2592.000 1575.690 -1.062
1266.628 1486.203 1412.264 1447.173 -1.062
2370.857 1631.169 2504.698 1521.458 -1.062
1637.472 1132.550 1747.400 1061.707 -1.062
642.788 1266.611 772.393 1259.820 -1.062
1790.940 606.964 1868.879 547.090 -1.062
2388.462 184.021 2417.287 112.452 -1.062
1726.152 689.537 1803.824 644.682 -1.062
1619.528 283.253 1666.985 240.024 -1.062
1234.843 1713.205 1414.608 1666.558 -1.062
675.039 168.354 727.828 191.440 -1.062
1698.080 1603.400 1878.769 1551.062 -1.062
889.959 1777.955 1065.289 1768.601 -1.062
2457.853 356.831 2571.023 331.626 -1.062
1777.169 927.512 1896.799 885.593 -1.062
2518.086 791.282 2592.000 684.326 -1.062
1995.962 1837.243 2249.339 1797.012 -1.062
77.313 1600.900 240.641 1599.592 -1.062
1335.663 1914.076 1517.830 1853.955 -1.062
1673.686 1249.600 1786.230 1182.489 -1.062
752.122 1783.196 939.702 1744.596 -1.062
1242.062 1244.941 1359.285 1204.542 -1.062
1563.717 1401.166 1688.702 1333.167 -1.062
1916.467 684.337 1990.696 611.756 -1.062
2521.354 743.538 2592.000 697.841 -1.062
935.564 1814.852 1096.074 1761.296 -1.062
1702.927 491.087 1804.587 478.290 -1.062
799.473 1131.442 918.225 1112.556 -1.062
1605.377 1914.467 1790.969 1850.324 -1.062
1586.975 785.082 1690.302 738.069 -1.062
1328.288 1079.036 1436.847 1035.489 -1.062
866.333 1907.474 1046.025 1866.469 -1.062
2278.482 1924.471 2428.244 1803.361 -1.062
1632.914 268.891 1683.044 229.713 -1.062
125.239 1752.849 289.903 1739.543 -1.062
1315.918 540.453 1392.214 517.803 -1.062
1120.783 342.589 1228.186 373.265 -1.062
2408.519 684.984 2513.063 627.174 -1.062
1492.598 990.366 1636.104 957.827 -1.062
1133.098 1668.957 1285.221 1609.834 -1.062
2522.946 1628.167 2592.000 1515.121 -1.062
1732.701 1931.394 1901.869 1840.857 -1.062
2296.143 1933.841 2477.199 1823.009 -1.062
1509.460 328.593 1559.334 300.479 -1.062
1067.336 1529.092 1216.173 1495.360 -1.063
1177.227 285.039 1245.746 278.791 -1.063
1992.989 107.053 2039.133 60.502 -1.063
2321.912 727.276 2440.193 678.992 -1.063
1752.068 936.682 1867.515 888.083 -1.063
1707.128 795.424 1822.374 763.162 -1.063
1766.549 523.221 1850.528 487.244 -1.063
1460.054 967.197 1561.193 909.393 -1.063
1793.665 915.409 1892.611 849.465 -1.063
2055.277 1200.195 2198.239 1149.049 -1.063
747.007 919.655 857.214 900.414 -1.063
2063.106 1125.431 2200.422 1068.360 -1.063
1270.810 1898.001 1475.382 1851.556 -1.063
973.869 1520.263 1133.447 1483.027 -1.063
942.475 1039.064 1080.854 1034.356 -1.063
987.346 1703.490 1139.171 1651.201 -1.063
1773.610 1579.391 1913.534 1501.259 -1.063
2470.397 341.978 2565.443 331.374 -1.063
1118.859 1019.190 1247.573 990.298 -1.063
710.672 1327.988 846.277 1312.997 -1.063
2469.531 1923.296 2592.000 1816.610 -1.063
1378.572 882.004 1468.074 839.167 -1.063
1518.089 791.359 1646.417 771.250 -1.063
2026.365 1843.272 2243.314 1803.060 -1.063
1178.905 1135.112 1312.810 1116.004 -1.063
2523.367 508.298 2592.000 424.393 -1.063
1497.040 1117.623 1613.868 1056.609 -1.063
1831.036 640.775 1965.940 630.135 -1.063
1775.242 1022.603 1875.985 953.771 -1.063
2545.713 442.955 2592.000 352.111 -1.063
866.764 1790.915 1017.192 1738.684 -1.063
1564.202 37.847 1616.557 27.063 -1.063
1575.838 1228.033 1699.277 1164.508 -1.063
1310.085 1722.292 1476.824 1658.278 -1.063
2540.294 571.877 2592.000 478.296 -1.063
2502.313 1107.421 2592.000 994.517 -1.063
742.828 518.061 813.499 515.463 -1.063
1803.541 413.473 1883.558 370.717 -1.063
774.307 1140.005 921.719 1134.572 -1.063
2490.694 489.090 2562.913 407.354 -1.063
1220.056 1075.637 1353.470 1057.936 -1.063
1856.208 1462.894 2001.056 1376.405 -1.063
1809.655 1507.520 1962.725 1442.823 -1.063
1401.711 1265.056 1515.892 1207.975 -1.063
2312.671 1927.986 2495.400 1849.859 -1.063
1576.777 1548.940 1725.656 1488.786 -1.063
2534.672 730.498 2592.000 631.291 -1.063
1873.400 911.869 1987.613 871.398 -1.063
2523.716 1214.328 2592.000 1118.984 -1.063
1869.958 1574.004 2047.574 1507.436 -1.063
1772.415 669.050 1846.462 610.782 -1.063
1475.831 1061.710 1581.584 995.724 -1.064
1358.971 1256.239 1478.189 1201.037 -1.064
1941.436 459.770 2030.353 409.530 -1.064
2471.138 1520.282 2592.000 1440.872 -1.064
1189.797 1012.139 1331.865 1006.639 -1.064
670.215 1282.737 793.159 1269.934 -1.064
2520.968 1440.742 2592.000 1316.867 -1.064
1801.855 1253.444 1914.052 1167.669 -1.064
1858.590 1885.112 2066.628 1845.514 -1.064
2485.039 1926.818 2592.000 1795.462 -1.064
1555.031 1068.352 1656.249 1017.553 -1.064
2324.186 1405.806 2472.250 1335.444 -1.064
652.026 1.000 727.934 43.803 -1.064
2521.490 929.280 2592.000 823.883 -1.064
978.056 86.721 1052.625 106.723 -1.064
1486.815 1207.482 1606.459 1151.338 -1.064
1813.735 676.540 1901.334 631.759 -1.064
1388.579 380.444 1496.492 404.194 -1.064
1555.167 1405.288 1731.786 1371.145 -1.064
2089.880 403.368 2159.284 366.283 -1.064
1567.271 1288.741 1674.982 1225.111 -1.064
1355.339 944.947 1466.660 907.847 -1.064
1959.482 1637.829 2187.206 1612.658 -1.064
2042.571 592.143 2120.789 530.654 -1.064
1231.874 1595.331 1406.859 1549.174 -1.064
803.737 1906.100 1016.526 1892.839 -1.064
2519.658 1793.570 2592.000 1653.862 -1.064
715.559 488.064 795.775 482.023 -1.064
1525.512 621.844 1612.499 576.326 -1.064
2526.727 773.186 2592.000 685.473 -1.064
1269.045 1694.626 1455.435 1642.802 -1.064
1443.488 109.444 1490.792 80.270 -1.064
254.147 1901.666 438.600 1879.201 -1.064
1600.416 1065.324 1701.158 1001.356 -1.064
1466.037 1263.374 1633.115 1248.059 -1.064
1684.806 1236.576 1810.866 1166.139 -1.064
529.438 1410.979 677.386 1405.094 -1.064
923.888 1777.663 1091.842 1743.451 -1.064
1724.021 586.841 1805.914 544.148 -1.064
2046.448 277.858 2096.134 227.755 -1.064
1696.996 1441.848 1825.722 1359.180 -1.064
2032.708 1125.725 2147.808 1041.112 -1.064
2529.346 1553.599 2592.000 1432.163 -1.064
1828.003 1111.248 1949.212 1063.149 -1.064
1809.120 1600.917 1961.592 1529.736 -1.064
1605.414 805.575 1746.779 802.965 -1.064
2543.462 155.817 2577.711 75.306 -1.064
2498.298 1302.287 2592.000 1198.908 -1.064
2483.032 577.261 2554.453 499.216 -1.064
1876.698 1169.565 2018.032 1117.320 -1.064
2521.899 1275.365 2592.000 1177.191 -1.064
1793.546 1913.246 1986.455 1855.496 -1.064
1426.405 553.210 1552.111 538.003 -1.064
697.621 1012.460 810.559 987.068 -1.064
676.052 1296.464 801.334 1271.662 -1.064
1287.706 250.342 1342.358 227.130 -1.064
669.708 1661.352 873.995 1647.789 -1.064
2488.051 1807.968 2592.000 1694.974 -1.064
1374.540 184.064 1433.062 180.790 -1.064
795.286 321.748 1021.114 493.483 -1.064
1378.820 1229.231 1541.833 1210.904 -1.064
1116.624 1787.168 1279.504 1727.473 -1.064
1788.200 681.271 1890.103 649.799 -1.064
2523.975 1636.253 2592.000 1519.128 -1.065
1507.201 1398.378 1638.592 1349.339 -1.065
525.531 1150.768 644.959 1137.556 -1.065
1294.577 1123.118 1413.753 1075.535 -1.065
1314.367 1264.240 1460.360 1256.546 -1.065
2540.983 759.255 2592.000 645.058 -1.065
1147.929 1642.418 1326.211 1606.316 -1.065
1461.008 415.742 1527.715 391.001 -1.065
464.184 1906.747 638.555 1878.914 -1.065
1670.472 531.057 1742.255 479.799 -1.065
558.936 1911.981 764.776 1888.875 -1.065
1220.147 114.280 1271.375 109.367 -1.065
2530.460 737.745 2592.000 648.017 -1.065
1100.946 1707.153 1262.100 1644.157 -1.065
1322.265 1390.399 1487.206 1356.571 -1.065
1352.035 1237.245 1498.215 1219.150 -1.065
1815.610 686.796 1922.745 641.899 -1.065
1905.788 1197.961 2020.361 1132.313 -1.065
1172.814 1030.514 1297.478 1001.443 -1.065
1536.060 1517.270 1713.570 1514.960 -1.065
1288.004 1590.695 1449.089 1541.478 -1.065
1104.949 865.951 1203.084 830.127 -1.065
2285.128 1899.764 2447.656 1797.424 -1.065
2520.879 1669.689 2592.000 1537.931 -1.065
2492.851 1618.752 2592.000 1585.498 -1.065
1286.985 1617.333 1446.718 1560.387 -1.065
2508.156 1607.230 2592.000 1590.759 -1.065
1140.768 1636.723 1288.310 1577.544 -1.065
1684.196 1920.063 1848.765 1828.030 -1.065
2128.773 1119.950 2229.760 1030.600 -1.065
1013.203 1684.741 1163.499 1640.025 -1.065
963.100 1726.012 1109.730 1674.999 -1.065
909.939 1035.568 1022.015 1014.720 -1.065
929.778 1751.186 1095.021 1705.728 -1.065
977.696 53.467 1024.907 56.937 -1.065
1170.544 1157.697 1286.449 1110.631 -1.065
692.083 589.973 779.799 583.937 -1.065
2096.169 1246.829 2231.759 1162.801 -1.065
736.875 519.592 812.851 514.808 -1.065
1826.820 1449.767 1956.769 1367.413 -1.065
548.268 1403.769 711.407 1395.519 -1.065
615.318 967.073 720.637 956.700 -1.065
1529.768 805.842 1646.428 770.440 -1.065
1912.000 1137.881 2040.754 1072.957 -1.065
2488.843 876.774 2581.483 803.046 -1.065
2528.366 746.399 2592.000 642.632 -1.065
821.782 1831.670 1022.708 1828.423 -1.065
1208.030 1525.923 1353.996 1468.309 -1.065
949.156 1677.604 1139.656 1667.617 -1.065
1397.041 164.661 1441.023 137.452 -1.065
1877.215 682.834 1970.894 628.670 -1.065
1315.351 1917.547 1487.811 1853.175 -1.065
914.059 1782.634 1085.472 1742.828 -1.065
689.337 1904.951 886.906 1884.751 -1.065
2527.315 674.340 2588.581 575.183 -1.065
540.426 1892.778 711.885 1873.413 -1.065
1771.026 1308.107 1894.898 1229.445 -1.065
858.278 1895.655 1028.019 1866.608 -1.065
1811.287 953.682 1907.824 890.846 -1.065
1348.141 1044.177 1461.050 1002.787 -1.065
1498.162 1933.412 1672.405 1850.296 -1.065
1339.803 1521.284 1540.119 1489.476 -1.065
1214.572 1727.931 1366.826 1667.395 -1.065
1041.615 76.805 1153.433 144.851 -1.065
1419.313 1401.572 1551.486 1339.868 -1.065
1007.465 1708.866 1186.663 1684.605 -1.065
2529.637 98.773 2568.382 22.796 -1.065
2020.571 1422.359 2220.208 1399.433 -1.065
1641.671 811.571 1739.577 755.049 -1.065
1593.925 1054.360 1716.667 987.882 -1.065
1723.072 684.646 1819.379 629.514 -1.065
1405.028 997.466 1510.545 954.643 -1.065
714.202 1148.478 840.841 1139.034 -1.066
980.460 1430.600 1120.775 1391.018 -1.066
1575.286 271.378 1674.545 271.409 -1.066
1722.500 498.741 1797.317 459.079 -1.066
1900.644 1137.169 2013.593 1066.976 -1.066
2532.331 1109.279 2592.000 1006.288 -1.066
887.640 1445.673 1034.937 1422.199 -1.066
1072.308 1534.169 1234.560 1485.021 -1.066
1330.168 1405.485 1455.868 1344.949 -1.066
1169.647 1154.672 1289.724 1110.099 -1.066
1815.573 1568.014 1979.489 1512.432 -1.066
1055.503 1210.298 1183.572 1172.595 -1.066
917.479 1054.453 1038.335 1036.987 -1.066
1716.707 658.933 1787.340 601.524 -1.066
1483.498 1114.066 1610.994 1057.183 -1.066
1547.573 1366.518 1697.587 1326.184 -1.066
2496.393 1513.597 2592.000 1425.585 -1.066
1294.398 1304.257 1445.565 1276.041 -1.066
1710.157 1081.532 1810.077 1006.266 -1.066
2458.739 1597.558 2592.000 1518.762 -1.066
2459.351 1912.301 2592.000 1807.152 -1.066
2534.857 851.390 2592.000 751.184 -1.066
2095.551 1251.297 2216.746 1148.123 -1.066
1202.395 1522.524 1345.665 1470.959 -1.066
1341.723 1060.191 1450.644 1011.519 -1.066
1466.616 1054.787 1583.455 995.772 -1.066
1197.123 1704.018 1349.287 1648.776 -1.066
1705.463 1584.392 1885.613 1541.102 -1.066
1374.125 1271.522 1491.860 1217.165 -1.066
1776.416 1005.117 1873.523 936.611 -1.066
2535.926 868.337 2592.000 769.522 -1.066
1697.364 1463.507 1845.881 1413.260 -1.066
2509.895 51.285 2548.418 -21.443 -1.066
1812.559 460.348 1930.684 432.284 -1.066
2354.994 1124.080 2453.389 1024.750 -1.066
945.853 1777.581 1114.904 1738.455 -1.066
2395.572 1901.211 2568.103 1803.223 -1.066
2530.151 754.596 2592.000 657.325 -1.066
1725.203 1911.062 1916.325 1832.111 -1.066
2462.876 434.383 2552.636 373.117 -1.066
1799.220 1032.909 1898.154 968.619 -1.066
1636.336 1577.988 1777.715 1487.158 -1.066
2527.200 1665.188 2592.000 1549.380 -1.066
2104.389 1805.903 2305.878 1734.981 -1.066
1770.764 685.768 1871.535 648.349 -1.066
2516.748 1764.813 2592.000 1642.323 -1.066
1914.912 1473.041 2036.595 1374.222 -1.066
1128.157 1720.057 1288.792 1663.573 -1.066
2020.632 1117.901 2134.338 1039.970 -1.066
1103.405 1666.215 1285.644 1641.694 -1.066
1089.190 1420.336 1226.216 1378.629 -1.066
2175.086 1584.980 2329.556 1493.525 -1.066
1664.243 668.301 1737.572 613.515 -1.066
1320.459 484.544 1415.583 468.194 -1.066
2510.758 769.686 2592.000 692.573 -1.066
2474.971 1832.830 2592.000 1715.528 -1.067
1541.127 255.792 1626.103 250.099 -1.067
1239.643 676.171 1344.865 666.799 -1.067
1274.688 716.438 1392.407 712.659 -1.067
2304.008 1927.277 2470.814 1815.437 -1.067
1624.591 794.000 1735.198 772.908 -1.067
404.175 1530.065 564.069 1521.296 -1.067
2516.752 772.971 2592.000 671.818 -1.067
2516.367 432.649 2564.415 351.346 -1.067
391.762 1521.930 535.413 1497.780 -1.067
952.576 1738.304 1108.624 1687.166 -1.067
706.385 1903.822 908.239 1870.662 -1.067
1445.273 1793.158 1597.524 1706.507 -1.067
1620.819 1435.268 1748.091 1359.597 -1.067
1467.585 1782.597 1625.481 1715.905 -1.067
1097.481 429.394 1166.365 415.902 -1.067
904.020 1800.442 1078.964 1772.525 -1.067
1747.104 508.275 1813.370 453.816 -1.067
1777.472 679.046 1896.076 659.495 -1.067
1684.008 806.111 1808.286 780.412 -1.067
2533.595 746.338 2592.000 648.717 -1.067
1136.859 1618.918 1288.517 1558.682 -1.067
1185.336 1031.302 1292.485 990.428 -1.067
2520.407 1883.744 2592.000 1750.054 -1.067
1761.038 1566.527 1929.645 1514.980 -1.067
1939.990 216.034 1986.749 174.272 -1.067
1442.108 1782.256 1618.217 1727.253 -1.067
927.677 887.708 1029.570 863.814 -1.067
1776.519 674.884 1877.361 621.141 -1.067
1339.784 1905.905 1531.267 1849.623 -1.067
1784.540 906.462 1888.780 839.323 -1.067
2068.556 1419.614 2198.957 1333.068 -1.067
1.000 1441.310 99.525 1464.398 -1.067
607.898 959.728 716.242 951.043 -1.067
2076.793 1532.666 2229.583 1447.096 -1.067
1842.588 646.303 1938.369 615.039 -1.067
1435.779 1796.157 1670.100 1774.309 -1.067
2525.666 204.046 2582.446 153.739 -1.067
2113.985 1172.297 2229.408 1071.237 -1.067
1656.123 802.013 1756.610 758.697 -1.067
894.319 1560.454 1052.196 1525.475 -1.067
2087.741 1170.812 2197.695 1084.775 -1.067
856.611 1823.161 1025.073 1792.187 -1.067
1561.231 1380.469 1708.404 1323.563 -1.067
2182.739 1367.500 2327.426 1302.153 -1.067
1326.179 1483.192 1523.756 1463.779 -1.067
1824.539 1108.154 2004.115 1103.839 -1.067
764.027 1175.956 886.023 1153.862 -1.067
1712.235 1318.844 1841.702 1259.068 -1.067
1465.800 1045.398 1576.743 984.970 -1.067
2521.226 1448.177 2592.000 1324.907 -1.067
748.375 1078.424 861.641 1060.753 -1.067
2325.164 606.831 2396.575 526.450 -1.067
1942.986 1088.699 2073.897 1015.885 -1.067
473.168 30.100 528.872 58.384 -1.067
2048.234 1112.555 2182.668 1047.924 -1.067
2238.271 941.341 2345.513 868.570 -1.067
1799.887 1245.842 1923.251 1188.791 -1.067
754.413 1089.339 875.569 1062.108 -1.067
1295.046 1414.899 1463.975 1396.111 -1.067
1730.753 1422.157 1862.912 1346.766 -1.067
1645.048 1431.822 1809.259 1374.174 -1.067
1784.813 1257.980 1912.822 1187.662 -1.067
1687.656 68.984 1723.251 31.749 -1.067
1227.089 1429.283 1415.322 1402.896 -1.067
906.964 1754.701 1094.259 1710.121 -1.067
2513.420 1322.971 2592.000 1219.865 -1.067
2538.486 161.179 2592.000 100.939 -1.067
1338.044 1565.283 1501.484 1509.809 -1.067
380.401 1519.040 528.074 1498.340 -1.067
1271.732 1826.790 1446.316 1751.432 -1.067
1439.721 1054.492 1571.599 1016.726 -1.067
2075.959 1194.337 2218.415 1140.171 -1.067
2313.452 1897.180 2469.169 1783.296 -1.067
1004.490 553.118 1089.004 536.244 -1.067
869.044 1413.790 1011.837 1385.999 -1.067
1521.809 1649.178 1673.847 1580.560 -1.067
2486.668 1100.395 2592.000 1002.454 -1.067
1548.592 1229.353 1683.123 1166.961 -1.067
1925.425 1332.186 2054.200 1248.192 -1.067
1898.583 1095.381 2058.608 1073.542 -1.067
2482.434 1912.357 2592.000 1784.170 -1.067
2499.295 1660.131 2592.000 1533.112 -1.067
1892.865 1634.112 2027.053 1536.330 -1.068
1751.485 692.000 1879.774 676.197 -1.068
1250.485 1121.018 1373.023 1082.546 -1.068
613.456 751.686 712.843 744.288 -1.068
1918.482 1817.452 2159.142 1812.547 -1.068
2513.303 859.226 2592.000 776.890 -1.068
2518.402 877.599 2592.000 779.189 -1.068
2166.961 1561.616 2309.968 1453.766 -1.068
1462.860 1070.893 1615.625 1052.863 -1.068
1820.597 1921.933 1971.278 1820.673 -1.068
1302.222 1440.235 1435.883 1394.022 -1.068
1773.603 504.240 1840.049 452.292 -1.068
888.887 1061.050 1009.601 1040.143 -1.068
1539.154 1369.234 1672.840 1308.284 -1.068
1461.227 575.753 1548.016 561.387 -1.068
1460.254 1009.744 1571.245 953.812 -1.068
1240.952 1235.522 1375.663 1202.019 -1.068
1670.518 815.404 1769.003 770.957 -1.068
1806.652 747.665 1885.096 692.686 -1.068
1257.023 1130.428 1388.982 1097.588 -1.068
1390.884 1176.110 1509.415 1120.350 -1.068
1188.818 1805.855 1356.434 1746.171 -1.068
1526.626 1658.196 1672.013 1581.590 -1.068
1453.907 319.623 1512.522 283.726 -1.068
1296.519 124.371 1332.587 112.339 -1.068
1601.572 1589.352 1768.781 1536.912 -1.068
1609.118 783.266 1732.830 775.003 -1.068
1587.473 768.619 1729.553 767.223 -1.068
2029.479 1135.422 2142.689 1057.506 -1.068
1787.843 667.435 1906.813 655.536 -1.068
1378.375 1568.775 1523.096 1505.344 -1.068
1736.863 1284.053 1868.049 1222.279 -1.068
1729.305 1097.844 1841.777 1041.526 -1.068
944.370 1883.805 1136.893 1855.924 -1.068
921.712 1425.874 1097.539 1418.897 -1.068
1355.975 1446.413 1494.699 1396.483 -1.068
2021.555 284.293 2065.786 231.417 -1.068
679.283 1482.125 823.884 1454.827 -1.068
1709.254 1213.346 1827.583 1143.848 -1.068
2511.144 1325.339 2592.000 1262.988 -1.068
1556.003 1399.624 1696.229 1327.849 -1.068
1452.430 569.181 1514.666 524.711 -1.068
1488.600 1055.459 1600.145 996.987 -1.068
1581.088 791.642 1684.616 781.193 -1.068
1312.087 1549.205 1440.638 1483.367 -1.068
2111.089 49.098 2155.782 -0.979 -1.068
906.455 1478.489 1051.864 1453.770 -1.068
2200.267 1826.113 2340.771 1710.869 -1.068
1776.203 1823.724 1932.136 1728.166 -1.068
731.901 948.558 838.892 935.342 -1.068
1507.505 781.057 1637.475 761.750 -1.068
2512.966 1085.076 2592.000 971.523 -1.068
2012.160 696.763 2084.296 616.234 -1.068
2492.974 1882.683 2592.000 1759.638 -1.068
1653.298 808.551 1740.918 747.579 -1.068
1594.299 1590.522 1760.447 1524.825 -1.068
2091.979 1305.793 2224.026 1227.858 -1.068
2522.087 1193.089 2592.000 1076.131 -1.068
756.949 1913.851 925.275 1870.170 -1.068
2537.056 454.226 2592.000 389.284 -1.068
1430.624 412.420 1491.189 376.106 -1.068
1594.498 1270.596 1732.476 1224.701 -1.068
919.263 1733.675 1076.251 1685.357 -1.068
1903.924 712.192 1989.229 640.773 -1.068
1833.346 1032.010 1968.783 974.894 -1.068
1316.607 1513.090 1484.126 1473.214 -1.068
1447.411 340.404 1510.992 318.330 -1.068
1212.014 1086.340 1330.005 1057.080 -1.068
1457.217 1771.416 1659.002 1723.084 -1.068
1643.413 804.758 1746.865 761.630 -1.068
2470.724 1761.628 2592.000 1656.096 -1.068
1540.970 1389.472 1670.848 1318.302 -1.068
1628.342 1570.558 1786.334 1493.212 -1.068
1398.627 1268.089 1527.922 1211.849 -1.068
1150.319 346.848 1224.681 328.610 -1.069
2499.198 1624.044 2592.000 1497.533 -1.069
730.456 943.335 836.431 931.883 -1.069
1677.851 36.251 1715.162 -0.920 -1.069
1417.053 1314.138 1574.456 1280.902 -1.069
2526.241 1053.766 2592.000 953.957 -1.069
2529.690 230.913 2569.263 153.897 -1.069
1628.899 1011.098 1764.299 998.886 -1.069
2438.872 340.509 2540.582 320.900 -1.069
1765.353 506.363 1838.536 468.061 -1.069
2551.022 520.809 2592.000 420.614 -1.069
1180.339 129.311 1224.727 116.920 -1.069
1483.030 170.893 1525.390 146.580 -1.069
947.571 1755.053 1147.860 1728.898 -1.069
900.726 1739.919 1080.607 1720.055 -1.069
1392.492 1124.573 1503.776 1087.229 -1.069
1266.055 1907.555 1450.013 1851.140 -1.069
2179.872 1475.054 2321.948 1376.191 -1.069
2544.636 767.281 2592.000 662.663 -1.069
2388.630 1076.025 2483.768 972.314 -1.069
2094.302 1755.384 2296.728 1728.658 -1.069
1951.417 665.956 2030.695 602.740 -1.069
1321.164 1935.826 1495.683 1863.616 -1.069
1633.808 1121.027 1745.040 1057.471 -1.069
2529.642 1258.563 2592.000 1145.010 -1.069
1232.379 1189.866 1378.873 1151.553 -1.069
1821.027 589.553 1914.390 548.935 -1.069
2489.031 1247.020 2592.000 1141.837 -1.069
983.311 1725.584 1145.722 1694.250 -1.069
1945.862 1121.233 2053.041 1036.751 -1.069
1840.319 1445.666 1967.849 1372.337 -1.069
1901.614 1089.708 2022.632 1026.725 -1.069
1262.892 1454.191 1428.607 1438.026 -1.069
1234.094 1249.191 1361.616 1206.781 -1.069
1620.557 525.786 1709.052 496.038 -1.069
1562.206 808.935 1675.359 783.397 -1.069
1796.352 984.251 1898.560 913.290 -1.069
1457.584 1645.765 1616.404 1572.519 -1.069
2536.691 763.218 2592.000 676.371 -1.069
875.794 1572.692 1072.092 1566.645 -1.069
2290.065 704.508 2363.646 620.377 -1.069
971.699 1753.349 1156.409 1706.676 -1.069
2454.746 1892.673 2592.000 1793.363 -1.069
1239.766 589.045 1324.312 573.430 -1.069
2148.712 1922.570 2334.286 1822.440 -1.069
748.442 928.264 860.630 916.308 -1.069
1747.312 516.765 1815.051 474.751 -1.069
1671.522 1433.738 1808.235 1364.622 -1.069
1883.302 1450.985 2014.571 1359.534 -1.069
1463.916 1043.622 1580.196 1002.489 -1.069
1946.659 1839.730 2100.090 1742.611 -1.069
2530.239 931.880 2592.000 823.645 -1.069
856.840 1799.721 1026.775 1747.841 -1.069
1311.192 88.851 1390.475 117.401 -1.069
1692.639 1232.060 1808.262 1158.874 -1.069
2528.475 1181.566 2592.000 1071.325 -1.069
721.509 1198.115 855.809 1178.160 -1.069
1748.627 1444.593 1879.498 1365.884 -1.069
1560.996 1380.942 1687.452 1301.905 -1.069
992.425 1904.509 1187.420 1873.619 -1.069
1789.503 1456.283 1928.943 1379.134 -1.069
1186.057 245.978 1291.362 289.457 -1.069
1173.253 1619.515 1318.026 1564.770 -1.069
2024.810 252.790 2075.361 191.341 -1.070
1721.270 675.916 1819.983 638.596 -1.070
310.459 1896.221 492.098 1885.586 -1.070
2244.899 1603.220 2380.230 1489.211 -1.070
1.000 1184.377 85.663 1196.176 -1.070
1461.422 416.910 1542.051 386.526 -1.070
1039.794 424.736 1112.826 412.050 -1.070
364.508 1034.959 484.663 1033.607 -1.070
2514.946 1135.854 2592.000 1021.067 -1.070
2556.578 71.708 2583.992 -5.455 -1.070
1682.529 1317.854 1820.248 1271.190 -1.070
1533.755 920.139 1644.431 887.698 -1.070
2315.276 1922.733 2501.920 1807.549 -1.070
1527.526 795.304 1640.451 756.582 -1.070
1822.229 1450.917 1992.006 1402.629 -1.070
1085.533 1846.492 1259.899 1802.300 -1.070
1812.871 1433.400 1954.815 1353.515 -1.070
2516.656 517.710 2580.836 428.713 -1.070
1476.709 538.552 1571.190 535.923 -1.070
2089.620 701.854 2183.990 652.871 -1.070
2509.146 1068.527 2592.000 967.542 -1.070
1334.258 1461.202 1465.715 1407.678 -1.070
2128.581 1928.595 2296.925 1827.783 -1.070
2498.100 1607.105 2592.000 1529.362 -1.070
1228.964 1898.458 1422.008 1853.372 -1.070
1230.841 1378.592 1361.859 1327.188 -1.070
888.552 1477.931 1033.356 1443.720 -1.070
1728.068 1475.934 1869.785 1391.887 -1.070
2542.742 197.156 2579.780 115.045 -1.070
566.949 1905.117 736.608 1874.659 -1.070
1518.019 1060.168 1652.367 1039.950 -1.070
2513.145 1566.048 2592.000 1464.753 -1.070
1869.312 1429.033 2016.044 1358.442 -1.070
1781.007 1218.506 1907.116 1149.159 -1.070
1076.693 1409.227 1205.231 1363.813 -1.070
659.248 1558.229 817.513 1528.441 -1.070
1351.612 1543.548 1527.412 1503.311 -1.070
632.446 1309.410 756.190 1289.996 -1.070
2028.023 909.333 2117.203 836.097 -1.070
2024.408 1134.311 2150.496 1051.040 -1.070
1234.769 1377.583 1369.954 1322.976 -1.070
2550.112 153.145 2584.272 80.567 -1.070
970.286 1580.636 1150.492 1550.324 -1.070
2515.460 1679.465 2592.000 1548.060 -1.070
1588.775 796.589 1731.601 789.081 -1.070
543.852 1415.598 691.910 1388.478 -1.070
1804.588 1901.411 1990.062 1827.793 -1.070
726.179 865.340 822.275 847.074 -1.070
490.014 1193.093 622.551 1173.513 -1.070
1114.542 1485.466 1266.807 1436.344 -1.070
2524.657 1746.799 2592.000 1614.819 -1.070
2525.763 1066.154 2592.000 960.987 -1.070
1757.188 1625.908 1904.310 1546.526 -1.070
2506.687 1051.352 2592.000 948.477 -1.070
1624.423 282.885 1701.183 247.149 -1.070
1616.128 1573.488 1764.591 1501.695 -1.070
1126.881 1639.135 1299.771 1605.702 -1.070
2534.264 424.275 2592.000 354.133 -1.070
1038.491 1377.666 1178.177 1338.472 -1.070
2212.095 1850.490 2374.769 1754.330 -1.070
2511.927 1263.094 2592.000 1160.071 -1.070
1762.555 954.530 1871.552 898.914 -1.070
2025.692 1116.297 2129.775 1022.429 -1.070
1226.512 1779.363 1396.744 1722.521 -1.070
450.033 1905.855 622.051 1876.473 -1.070
2143.561 1521.141 2297.160 1451.043 -1.070
1361.204 1278.096 1478.722 1210.107 -1.070
1657.235 1265.160 1772.107 1199.018 -1.070
589.908 1065.375 704.610 1056.945 -1.070
2211.227 1356.266 2328.325 1261.041 -1.070
1207.322 1518.026 1344.591 1461.404 -1.070
2479.467 325.680 2581.176 296.205 -1.070
2011.703 1476.628 2203.041 1452.188 -1.070
1055.624 286.275 1129.497 289.328 -1.070
2521.516 1738.267 2592.000 1602.800 -1.070
1024.422 1909.346 1198.558 1862.628 -1.070
966.338 1657.803 1115.127 1605.575 -1.071
2068.790 1171.151 2193.511 1099.478 -1.071
355.833 1916.320 537.353 1882.821 -1.071
1551.506 635.491 1651.716 632.466 -1.071
774.663 1173.162 894.349 1152.414 -1.071
911.430 897.622 1012.971 870.349 -1.071
1387.624 1263.505 1510.239 1211.504 -1.071
1948.494 1701.772 2095.571 1599.503 -1.071
776.956 859.507 874.310 839.014 -1.071
1351.237 1237.727 1517.550 1217.744 -1.071
2013.517 1477.917 2212.662 1430.858 -1.071
1575.171 774.742 1683.185 753.090 -1.071
1229.800 1577.620 1371.936 1521.139 -1.071
1581.028 1074.842 1704.462 1009.796 -1.071
546.547 1421.046 685.856 1392.425 -1.071
1815.624 717.378 1936.610 677.898 -1.071
2245.980 639.298 2316.461 561.885 -1.071
1140.461 1641.052 1331.689 1613.790 -1.071
2032.645 454.685 2110.244 412.528 -1.071
2076.376 1246.622 2202.452 1177.416 -1.071
831.225 884.044 934.154 879.625 -1.071
2305.817 1505.610 2421.325 1395.557 -1.071
910.198 1793.892 1069.096 1732.067 -1.071
1544.402 1405.772 1682.637 1333.670 -1.071
2505.637 1294.444 2592.000 1173.000 -1.071
1427.521 1089.022 1573.249 1066.105 -1.071
2050.065 1572.575 2242.520 1540.994 -1.071
871.905 982.654 976.241 953.625 -1.071
985.638 1738.898 1142.393 1686.424 -1.071
650.330 151.095 763.055 232.637 -1.071
1644.689 63.972 1697.023 55.645 -1.071
2476.950 1898.995 2592.000 1807.336 -1.071
593.461 1304.489 727.904 1288.532 -1.071
2166.544 1459.884 2315.559 1374.353 -1.071
918.123 1745.537 1085.380 1704.589 -1.071
2070.704 1231.566 2214.741 1180.938 -1.071
1534.931 1406.616 1664.083 1332.712 -1.071
1369.095 1270.198 1485.794 1216.612 -1.071
559.653 969.663 668.941 964.371 -1.071
1242.445 1354.376 1371.163 1315.843 -1.071
1142.441 1180.497 1273.370 1136.513 -1.071
1820.598 1438.043 1950.832 1354.586 -1.071
2523.955 1735.222 2592.000 1608.572 -1.071
1798.712 1240.928 1907.299 1162.486 -1.071
1771.079 678.347 1858.515 629.218 -1.071
1309.409 1308.618 1439.562 1256.082 -1.071
2517.111 980.588 2592.000 909.354 -1.071
1460.174 953.890 1581.396 921.616 -1.071
1053.144 447.811 1120.306 430.303 -1.071
2532.525 1597.428 2592.000 1465.172 -1.071
1767.313 1614.902 1900.929 1522.447 -1.071
