1723.687 593.381 1789.717 664.916 -0.915
2063.540 1790.778 2284.767 1944.000 -0.968
889.562 1717.202 982.407 1853.203 -0.984
742.933 190.051 1035.346 428.844 -0.988
970.063 1721.184 1463.875 1944.000 -0.991
760.602 1082.412 1214.895 1886.843 -0.999
606.747 1071.312 670.083 1151.686 -1.014
1621.373 571.929 1683.809 656.570 -1.039
470.550 1095.087 526.782 1169.528 -1.081
2.404 63.556 2571.756 1944.000 -1.081
2446.970 14.387 2592.000 96.202 -1.133
2027.760 16.207 2105.898 51.179 -1.133
1937.499 1.000 2130.036 117.427 -1.153
2361.663 13.008 2529.974 96.577 -1.154
