1659.929 1416.929 1678.688 1582.285 -0.949
1017.773 195.946 1058.882 425.818 -0.963
1259.211 1557.703 1276.527 1694.050 -0.967
1167.008 471.047 1192.858 614.263 -0.967
1377.068 505.579 1402.638 654.989 -0.976
1156.591 1.000 2216.534 1943.205 -0.985
444.980 1122.724 472.019 1313.894 -0.999
2206.923 1170.905 2310.623 1776.185 -1.009
2215.021 148.725 2247.524 329.048 -1.018
2441.180 631.794 2495.369 761.282 -1.022
336.951 1100.226 403.178 1280.441 -1.023
644.264 500.749 669.685 649.719 -1.027
626.679 356.699 654.996 525.866 -1.028
568.921 1159.354 608.317 1399.139 -1.030
894.131 1.000 1086.203 734.400 -1.030
481.438 728.193 530.577 990.006 -1.033
2208.879 341.905 2249.711 594.023 -1.034
433.042 337.527 486.722 452.381 -1.035
2470.698 351.978 2494.603 520.163 -1.037
258.036 384.483 283.531 533.651 -1.040
1078.256 1089.005 1108.696 1319.861 -1.041
937.632 1076.349 972.851 1281.710 -1.042
858.303 1807.787 897.122 1944.000 -1.042
760.189 829.242 964.820 1944.000 -1.045
2370.196 1542.560 2385.096 1694.961 -1.047
421.324 941.786 442.480 1074.737 -1.047
632.920 352.406 688.528 667.575 -1.049
588.119 1396.954 616.694 1594.543 -1.050
765.799 6.447 821.837 105.937 -1.052
470.299 485.699 496.731 651.170 -1.052
1037.840 1086.825 1087.633 1227.574 -1.055
1088.711 1056.208 1151.447 1219.513 -1.057
171.149 1105.597 245.560 1557.915 -1.057
366.544 347.803 401.316 561.165 -1.057
362.701 1598.718 380.604 1767.477 -1.061
3.034 263.974 46.197 360.164 -1.061
2390.523 1377.834 2414.844 1549.225 -1.061
2273.776 1292.721 2592.000 1944.000 -1.062
2205.252 552.515 2237.900 742.670 -1.063
1001.630 1115.044 1043.916 1362.888 -1.065
187.022 1684.158 221.258 1936.763 -1.066
309.269 337.175 361.114 450.914 -1.066
575.774 443.828 886.910 1074.322 -1.068
2483.662 73.257 2505.629 222.834 -1.068
170.388 267.439 935.702 1635.458 -1.070
1105.334 1573.176 1121.389 1721.615 -1.071
1052.650 1072.719 1115.292 1237.621 -1.072
2481.357 1.000 2530.861 43.113 -1.074
2469.977 85.947 2503.652 282.256 -1.075
41.636 691.661 64.201 850.199 -1.077
45.935 1090.955 83.423 1318.429 -1.077
2446.719 501.652 2489.427 586.413 -1.077
2465.908 381.503 2499.312 583.473 -1.077
2451.359 52.517 2495.931 129.742 -1.078
2436.125 453.634 2486.653 555.818 -1.078
512.669 170.505 556.369 259.742 -1.079
2517.470 1.000 2573.304 69.182 -1.079
2221.250 435.414 2298.604 584.445 -1.079
2468.560 493.417 2526.827 616.110 -1.081
2217.563 96.920 2284.876 222.261 -1.081
2437.008 710.653 2471.333 951.712 -1.082
1124.717 1510.092 1141.545 1643.748 -1.082
