12.090 1.000 256.000 49.000 -0.281
339.054 1.000 256.000 10.223 -0.326
266.048 1.000 256.000 60.094 -0.332
1.000 1.000 -11.558 97.138 -0.332
39.828 1.000 174.893 101.129 -0.338
1.000 1.000 59.778 87.606 -0.341
18.808 151.200 59.578 182.434 -0.345
306.403 1.000 256.000 8.223 -0.349
1.000 139.139 32.338 175.013 -0.352
1.000 1.000 -73.162 111.554 -0.357
378.052 1.000 256.000 -5.999 -0.359
232.132 77.261 256.000 128.084 -0.360
238.220 1.000 256.000 169.785 -0.361
237.040 1.000 227.680 16.514 -0.364
1.000 210.697 35.267 256.000 -0.366
1.000 55.067 -35.683 98.438 -0.366
1.000 1.000 -12.494 104.103 -0.370
325.675 1.000 256.000 18.152 -0.370
1.000 145.445 -3.293 188.687 -0.370
215.387 223.646 256.000 256.000 -0.372
188.599 1.000 256.000 102.426 -0.373
208.353 1.000 191.499 38.228 -0.373
464.506 1.000 256.000 179.145 -0.375
304.657 1.000 256.000 7.894 -0.375
122.106 1.000 116.470 5.844 -0.376
1.000 1.000 -49.401 95.047 -0.378
1.000 1.000 -32.710 119.648 -0.379
1.000 1.000 -29.991 43.237 -0.380
1.000 139.815 -25.647 191.914 -0.382
15.839 1.000 256.000 135.143 -0.383
1.000 7.542 -71.216 63.546 -0.383
26.793 133.028 63.219 162.325 -0.384
1.000 223.579 -16.300 256.000 -0.384
1.000 216.528 -35.742 256.000 -0.384
338.777 1.000 256.000 -4.848 -0.386
246.246 1.000 212.588 29.762 -0.387
176.512 1.000 153.047 58.154 -0.388
1.000 9.840 -31.733 79.605 -0.388
213.914 1.000 204.843 61.952 -0.390
1.000 95.182 -55.045 137.736 -0.391
358.391 1.000 256.000 37.474 -0.391
1.000 1.000 -84.299 137.790 -0.392
287.922 1.000 256.000 56.985 -0.392
21.333 1.000 18.761 19.290 -0.392
203.884 87.279 256.000 197.370 -0.392
1.000 174.183 69.724 256.000 -0.394
1.000 136.090 -24.497 203.408 -0.395
1.000 215.845 -59.276 256.000 -0.395
1.000 21.936 -8.679 61.565 -0.396
1.000 11.260 -43.930 71.875 -0.397
1.000 222.570 -6.411 256.000 -0.398
323.661 1.000 256.000 45.415 -0.399
51.934 214.780 256.000 256.000 -0.399
1.000 1.000 -23.711 27.137 -0.401
47.509 114.801 158.994 199.281 -0.401
193.344 1.000 186.772 10.101 -0.401
268.017 1.000 256.000 30.867 -0.403
155.048 60.770 256.000 224.800 -0.404
1.000 50.017 -24.869 89.357 -0.405
272.326 17.293 256.000 111.426 -0.405
1.000 6.210 -57.567 51.633 -0.406
284.828 1.000 256.000 68.512 -0.406
1.000 1.000 -35.380 149.144 -0.408
1.000 121.990 -7.662 176.413 -0.408
1.000 57.381 -19.291 98.868 -0.409
1.000 1.000 -22.024 25.326 -0.410
218.288 1.000 200.073 43.894 -0.410
1.000 1.000 -84.261 128.128 -0.411
1.000 1.000 -98.631 101.512 -0.412
1.000 1.000 -45.994 88.689 -0.413
1.000 1.000 -105.816 108.791 -0.414
1.000 156.534 -63.236 202.758 -0.414
1.000 1.000 -65.000 71.457 -0.414
1.000 10.514 -34.117 85.312 -0.415
236.057 1.000 185.741 65.609 -0.415
1.000 18.200 -10.238 78.725 -0.415
1.000 167.555 256.000 256.000 -0.415
662.289 1.000 256.000 133.460 -0.415
291.151 1.000 256.000 9.752 -0.415
1.000 11.452 -30.653 62.346 -0.417
1.000 1.000 -13.870 27.139 -0.417
1.000 1.000 -60.548 66.678 -0.418
347.526 1.000 256.000 43.424 -0.418
1.000 1.000 -25.519 29.077 -0.419
1.000 156.172 -5.703 209.932 -0.420
1.000 219.755 -18.713 256.000 -0.420
341.195 1.000 256.000 39.804 -0.420
334.178 1.000 256.000 34.421 -0.421
1.000 19.991 -81.372 84.154 -0.421
1.000 140.402 -23.262 188.796 -0.421
257.241 1.000 256.000 82.926 -0.421
1.000 8.051 -76.433 68.100 -0.421
1.000 222.502 -49.431 256.000 -0.423
1.000 212.003 -38.262 256.000 -0.423
266.795 1.000 256.000 35.209 -0.424
1.000 25.151 -251.662 221.042 -0.424
1.000 1.000 -99.558 92.953 -0.424
1.000 140.658 -26.163 201.320 -0.424
1.000 1.000 -27.457 31.158 -0.424
302.704 1.000 256.000 79.317 -0.424
267.459 104.873 256.000 164.044 -0.424
258.824 1.000 256.000 42.275 -0.425
304.318 31.118 256.000 83.169 -0.426
1.000 1.000 -44.729 57.260 -0.426
1.000 165.796 -12.908 211.948 -0.427
1.000 1.000 -91.927 94.721 -0.427
1.000 1.000 -114.374 149.122 -0.427
275.377 1.000 256.000 59.389 -0.428
1.000 174.989 -44.587 256.000 -0.428
1.000 89.913 27.318 126.563 -0.428
1.000 130.791 -27.223 203.257 -0.429
368.065 1.000 256.000 18.602 -0.429
274.987 1.000 256.000 32.858 -0.429
1.000 1.000 -65.703 113.091 -0.429
271.754 1.000 256.000 107.104 -0.430
403.720 1.000 256.000 159.150 -0.430
99.787 1.000 58.965 13.511 -0.430
1.000 91.077 95.019 238.440 -0.432
1.000 122.538 -75.494 184.714 -0.432
1.000 160.456 -47.095 203.297 -0.432
1.000 19.474 -11.079 84.369 -0.433
279.792 1.000 256.000 40.095 -0.433
374.343 1.000 256.000 65.736 -0.434
1.000 6.623 -61.805 55.332 -0.435
1.000 1.000 -39.177 41.284 -0.435
1.000 7.067 -66.347 59.297 -0.435
377.036 1.000 256.000 148.498 -0.435
1.000 1.000 -42.095 44.240 -0.436
1.000 190.903 -71.576 251.753 -0.436
1.000 175.094 -86.777 256.000 -0.436
1.000 206.230 -20.476 256.000 -0.436
352.674 1.000 256.000 23.281 -0.437
1.000 213.171 -13.742 256.000 -0.437
1.000 1.000 -69.771 76.579 -0.438
1.000 218.963 -9.685 256.000 -0.438
285.745 1.000 256.000 51.430 -0.438
314.721 1.000 256.000 41.100 -0.439
109.132 1.000 102.669 42.742 -0.439
1.000 197.181 -29.738 256.000 -0.440
33.656 1.000 31.342 21.866 -0.441
295.211 1.000 256.000 10.442 -0.441
48.191 7.625 47.117 45.885 -0.441
1.000 1.000 -31.760 35.776 -0.442
1.000 1.000 -29.534 33.387 -0.442
270.544 1.000 256.000 53.733 -0.442
1.000 1.000 -20.074 12.368 -0.442
1.000 200.921 -47.880 256.000 -0.443
1.000 237.472 -28.166 256.000 -0.443
1.000 141.337 -40.532 184.707 -0.444
246.680 1.000 204.022 18.505 -0.444
1.000 71.457 -45.392 256.000 -0.444
263.575 1.000 256.000 32.095 -0.445
1.000 105.390 -37.040 195.764 -0.445
327.990 1.000 256.000 36.293 -0.446
1.000 27.012 -92.462 224.981 -0.446
1.000 93.990 -139.363 204.811 -0.447
108.998 38.548 95.984 66.061 -0.447
258.459 1.000 256.000 34.449 -0.447
1.000 1.000 -43.797 140.425 -0.447
1.000 12.242 -32.959 66.814 -0.447
1.000 41.597 -164.650 256.000 -0.447
1.000 1.000 -261.235 169.263 -0.447
1.000 131.473 -59.450 193.496 -0.448
246.655 1.000 204.923 39.783 -0.448
1.000 149.141 -17.605 195.235 -0.448
1.000 28.981 -118.358 189.522 -0.449
1.000 192.361 -77.519 256.000 -0.449
1.000 1.000 -48.575 50.804 -0.449
1.000 1.000 -44.172 93.635 -0.449
11.183 1.000 -5.421 23.968 -0.449
1.000 1.000 -6.337 30.691 -0.449
1.000 118.501 -9.018 177.092 -0.450
132.038 1.000 120.459 22.000 -0.451
1.000 1.000 -59.921 108.268 -0.451
1.000 227.613 -35.160 256.000 -0.451
1.000 83.637 -31.347 123.456 -0.452
1.000 226.996 -22.439 256.000 -0.452
1.000 91.721 -154.935 194.986 -0.452
1.000 1.000 -243.641 157.935 -0.452
