1.000 1.000 11.929 112.845 -0.055
1.000 1.000 9.491 230.943 -0.097
1.000 160.467 20.631 231.799 -0.100
1.000 237.218 23.765 223.314 -0.104
1.000 1.000 20.112 133.868 -0.104
181.678 1.000 256.000 256.000 -0.107
1.000 1.000 27.281 256.000 -0.108
1.000 228.895 24.004 227.741 -0.109
1.000 225.438 23.116 217.923 -0.114
1.000 243.406 23.454 218.462 -0.126
1.000 248.997 24.413 228.705 -0.131
260.408 254.145 256.000 239.297 -0.132
1.000 1.000 57.789 256.000 -0.133
257.351 231.693 256.000 237.849 -0.134
1.000 1.000 -2.352 256.000 -0.136
1.000 1.000 -6.022 256.000 -0.136
1.000 1.000 -9.691 256.000 -0.136
1.000 1.000 -13.361 256.000 -0.136
1.000 1.000 -17.031 256.000 -0.136
271.150 1.000 256.000 256.000 -0.136
267.485 1.000 256.000 256.000 -0.136
263.821 1.000 256.000 256.000 -0.136
260.156 1.000 256.000 256.000 -0.136
1.000 1.000 -2.124 256.000 -0.136
1.000 1.000 -5.548 256.000 -0.136
1.000 1.000 -8.972 256.000 -0.136
1.000 1.000 -12.396 256.000 -0.136
1.000 1.000 -15.820 256.000 -0.136
1.000 1.000 -1.911 256.000 -0.136
1.000 1.000 -5.106 256.000 -0.136
1.000 1.000 -8.300 256.000 -0.136
1.000 1.000 -11.495 256.000 -0.136
1.000 1.000 -14.690 256.000 -0.136
277.936 2.524 256.000 256.000 -0.136
274.745 1.000 256.000 256.000 -0.136
271.555 1.000 256.000 256.000 -0.136
268.365 1.000 256.000 256.000 -0.136
265.175 1.000 256.000 256.000 -0.136
261.985 1.000 256.000 256.000 -0.136
258.795 1.000 256.000 256.000 -0.136
1.000 1.000 -1.712 256.000 -0.136
1.000 1.000 -4.693 256.000 -0.136
1.000 1.000 -7.674 256.000 -0.136
1.000 1.000 -10.655 256.000 -0.136
1.000 1.000 -13.635 256.000 -0.136
259.394 2.447 256.000 256.000 -0.136
1.000 1.000 -1.527 256.000 -0.136
1.000 1.000 -4.308 256.000 -0.136
1.000 1.000 -7.089 256.000 -0.136
1.000 1.000 -9.871 256.000 -0.136
1.000 1.000 -12.652 256.000 -0.136
278.439 49.494 256.000 256.000 -0.136
275.661 2.375 256.000 256.000 -0.136
272.884 1.000 256.000 256.000 -0.136
270.107 1.000 256.000 256.000 -0.136
267.330 1.000 256.000 256.000 -0.136
264.553 1.000 256.000 256.000 -0.136
261.776 1.000 256.000 256.000 -0.136
258.999 1.000 256.000 256.000 -0.136
1.000 1.000 -1.354 256.000 -0.136
1.000 1.000 -3.949 256.000 -0.136
1.000 1.000 -6.544 256.000 -0.136
1.000 1.000 -9.139 256.000 -0.136
1.000 1.000 -11.734 256.000 -0.136
259.863 46.271 256.000 256.000 -0.136
257.272 2.308 256.000 256.000 -0.136
1.000 1.000 -1.193 256.000 -0.136
1.000 1.000 -3.614 256.000 -0.136
1.000 1.000 -6.035 256.000 -0.136
1.000 1.000 -8.456 256.000 -0.136
1.000 1.000 -10.877 256.000 -0.136
274.172 84.284 256.000 256.000 -0.136
271.754 43.265 256.000 256.000 -0.136
269.336 2.245 256.000 256.000 -0.136
266.919 1.000 256.000 256.000 -0.136
264.501 1.000 256.000 256.000 -0.136
262.084 1.000 256.000 256.000 -0.136
259.666 1.000 256.000 256.000 -0.136
257.248 1.000 256.000 256.000 -0.136
1.000 1.000 -1.042 256.000 -0.136
1.000 1.000 -3.301 256.000 -0.136
1.000 1.000 -5.560 256.000 -0.136
1.000 1.000 -7.819 256.000 -0.136
1.000 1.000 -10.078 256.000 -0.136
1.000 1.000 -0.902 256.000 -0.136
1.000 1.000 -3.010 256.000 -0.136
1.000 1.000 -5.117 256.000 -0.136
1.000 1.000 -7.225 256.000 -0.136
1.000 1.000 -9.333 251.202 -0.136
266.361 109.260 256.000 256.000 -0.136
264.257 73.551 256.000 256.000 -0.136
262.152 37.842 256.000 256.000 -0.136
260.048 2.132 256.000 256.000 -0.136
257.943 1.000 256.000 256.000 -0.136
1.000 1.000 -0.771 256.000 -0.136
1.000 1.000 -2.738 256.000 -0.136
1.000 1.000 -4.704 256.000 -0.136
1.000 1.000 -6.671 250.765 -0.136
1.000 1.000 -8.637 234.422 -0.136
274.294 135.354 256.000 256.000 -0.136
272.331 102.036 256.000 256.000 -0.136
270.367 68.718 256.000 256.000 -0.136
268.403 35.400 256.000 256.000 -0.136
266.440 2.082 256.000 256.000 -0.136
264.476 1.000 256.000 256.000 -0.136
262.512 1.000 256.000 256.000 -0.136
260.548 1.000 256.000 256.000 -0.136
258.585 1.000 256.000 256.000 -0.136
1.000 1.000 -0.649 256.000 -0.136
1.000 1.000 -2.484 256.000 -0.136
1.000 1.000 -4.319 249.263 -0.136
1.000 1.000 -6.153 234.014 -0.136
1.000 1.000 -7.988 218.765 -0.136
1.000 1.000 -0.535 256.000 -0.136
1.000 1.000 -2.247 246.840 -0.136
1.000 1.000 -3.959 232.612 -0.136
1.000 1.000 -5.671 218.385 -0.136
1.000 1.000 -7.383 204.157 -0.136
261.297 147.015 256.000 256.000 -0.136
259.587 118.010 256.000 256.000 -0.136
257.878 89.005 256.000 256.000 -0.136
1.000 1.000 -0.428 243.626 -0.136
1.000 1.000 -2.026 230.352 -0.136
1.000 1.000 -3.623 217.077 -0.136
1.000 1.000 -5.220 203.802 -0.136
1.000 1.000 -6.818 190.528 -0.136
264.744 164.324 256.000 256.000 -0.136
263.149 137.262 256.000 256.000 -0.136
261.554 110.199 256.000 256.000 -0.136
259.959 83.137 256.000 256.000 -0.136
258.364 56.074 256.000 256.000 -0.136
1.000 1.000 -0.329 227.354 -0.136
1.000 1.000 -1.819 214.968 -0.136
1.000 1.000 -3.310 202.582 -0.136
1.000 1.000 -4.800 190.196 -0.136
1.000 1.000 -6.291 177.811 -0.136
266.562 178.662 256.000 256.000 -0.136
265.074 153.412 256.000 256.000 -0.136
263.586 128.162 256.000 256.000 -0.136
262.098 102.911 256.000 256.000 -0.136
260.610 77.661 256.000 256.000 -0.136
259.121 52.411 256.000 256.000 -0.136
257.633 27.161 256.000 256.000 -0.136
1.000 1.000 -0.236 212.171 -0.136
1.000 1.000 -1.627 200.614 -0.136
1.000 1.000 -3.018 189.058 -0.136
1.000 1.000 -4.408 177.502 -0.136
1.000 1.000 -5.799 165.945 -0.136
266.955 190.349 256.000 256.000 -0.136
265.566 166.790 256.000 256.000 -0.136
264.178 143.231 256.000 256.000 -0.136
262.789 119.671 256.000 256.000 -0.136
261.401 96.112 256.000 256.000 -0.136
260.012 72.552 256.000 256.000 -0.136
258.623 48.993 256.000 251.916 -0.136
257.235 25.434 256.000 241.134 -0.136
1.000 1.000 -0.150 198.004 -0.136
1.000 1.000 -1.447 187.222 -0.136
1.000 1.000 -2.745 176.439 -0.136
1.000 1.000 -4.042 165.657 -0.136
1.000 1.000 -5.340 154.875 -0.136
266.104 199.676 256.000 256.000 -0.136
264.808 177.694 256.000 256.000 -0.136
263.513 155.712 256.000 256.000 -0.136
262.217 133.731 256.000 256.000 -0.136
260.922 111.749 256.000 256.000 -0.136
259.626 89.767 256.000 255.209 -0.136
258.330 67.786 256.000 245.149 -0.136
257.035 45.804 256.000 235.088 -0.136
1.000 1.000 -0.069 184.787 -0.136
1.000 1.000 -1.280 174.726 -0.136
1.000 1.000 -2.490 164.666 -0.136
1.000 1.000 -3.701 154.606 -0.136
1.000 1.000 -4.912 144.545 -0.136
264.174 206.906 256.000 256.000 -0.136
262.966 186.396 256.000 256.000 -0.136
261.757 165.886 256.000 256.000 -0.136
260.548 145.377 256.000 256.000 -0.136
259.339 124.867 256.000 256.000 -0.136
258.130 104.358 256.000 247.547 -0.136
1.000 1.000 -1.124 163.067 -0.136
1.000 1.000 -2.253 153.681 -0.136
1.000 1.000 -3.383 144.294 -0.136
1.000 1.000 -4.512 134.908 -0.136
261.315 212.278 256.000 256.000 -0.136
260.187 193.142 256.000 256.000 -0.136
259.059 174.006 256.000 256.000 -0.136
257.931 154.870 256.000 256.000 -0.136
1.000 1.000 -0.978 152.189 -0.136
1.000 1.000 -2.032 143.431 -0.136
1.000 1.000 -3.085 134.673 -0.136
1.000 1.000 -4.139 125.915 -0.136
271.430 233.864 256.000 256.000 -0.136
270.378 216.009 256.000 256.000 -0.136
269.326 198.154 256.000 256.000 -0.136
268.273 180.300 256.000 256.000 -0.136
267.221 162.445 256.000 248.270 -0.136
266.169 144.590 256.000 240.098 -0.136
265.116 126.736 256.000 231.927 -0.136
264.064 108.881 256.000 223.755 -0.136
263.012 91.026 256.000 215.584 -0.136
261.959 73.172 256.000 207.412 -0.136
260.907 55.317 256.000 199.241 -0.136
259.855 37.462 256.000 191.069 -0.136
258.802 19.608 256.000 182.898 -0.136
257.750 1.753 256.000 174.726 -0.136
1.000 1.000 -0.842 142.040 -0.136
1.000 1.000 -1.825 133.868 -0.136
1.000 1.000 -2.808 125.697 -0.136
1.000 1.000 -3.791 117.525 -0.136
266.174 234.954 256.000 256.000 -0.136
265.192 218.295 256.000 256.000 -0.136
264.210 201.636 256.000 254.559 -0.136
263.229 184.977 256.000 246.935 -0.136
262.247 168.318 256.000 239.310 -0.136
261.265 151.659 256.000 231.686 -0.136
260.283 135.000 256.000 224.062 -0.136
259.301 118.341 256.000 216.437 -0.136
258.319 101.682 256.000 208.813 -0.136
257.337 85.023 256.000 201.189 -0.136
1.000 1.000 -0.715 132.570 -0.136
1.000 1.000 -1.632 124.946 -0.136
1.000 1.000 -2.550 117.321 -0.136
1.000 1.000 -3.467 109.697 -0.136
272.399 250.398 256.000 256.000 -0.136
271.482 234.855 256.000 256.000 -0.136
270.566 219.311 256.000 251.782 -0.136
269.650 203.768 256.000 244.668 -0.136
268.734 188.225 256.000 237.554 -0.136
267.818 172.681 256.000 230.440 -0.136
266.902 157.138 256.000 223.327 -0.136
265.986 141.595 256.000 216.213 -0.136
265.070 126.051 256.000 209.099 -0.136
264.154 110.508 256.000 201.985 -0.136
263.238 94.964 256.000 194.872 -0.136
262.321 79.421 256.000 187.758 -0.136
261.405 63.878 256.000 180.644 -0.136
260.489 48.334 256.000 173.530 -0.136
259.573 32.791 256.000 166.417 -0.136
258.657 17.247 256.000 159.303 -0.136
257.741 1.704 256.000 152.189 -0.136
261.326 250.398 256.000 256.000 -0.136
260.409 234.855 256.000 256.000 -0.136
259.493 219.311 256.000 251.782 -0.136
258.577 203.768 256.000 244.668 -0.136
257.661 188.225 256.000 237.554 -0.136
1.000 1.000 -0.596 123.734 -0.136
1.000 1.000 -1.452 116.621 -0.136
1.000 1.000 -2.308 109.507 -0.136
1.000 1.000 -3.164 102.393 -0.136
265.414 248.224 256.000 254.875 -0.136
264.559 233.722 256.000 248.237 -0.136
263.705 219.219 256.000 241.600 -0.136
262.850 204.717 256.000 234.963 -0.136
261.995 190.214 256.000 228.325 -0.136
261.140 175.712 256.000 221.688 -0.136
260.286 161.209 256.000 215.051 -0.136
259.431 146.707 256.000 208.413 -0.136
258.576 132.204 256.000 201.776 -0.136
257.721 117.702 256.000 195.139 -0.136
1.000 1.000 -0.486 115.490 -0.136
1.000 1.000 -1.284 108.853 -0.136
1.000 1.000 -2.083 102.216 -0.136
1.000 1.000 -2.882 95.578 -0.136
268.586 258.756 256.000 250.234 -0.136
267.788 245.225 256.000 244.041 -0.136
266.991 231.693 256.000 237.849 -0.136
266.193 218.162 256.000 231.656 -0.136
265.395 204.631 256.000 225.463 -0.136
264.598 191.100 256.000 219.270 -0.136
263.800 177.568 256.000 213.077 -0.136
263.003 164.037 256.000 206.884 -0.136
262.205 150.506 256.000 200.691 -0.136
261.408 136.974 256.000 194.499 -0.136
260.610 123.443 256.000 188.306 -0.136
259.813 109.912 256.000 182.113 -0.136
259.015 96.380 256.000 175.920 -0.136
258.218 82.849 256.000 169.727 -0.136
257.420 69.318 256.000 163.534 -0.136
1.000 258.756 16.757 250.234 -0.136
1.000 245.225 16.012 244.041 -0.136
1.000 1.000 -0.383 107.798 -0.136
1.000 1.000 -1.128 101.605 -0.136
1.000 1.000 -1.873 95.413 -0.136
1.000 1.000 -2.618 89.220 -0.136
270.147 266.770 256.000 245.075 -0.136
269.403 254.145 256.000 239.297 -0.136
268.658 241.520 256.000 233.519 -0.136
267.914 228.895 256.000 227.741 -0.136
267.170 216.270 256.000 221.963 -0.136
266.426 203.644 256.000 216.185 -0.136
265.682 191.019 256.000 210.406 -0.136
264.938 178.394 256.000 204.628 -0.136
264.194 165.769 256.000 198.850 -0.136
263.450 153.144 256.000 193.072 -0.136
262.706 140.519 256.000 187.294 -0.136
261.961 127.894 256.000 181.516 -0.136
261.217 115.268 256.000 175.737 -0.136
260.473 102.643 256.000 169.959 -0.136
259.729 90.018 256.000 164.181 -0.136
258.985 77.393 256.000 158.403 -0.136
258.241 64.768 256.000 152.625 -0.136
257.497 52.143 256.000 146.847 -0.136
1.000 266.770 17.096 245.075 -0.136
1.000 254.145 16.401 239.297 -0.136
1.000 241.520 15.705 233.519 -0.136
1.000 228.895 15.010 227.741 -0.136
1.000 1.000 -0.286 100.622 -0.136
1.000 1.000 -0.982 94.843 -0.136
1.000 1.000 -1.677 89.065 -0.136
1.000 1.000 -2.372 83.287 -0.136
270.299 272.557 256.000 239.488 -0.136
269.605 260.777 256.000 234.097 -0.136
268.910 248.997 256.000 228.705 -0.136
268.216 237.218 256.000 223.314 -0.136
267.522 225.438 256.000 217.923 -0.136
266.828 213.658 256.000 212.532 -0.136
266.133 201.879 256.000 207.141 -0.136
265.439 190.099 256.000 201.749 -0.136
264.745 178.319 256.000 196.358 -0.136
264.050 166.540 256.000 190.967 -0.136
263.356 154.760 256.000 185.576 -0.136
262.662 142.980 256.000 180.185 -0.136
261.968 131.201 256.000 174.793 -0.136
261.273 119.421 256.000 169.402 -0.136
260.579 107.641 256.000 164.011 -0.136
259.885 95.862 256.000 158.620 -0.136
259.190 84.082 256.000 153.229 -0.136
258.496 72.302 256.000 147.837 -0.136
257.802 60.523 256.000 142.446 -0.136
257.108 48.743 256.000 137.055 -0.136
1.000 272.557 17.319 239.488 -0.136
1.000 260.777 16.670 234.097 -0.136
1.000 248.997 16.022 228.705 -0.136
1.000 237.218 15.373 223.314 -0.136
1.000 225.438 14.724 217.923 -0.136
1.000 213.658 14.075 212.532 -0.136
1.000 1.000 -0.196 93.925 -0.136
1.000 1.000 -0.845 88.534 -0.136
1.000 1.000 -1.494 83.143 -0.136
1.000 1.000 -2.143 77.752 -0.136
269.224 276.378 256.000 233.553 -0.136
268.576 265.387 256.000 228.522 -0.136
267.929 254.396 256.000 223.492 -0.136
267.281 243.406 256.000 218.462 -0.136
266.633 232.415 256.000 213.432 -0.136
265.985 221.424 256.000 208.402 -0.136
265.337 210.433 256.000 203.372 -0.136
264.690 199.442 256.000 198.341 -0.136
264.042 188.451 256.000 193.311 -0.136
263.394 177.461 256.000 188.281 -0.136
262.746 166.470 256.000 183.251 -0.136
262.098 155.479 256.000 178.221 -0.136
261.451 144.488 256.000 173.190 -0.136
260.803 133.497 256.000 168.160 -0.136
260.155 122.506 256.000 163.130 -0.136
259.507 111.516 256.000 158.100 -0.136
258.860 100.525 256.000 153.070 -0.136
258.212 89.534 256.000 148.040 -0.136
257.564 78.543 256.000 143.009 -0.136
1.000 276.378 17.440 233.553 -0.136
1.000 265.387 16.835 228.522 -0.136
1.000 254.396 16.230 223.492 -0.136
1.000 243.406 15.625 218.462 -0.136
1.000 232.415 15.019 213.432 -0.136
1.000 221.424 14.414 208.402 -0.136
1.000 210.433 13.809 203.372 -0.136
1.000 199.442 13.203 198.341 -0.136
1.000 1.000 -0.113 87.677 -0.136
1.000 1.000 -0.718 82.647 -0.136
1.000 1.000 -1.323 77.617 -0.136
1.000 1.000 -1.929 72.587 -0.136
258.176 216.270 256.000 221.963 -0.139
260.099 254.396 256.000 223.492 -0.139
1.000 241.520 24.699 233.519 -0.140
258.436 213.658 256.000 212.532 -0.140
258.021 217.482 256.000 256.000 -0.140
259.130 225.438 256.000 217.923 -0.141
1.000 254.145 27.871 239.297 -0.142
257.432 203.644 256.000 216.185 -0.142
259.664 241.520 256.000 233.519 -0.142
259.508 211.011 256.000 256.000 -0.143
1.000 260.777 27.373 234.097 -0.144
258.155 221.424 256.000 208.402 -0.144
265.021 225.216 256.000 256.000 -0.144
256.355 254.703 256.000 232.847 -0.145
1.000 245.225 28.306 244.041 -0.145
265.376 255.072 256.000 229.955 -0.145
1.000 272.557 25.711 239.488 -0.146
258.946 258.756 256.000 250.234 -0.147
258.148 245.225 256.000 244.041 -0.147
1.000 258.756 26.397 250.234 -0.147
261.153 266.770 256.000 245.075 -0.147
1.000 266.770 26.090 245.075 -0.147
261.907 272.557 256.000 239.488 -0.147
261.394 276.378 256.000 233.553 -0.147
260.746 265.387 256.000 228.522 -0.147
1.000 276.378 25.270 233.553 -0.147
1.000 265.387 24.665 228.522 -0.147
1.000 254.396 24.060 223.492 -0.147
258.803 232.415 256.000 213.432 -0.148
259.759 135.943 256.000 233.820 -0.155
259.451 243.406 256.000 218.462 -0.156
261.252 243.068 256.000 212.276 -0.156
258.920 228.895 256.000 227.741 -0.160
256.860 199.442 256.000 198.341 -0.161
258.801 161.146 256.000 179.386 -0.162
257.047 190.099 256.000 201.749 -0.162
2.224 243.292 28.743 224.564 -0.171
249.122 237.218 256.000 223.314 -0.174
153.766 193.530 194.976 256.000 -0.178
250.826 272.711 256.000 253.104 -0.180
1.000 243.406 29.128 218.462 -0.185
1.000 1.000 135.902 256.000 -0.186
228.618 229.866 256.000 226.496 -0.187
212.259 276.378 242.350 233.553 -0.187
248.250 246.255 256.000 218.054 -0.191
254.991 259.346 256.000 226.944 -0.192
241.589 278.631 256.000 240.737 -0.192
253.612 259.555 256.000 221.321 -0.193
1.000 213.658 28.548 212.532 -0.193
256.743 252.202 256.000 245.477 -0.194
249.465 243.406 256.000 218.462 -0.194
240.925 266.428 256.000 256.000 -0.198
251.414 254.145 256.000 239.297 -0.198
239.376 273.280 256.000 246.414 -0.198
249.981 278.631 256.000 240.737 -0.202
250.267 282.046 256.000 234.718 -0.202
242.507 256.929 256.000 238.882 -0.203
211.556 272.557 243.899 239.488 -0.207
250.274 254.703 256.000 232.847 -0.208
235.749 276.378 256.000 233.553 -0.208
250.541 259.720 256.000 227.357 -0.208
1.000 271.576 35.921 235.822 -0.208
257.311 283.115 256.000 232.104 -0.208
245.815 265.066 256.000 234.483 -0.208
249.122 258.580 256.000 215.437 -0.208
1.000 242.923 31.597 227.456 -0.210
248.370 273.280 256.000 246.414 -0.211
222.245 276.378 252.336 233.553 -0.219
257.106 286.229 256.000 226.663 -0.219
206.585 276.378 236.677 233.553 -0.222
212.394 273.280 240.768 246.414 -0.224
1.000 241.520 31.217 233.519 -0.226
252.394 195.949 256.000 190.711 -0.226
1.000 254.145 31.912 239.297 -0.228
244.119 246.170 256.000 212.389 -0.228
1.000 244.546 27.878 230.382 -0.229
219.905 238.672 256.000 234.463 -0.229
1.000 283.115 33.781 232.104 -0.229
1.000 260.777 31.143 234.097 -0.230
219.948 272.557 252.291 239.488 -0.231
243.840 272.711 256.000 253.104 -0.231
214.930 238.672 256.000 234.463 -0.233
227.476 235.010 256.000 232.180 -0.234
1.000 265.387 30.339 228.522 -0.234
1.000 225.876 43.129 201.873 -0.235
2.238 286.229 32.800 226.663 -0.236
247.949 215.757 256.000 207.236 -0.238
1.000 270.884 35.666 241.752 -0.238
233.197 278.631 256.000 240.737 -0.240
1.000 210.433 27.312 203.372 -0.240
1.000 245.225 32.637 244.041 -0.241
232.856 239.815 256.000 222.927 -0.243
252.355 213.658 256.000 212.532 -0.243
234.607 282.046 256.000 234.718 -0.243
232.858 273.280 256.000 246.414 -0.245
130.230 1.000 158.429 61.454 -0.246
102.151 1.000 256.000 256.000 -0.246
266.115 148.843 256.000 201.892 -0.247
221.388 273.280 249.762 246.414 -0.247
1.000 205.110 25.678 199.507 -0.250
13.054 258.413 48.288 256.000 -0.252
241.847 264.039 256.000 212.688 -0.253
1.000 197.690 30.821 171.427 -0.258
229.852 266.428 256.000 256.000 -0.259
15.407 261.965 43.242 254.329 -0.259
210.332 278.631 236.715 240.737 -0.260
251.744 222.564 256.000 220.322 -0.260
243.668 264.247 256.000 216.602 -0.262
212.369 258.413 247.604 256.000 -0.264
255.665 200.717 256.000 196.098 -0.268
258.180 206.459 256.000 222.891 -0.269
1.000 264.329 38.245 256.000 -0.269
231.546 272.711 255.216 253.104 -0.272
18.517 277.862 37.017 242.774 -0.273
118.411 251.779 162.619 248.799 -0.278
191.238 278.631 217.620 240.737 -0.281
195.121 259.265 251.193 233.616 -0.281
8.247 225.715 43.687 203.156 -0.282
21.754 269.664 35.209 256.000 -0.283
187.604 266.483 225.907 238.239 -0.284
244.429 260.777 256.000 234.097 -0.288
240.575 257.353 256.000 235.559 -0.288
198.193 266.770 232.955 245.075 -0.289
186.723 266.770 221.485 245.075 -0.292
244.897 254.145 256.000 239.297 -0.292
126.240 266.770 161.002 245.075 -0.296
195.458 282.046 219.988 234.718 -0.299
19.448 261.965 47.283 254.329 -0.300
13.894 265.733 44.409 251.669 -0.302
122.780 266.483 161.083 238.239 -0.303
236.828 259.555 256.000 221.321 -0.304
240.555 259.720 256.000 227.357 -0.304
226.197 263.756 256.000 220.791 -0.308
246.180 265.139 256.000 256.000 -0.308
242.443 173.905 256.000 166.351 -0.310
4.297 228.177 43.232 199.127 -0.311
196.599 276.378 226.691 233.553 -0.316
187.888 273.280 216.262 246.414 -0.317
230.935 257.353 256.000 235.559 -0.321
225.317 240.830 256.000 225.627 -0.321
225.551 234.457 256.000 230.993 -0.323
189.784 282.046 214.314 234.718 -0.325
156.969 251.779 201.178 248.799 -0.329
204.670 257.353 242.663 235.559 -0.330
167.942 267.560 184.187 256.000 -0.331
10.191 265.387 40.325 228.522 -0.331
211.656 257.353 249.649 235.559 -0.333
166.609 251.779 210.817 248.799 -0.334
213.382 248.030 241.854 234.858 -0.334
234.552 250.219 256.000 241.481 -0.334
237.995 264.247 256.000 216.602 -0.335
255.728 231.358 256.000 218.892 -0.336
14.933 268.701 48.372 247.322 -0.337
141.864 265.733 172.380 251.669 -0.337
14.315 266.851 40.743 235.346 -0.340
181.361 268.073 207.240 248.121 -0.341
158.464 282.046 182.995 234.718 -0.341
132.819 282.046 157.349 234.718 -0.343
220.958 235.010 256.000 232.180 -0.343
239.896 174.326 256.000 169.291 -0.346
249.467 272.539 256.000 238.909 -0.347
207.698 251.353 231.331 243.468 -0.348
127.395 240.531 159.806 232.242 -0.349
222.629 254.540 244.713 236.197 -0.349
202.608 259.265 256.000 233.616 -0.350
14.031 267.165 36.066 241.975 -0.354
202.942 268.087 250.699 211.246 -0.355
202.829 258.951 244.568 230.044 -0.356
143.802 261.965 171.636 254.329 -0.357
149.279 278.631 175.661 240.737 -0.358
169.619 255.454 203.842 252.990 -0.359
157.671 278.631 184.053 240.737 -0.359
24.463 274.147 44.382 249.371 -0.359
157.450 276.378 187.541 233.553 -0.362
163.635 279.791 185.621 247.753 -0.362
167.423 273.280 195.797 246.414 -0.362
13.096 252.202 43.664 245.477 -0.363
4.214 246.325 46.001 224.266 -0.363
160.732 274.985 175.790 256.000 -0.364
153.781 277.862 172.280 242.774 -0.365
175.114 277.862 193.614 242.774 -0.365
214.505 264.247 245.151 216.602 -0.365
6.053 222.911 42.397 195.116 -0.365
211.978 260.064 236.593 224.658 -0.366
12.927 243.292 39.446 224.564 -0.367
131.303 246.266 186.755 242.707 -0.368
168.373 278.631 194.756 240.737 -0.368
10.248 259.555 43.186 221.321 -0.371
177.001 284.705 197.423 241.986 -0.373
128.861 266.483 167.164 238.239 -0.374
257.014 247.789 256.000 207.446 -0.376
129.958 248.030 158.430 234.858 -0.379
204.117 269.745 249.433 216.830 -0.380
230.747 259.555 256.000 221.321 -0.381
205.732 263.756 254.398 220.791 -0.381
240.917 174.693 256.000 166.879 -0.382
3.735 236.118 44.017 184.241 -0.382
215.025 255.072 241.499 229.955 -0.382
131.504 216.021 157.764 209.798 -0.382
210.198 269.745 255.514 216.830 -0.383
22.035 277.862 40.535 242.774 -0.385
208.944 255.072 235.417 229.955 -0.387
128.560 248.997 160.994 228.705 -0.390
4.706 222.564 34.497 220.322 -0.390
143.795 277.862 162.295 242.774 -0.391
218.641 257.353 256.000 235.559 -0.391
125.496 254.145 160.307 239.297 -0.392
11.919 260.064 36.535 224.658 -0.393
197.449 254.145 232.260 239.297 -0.398
24.753 260.583 47.844 256.000 -0.399
187.476 283.530 200.415 243.939 -0.399
106.834 253.750 154.372 242.397 -0.401
255.259 235.687 256.000 209.612 -0.401
225.963 261.146 246.477 231.204 -0.403
224.273 265.261 256.000 225.463 -0.404
220.817 258.951 256.000 230.044 -0.404
222.212 285.089 253.286 214.743 -0.406
113.281 241.520 148.141 233.519 -0.407
128.060 246.497 158.215 226.792 -0.409
101.870 260.583 124.961 256.000 -0.413
198.935 266.851 225.364 235.346 -0.414
247.011 173.762 256.000 166.423 -0.415
218.819 246.288 255.344 215.328 -0.417
244.393 181.203 256.000 162.382 -0.418
13.427 249.073 38.085 219.628 -0.419
223.325 260.064 247.941 224.658 -0.421
191.419 259.720 227.114 227.357 -0.421
2.475 236.712 45.536 180.840 -0.421
98.589 258.413 133.824 256.000 -0.423
20.609 238.082 45.310 214.597 -0.423
1.000 156.277 40.680 154.004 -0.425
7.247 209.803 38.203 194.490 -0.427
218.725 247.245 256.000 213.106 -0.427
12.413 243.406 42.632 218.462 -0.428
221.867 247.981 240.431 236.013 -0.430
119.720 233.305 174.283 221.588 -0.431
138.279 247.635 179.477 237.958 -0.432
133.525 232.415 163.787 213.432 -0.433
218.350 247.981 236.913 236.013 -0.434
248.289 228.546 256.000 196.234 -0.435
114.389 266.483 152.691 238.239 -0.435
114.164 260.583 137.255 256.000 -0.437
18.109 202.686 32.320 175.406 -0.438
129.567 229.866 181.305 226.496 -0.438
143.721 252.202 174.289 245.477 -0.445
145.455 265.387 175.588 228.522 -0.446
124.241 226.634 165.890 205.789 -0.448
13.490 243.521 56.182 216.226 -0.451
221.748 263.903 256.000 219.301 -0.453
108.145 268.073 134.024 248.121 -0.453
141.868 240.531 174.279 232.242 -0.454
16.919 242.923 55.313 227.456 -0.455
169.964 256.293 195.889 242.730 -0.456
12.987 227.736 43.159 166.218 -0.457
255.377 221.305 256.000 209.309 -0.458
130.138 250.213 154.283 231.548 -0.459
134.012 248.629 178.321 231.598 -0.460
204.388 248.030 232.860 234.858 -0.461
174.984 260.777 207.372 234.097 -0.462
116.608 244.514 142.578 237.339 -0.463
247.356 229.856 256.000 203.494 -0.463
192.434 265.387 222.568 228.522 -0.464
143.565 262.368 163.529 243.980 -0.465
149.855 267.165 171.891 241.975 -0.465
130.465 232.280 165.436 227.595 -0.466
94.070 272.557 126.413 239.488 -0.467
148.972 265.387 179.106 228.522 -0.467
166.194 256.293 192.118 242.730 -0.473
140.040 240.837 165.015 199.694 -0.474
105.700 259.187 150.512 224.214 -0.475
123.482 213.951 177.547 208.813 -0.479
30.919 261.965 58.753 254.329 -0.482
133.932 257.020 152.004 244.633 -0.482
120.022 232.415 150.283 213.432 -0.482
109.369 261.999 141.208 246.872 -0.483
191.101 240.307 230.338 219.955 -0.484
1.157 213.315 37.810 200.237 -0.489
162.256 259.720 197.951 227.357 -0.491
32.619 268.073 58.498 248.121 -0.491
128.722 247.407 173.579 218.823 -0.493
142.157 271.055 166.730 229.688 -0.493
106.764 241.520 141.623 233.519 -0.494
78.446 258.756 115.808 250.234 -0.494
181.764 255.850 203.259 249.889 -0.494
137.350 253.481 176.247 220.072 -0.495
138.515 237.947 167.925 228.761 -0.495
122.387 246.497 152.541 226.792 -0.496
56.969 278.631 83.351 240.737 -0.498
237.778 118.415 256.000 116.798 -0.501
93.878 261.965 121.712 254.329 -0.506
81.647 255.925 119.446 245.623 -0.506
186.365 251.353 209.998 243.468 -0.506
134.667 226.747 170.489 212.266 -0.507
150.002 254.145 184.813 239.297 -0.507
147.953 250.213 172.099 231.548 -0.509
13.709 265.387 43.843 228.522 -0.509
56.676 282.046 81.207 234.718 -0.510
124.989 282.046 149.519 234.718 -0.511
126.763 237.031 162.742 195.242 -0.511
106.558 262.344 130.148 248.498 -0.512
155.417 255.536 185.081 235.412 -0.513
23.025 267.165 45.060 241.975 -0.513
231.510 178.532 256.000 161.522 -0.515
49.837 277.862 68.336 242.774 -0.515
18.085 266.851 44.514 235.346 -0.520
189.465 235.162 230.742 224.461 -0.520
117.996 250.213 142.141 231.548 -0.521
174.618 265.387 204.752 228.522 -0.521
19.749 260.064 44.365 224.658 -0.522
72.275 266.770 107.037 245.075 -0.523
252.950 210.836 256.000 174.413 -0.523
232.254 179.311 256.000 176.810 -0.526
32.943 266.527 62.564 240.442 -0.526
136.977 254.396 167.153 223.492 -0.527
51.949 274.147 71.868 249.371 -0.528
244.750 229.389 256.000 216.305 -0.530
30.519 265.733 61.034 251.669 -0.530
201.597 246.030 219.711 239.603 -0.531
106.433 254.052 147.688 226.191 -0.534
30.635 268.011 48.665 249.663 -0.535
94.811 276.378 124.903 233.553 -0.538
36.389 268.073 62.268 248.121 -0.539
112.838 244.514 138.808 237.339 -0.539
23.704 212.006 54.920 210.804 -0.546
251.063 199.281 256.000 181.310 -0.547
186.573 246.325 228.361 224.266 -0.550
122.205 229.290 144.387 224.641 -0.551
114.478 250.213 138.623 231.548 -0.552
253.213 202.342 256.000 178.105 -0.555
255.018 210.424 256.000 188.947 -0.555
22.200 249.952 80.679 237.447 -0.556
95.825 282.046 120.356 234.718 -0.556
98.688 252.440 146.814 228.705 -0.562
120.305 277.862 138.805 242.774 -0.566
177.522 225.438 210.047 217.923 -0.566
89.715 259.106 102.666 256.000 -0.566
60.194 282.046 84.724 234.718 -0.566
142.002 243.696 166.184 180.311 -0.568
112.002 204.617 151.028 188.344 -0.569
153.868 236.598 190.161 205.376 -0.569
210.438 222.564 240.230 220.322 -0.571
76.624 272.195 100.685 241.608 -0.572
39.913 261.965 67.748 254.329 -0.573
246.660 205.666 256.000 179.246 -0.573
20.610 235.010 61.858 232.180 -0.573
60.457 270.179 68.588 256.000 -0.573
149.095 244.546 178.801 230.382 -0.574
101.930 259.187 146.742 224.214 -0.574
79.922 266.527 109.543 240.442 -0.575
20.690 242.923 59.083 227.456 -0.576
235.176 191.761 256.000 154.997 -0.576
231.569 107.411 256.000 105.117 -0.577
131.933 246.348 160.069 172.537 -0.578
155.056 229.922 194.044 209.289 -0.581
73.326 277.862 91.826 242.774 -0.583
71.163 167.031 99.295 161.777 -0.584
143.491 228.887 182.220 208.498 -0.584
102.915 254.052 144.171 226.191 -0.590
192.776 250.213 216.922 231.548 -0.593
