99.843 156.239 158.653 210.030 -1.056
90.458 191.414 152.175 256.000 -1.060
102.164 116.313 156.568 192.030 -1.064
199.936 57.374 256.000 161.818 -1.064
214.326 11.698 256.000 82.374 -1.065
85.351 93.089 135.794 158.172 -1.066
3.790 1.000 60.666 42.061 -1.076
1.000 163.195 25.865 235.001 -1.077
1.000 82.555 19.078 145.834 -1.092
99.335 1.000 256.000 147.039 -1.094
1.000 92.334 33.248 157.373 -1.096
1.000 18.869 15.207 82.944 -1.107
102.070 140.310 194.013 247.759 -1.109
1.000 47.377 43.429 152.348 -1.110
1.000 10.095 89.666 116.112 -1.115
1.000 83.144 256.000 256.000 -1.116
1.000 1.000 151.772 127.133 -1.146
