1.000 1.000 51.320 180.678 -0.346
220.738 1.000 256.000 23.490 -0.374
1.000 1.000 134.606 167.590 -0.384
206.199 1.000 256.000 76.570 -0.386
239.744 230.758 256.000 256.000 -0.393
221.042 207.401 256.000 256.000 -0.394
1.000 188.276 47.359 256.000 -0.394
85.441 213.976 160.319 256.000 -0.407
238.473 114.850 256.000 191.461 -0.410
72.528 183.847 234.877 256.000 -0.418
220.154 158.117 256.000 256.000 -0.424
1.000 178.335 90.283 256.000 -0.425
239.890 60.965 256.000 109.188 -0.430
168.891 82.527 256.000 256.000 -0.433
1.000 81.497 78.566 256.000 -0.435
166.577 1.000 256.000 94.456 -0.441
31.973 125.630 224.271 256.000 -0.493
124.993 1.000 256.000 137.343 -0.500
12.030 1.000 256.000 181.052 -0.547
