1.000 1.000 256.000 256.000 1.925
1.000 262.001 45.625 256.000 1.674
1.000 259.142 24.771 256.000 1.652
1.000 257.221 58.090 256.000 1.638
84.861 257.395 180.983 256.000 1.606
48.198 258.047 148.616 256.000 1.580
83.660 258.708 192.023 256.000 1.548
75.271 267.988 152.764 256.000 1.485
68.395 265.265 164.223 256.000 1.450
1.000 258.432 54.596 256.000 1.426
93.307 259.225 161.023 256.000 1.322
104.715 259.277 177.892 256.000 1.295
52.255 257.306 187.439 256.000 1.258
102.836 259.886 173.545 256.000 1.233
81.518 260.773 162.475 256.000 1.232
65.997 260.070 141.065 256.000 1.225
61.729 262.369 135.053 256.000 1.194
21.453 266.524 122.819 256.000 1.190
80.394 258.858 170.380 256.000 1.172
37.502 257.067 127.553 256.000 1.158
67.515 263.817 140.434 256.000 1.148
40.107 265.141 123.830 256.000 1.114
93.288 258.196 161.888 256.000 1.109
44.274 264.057 118.072 256.000 1.094
94.016 260.520 157.609 256.000 1.093
54.677 265.930 125.258 256.000 1.085
18.067 273.737 113.952 256.000 1.058
1.000 262.861 69.610 256.000 1.051
46.163 268.755 117.815 256.000 1.046
19.960 265.193 93.254 256.000 1.001
21.593 257.888 104.962 256.000 0.940
15.438 263.300 94.906 256.000 0.938
14.550 259.623 88.476 256.000 0.899
30.130 265.497 107.748 256.000 0.879
72.743 271.806 134.195 256.000 0.759
61.167 259.102 133.843 256.000 0.493
103.688 267.532 157.675 256.000 0.459
64.134 266.365 157.495 256.000 0.278
89.680 260.057 144.553 256.000 -0.279
