296.547 1.000 256.000 8.551 -0.327
238.986 1.000 256.000 17.721 -0.329
56.253 1.000 52.093 5.690 -0.330
167.907 1.000 230.403 20.897 -0.330
213.209 1.000 256.000 19.018 -0.334
11.355 1.000 75.748 15.608 -0.339
1.000 1.000 138.684 34.661 -0.345
190.336 1.000 256.000 131.436 -0.345
97.702 1.000 197.978 18.813 -0.349
1.000 1.000 256.000 98.300 -0.350
1.000 1.000 -10.234 42.936 -0.353
1.000 32.373 256.000 179.962 -0.358
303.737 1.000 256.000 12.680 -0.363
286.013 1.000 256.000 132.083 -0.364
329.434 1.000 256.000 38.886 -0.367
283.806 1.000 256.000 13.389 -0.369
298.480 1.000 256.000 5.479 -0.370
328.554 1.000 256.000 5.292 -0.373
281.613 1.000 256.000 12.502 -0.374
774.651 1.000 256.000 149.831 -0.378
1.000 87.709 -12.022 151.292 -0.379
316.086 1.000 256.000 88.071 -0.379
305.873 1.000 256.000 34.976 -0.380
1.000 241.266 69.398 256.000 -0.382
148.046 1.000 132.659 34.742 -0.385
1.000 1.000 -0.099 64.995 -0.387
280.992 1.000 256.000 29.605 -0.388
1.000 1.000 -151.391 196.736 -0.390
127.750 1.000 115.960 0.872 -0.391
1.000 1.000 -31.760 35.776 -0.391
299.260 1.000 256.000 5.861 -0.391
231.384 1.000 218.302 19.964 -0.393
380.409 1.000 256.000 43.930 -0.393
275.897 1.000 256.000 27.632 -0.393
213.052 1.000 175.061 16.080 -0.395
1.000 30.963 -106.431 256.000 -0.396
1.000 1.000 -162.363 210.850 -0.397
351.001 1.000 256.000 33.330 -0.398
481.465 1.000 256.000 70.636 -0.398
307.190 1.000 256.000 42.967 -0.399
1.000 1.000 -11.565 30.047 -0.399
259.156 1.000 255.868 5.214 -0.400
85.154 184.650 256.000 256.000 -0.401
289.416 1.000 256.000 110.852 -0.402
270.248 1.000 256.000 25.791 -0.402
293.010 1.000 256.000 19.575 -0.402
119.547 1.000 108.293 0.820 -0.403
321.239 1.000 256.000 21.870 -0.403
207.218 1.000 208.315 -1.756 -0.405
324.556 1.000 256.000 22.042 -0.407
291.044 1.000 256.000 11.520 -0.407
299.202 1.000 256.000 4.851 -0.407
1.000 1.000 -48.539 48.195 -0.407
197.481 1.000 186.179 18.555 -0.407
1.000 33.153 -114.177 256.000 -0.407
1.000 1.000 -48.690 51.357 -0.408
1.000 1.000 -36.418 108.641 -0.410
274.386 1.000 256.000 38.916 -0.410
1.000 32.566 -1.856 71.991 -0.411
1.000 47.337 -23.440 95.404 -0.411
1.000 175.248 123.337 256.000 -0.411
289.896 1.000 256.000 112.411 -0.413
114.140 1.000 107.492 4.367 -0.414
407.192 1.000 256.000 42.194 -0.415
1.000 64.959 -4.826 131.940 -0.415
1.000 1.000 -87.177 67.001 -0.415
1.000 1.000 -93.270 50.145 -0.415
271.113 1.000 256.000 41.351 -0.416
1.000 1.000 -73.162 111.554 -0.417
1.000 1.000 -93.540 71.803 -0.419
284.947 1.000 256.000 9.815 -0.419
263.542 1.000 256.000 82.003 -0.420
1.000 1.000 -36.702 41.082 -0.423
1.000 17.974 -60.499 148.465 -0.423
268.574 46.341 256.000 88.815 -0.423
384.109 1.000 256.000 19.981 -0.423
1.000 73.433 -59.005 144.617 -0.424
157.589 274.469 256.000 256.000 -0.424
1.000 1.000 -78.519 119.554 -0.425
1.000 46.432 -36.178 89.971 -0.426
1.000 1.000 -10.692 28.042 -0.428
339.213 1.000 256.000 24.632 -0.428
257.619 25.201 256.000 66.470 -0.430
1.000 1.000 -161.523 166.645 -0.430
1.000 224.565 -13.089 256.000 -0.430
209.612 1.000 182.565 22.583 -0.431
1.000 1.000 -100.360 76.949 -0.431
351.908 1.000 256.000 122.071 -0.431
365.436 1.000 256.000 21.114 -0.432
260.378 1.000 163.043 48.432 -0.432
352.285 1.000 256.000 32.730 -0.433
380.535 1.000 256.000 19.024 -0.433
1.000 1.000 -198.596 192.491 -0.433
1.000 1.000 -111.656 169.035 -0.433
1.000 1.000 -10.214 39.005 -0.434
364.439 1.000 256.000 28.149 -0.434
465.361 1.000 256.000 57.909 -0.434
274.052 1.000 256.000 39.760 -0.435
1.000 1.000 -68.163 104.090 -0.436
1.000 37.342 -2.352 82.681 -0.436
1.000 71.419 -51.497 159.286 -0.437
195.462 150.819 256.000 210.819 -0.437
262.419 1.000 256.000 117.653 -0.437
242.632 1.000 235.553 3.246 -0.438
1.000 1.000 -33.880 101.373 -0.438
311.973 1.000 256.000 44.592 -0.438
1.000 226.576 -9.593 256.000 -0.438
260.262 5.418 256.000 59.458 -0.438
1.000 161.671 -45.060 256.000 -0.438
266.369 1.000 256.000 5.764 -0.438
318.088 1.000 256.000 67.291 -0.439
165.661 1.000 138.804 -1.014 -0.439
1.000 1.000 -107.670 82.465 -0.439
1.000 220.012 -17.879 251.254 -0.439
16.159 1.000 14.688 25.098 -0.440
1.000 130.821 256.000 256.000 -0.440
131.636 1.000 108.446 14.722 -0.441
1.000 1.000 -76.828 103.805 -0.441
1.000 16.800 -56.348 138.529 -0.442
1.000 41.270 -106.983 125.755 -0.442
1.000 1.000 -90.415 137.317 -0.442
152.159 1.000 144.583 60.407 -0.442
273.081 1.000 256.000 48.837 -0.443
1.000 1.000 -316.731 234.971 -0.443
1.000 74.591 -52.334 183.136 -0.443
1.000 1.000 -100.690 98.102 -0.443
1.000 227.613 -35.160 256.000 -0.443
305.112 1.000 256.000 25.707 -0.443
273.650 1.000 256.000 16.870 -0.444
1.000 1.000 -12.958 49.186 -0.444
287.846 1.000 254.686 14.786 -0.444
1.000 1.000 -25.221 135.899 -0.444
285.522 1.000 256.000 117.529 -0.444
300.716 1.000 256.000 131.489 -0.444
272.156 1.000 256.000 40.451 -0.444
465.877 1.000 256.000 57.622 -0.444
1.000 1.000 -150.607 155.491 -0.445
284.075 1.000 222.664 31.020 -0.445
145.805 1.000 132.503 28.992 -0.445
1.000 21.956 -16.672 61.563 -0.447
1.000 46.710 -107.050 150.916 -0.447
1.000 1.000 -84.261 128.128 -0.447
1.000 46.148 -52.700 91.942 -0.448
216.584 1.000 215.080 5.567 -0.448
1.000 1.000 -123.900 94.713 -0.448
1.000 1.000 -92.537 101.015 -0.448
113.564 90.338 107.521 116.869 -0.449
1.000 1.000 -115.504 88.377 -0.449
265.534 1.000 256.000 33.727 -0.449
259.930 1.000 256.000 21.671 -0.449
1.000 224.864 -20.772 256.000 -0.449
1.000 1.000 -86.241 94.257 -0.449
330.584 183.977 256.000 256.000 -0.449
1.000 189.597 -109.958 256.000 -0.450
306.383 1.000 256.000 29.108 -0.450
1.000 238.729 -9.422 256.000 -0.450
1.000 77.266 -43.777 153.422 -0.450
1.000 1.000 -59.953 94.728 -0.451
280.876 1.000 256.000 126.090 -0.451
334.101 1.000 256.000 37.779 -0.452
