1.000 1.000 50.033 256.000 -0.071
207.186 1.000 256.000 234.014 -0.076
258.796 176.589 256.000 256.000 -0.121
160.578 1.000 256.000 256.000 -0.122
1.000 1.000 172.855 256.000 -0.129
1.000 1.000 -2.352 256.000 -0.136
1.000 1.000 -6.022 256.000 -0.136
1.000 1.000 -9.691 256.000 -0.136
1.000 1.000 -13.361 256.000 -0.136
1.000 1.000 -17.031 256.000 -0.136
271.150 1.000 256.000 256.000 -0.136
267.485 1.000 256.000 256.000 -0.136
263.821 1.000 256.000 256.000 -0.136
260.156 1.000 256.000 256.000 -0.136
1.000 1.000 -2.124 256.000 -0.136
1.000 1.000 -5.548 256.000 -0.136
1.000 1.000 -8.972 256.000 -0.136
1.000 1.000 -12.396 256.000 -0.136
1.000 1.000 -15.820 256.000 -0.136
1.000 1.000 -1.911 256.000 -0.136
1.000 1.000 -5.106 256.000 -0.136
1.000 1.000 -8.300 256.000 -0.136
1.000 1.000 -11.495 256.000 -0.136
1.000 1.000 -14.690 256.000 -0.136
277.936 2.524 256.000 256.000 -0.136
274.745 1.000 256.000 256.000 -0.136
271.555 1.000 256.000 256.000 -0.136
268.365 1.000 256.000 256.000 -0.136
265.175 1.000 256.000 256.000 -0.136
261.985 1.000 256.000 256.000 -0.136
258.795 1.000 256.000 256.000 -0.136
1.000 1.000 -1.712 256.000 -0.136
1.000 1.000 -4.693 256.000 -0.136
1.000 1.000 -7.674 256.000 -0.136
1.000 1.000 -10.655 256.000 -0.136
1.000 1.000 -13.635 256.000 -0.136
259.394 2.447 256.000 256.000 -0.136
1.000 1.000 -1.527 256.000 -0.136
1.000 1.000 -4.308 256.000 -0.136
1.000 1.000 -7.089 256.000 -0.136
1.000 1.000 -9.871 256.000 -0.136
1.000 1.000 -12.652 256.000 -0.136
278.439 49.494 256.000 256.000 -0.136
275.661 2.375 256.000 256.000 -0.136
272.884 1.000 256.000 256.000 -0.136
270.107 1.000 256.000 256.000 -0.136
267.330 1.000 256.000 256.000 -0.136
264.553 1.000 256.000 256.000 -0.136
261.776 1.000 256.000 256.000 -0.136
258.999 1.000 256.000 256.000 -0.136
1.000 1.000 -1.354 256.000 -0.136
1.000 1.000 -3.949 256.000 -0.136
1.000 1.000 -6.544 256.000 -0.136
1.000 1.000 -9.139 256.000 -0.136
1.000 1.000 -11.734 256.000 -0.136
259.863 46.271 256.000 256.000 -0.136
257.272 2.308 256.000 256.000 -0.136
1.000 1.000 -1.193 256.000 -0.136
1.000 1.000 -3.614 256.000 -0.136
1.000 1.000 -6.035 256.000 -0.136
1.000 1.000 -8.456 256.000 -0.136
1.000 1.000 -10.877 256.000 -0.136
274.172 84.284 256.000 256.000 -0.136
271.754 43.265 256.000 256.000 -0.136
269.336 2.245 256.000 256.000 -0.136
266.919 1.000 256.000 256.000 -0.136
264.501 1.000 256.000 256.000 -0.136
262.084 1.000 256.000 256.000 -0.136
259.666 1.000 256.000 256.000 -0.136
257.248 1.000 256.000 256.000 -0.136
1.000 1.000 -1.042 256.000 -0.136
1.000 1.000 -3.301 256.000 -0.136
1.000 1.000 -5.560 256.000 -0.136
1.000 1.000 -7.819 256.000 -0.136
1.000 1.000 -10.078 256.000 -0.136
1.000 1.000 -0.902 256.000 -0.136
1.000 1.000 -3.010 256.000 -0.136
1.000 1.000 -5.117 256.000 -0.136
1.000 1.000 -7.225 256.000 -0.136
1.000 1.000 -9.333 251.202 -0.136
266.361 109.260 256.000 256.000 -0.136
264.257 73.551 256.000 256.000 -0.136
262.152 37.842 256.000 256.000 -0.136
260.048 2.132 256.000 256.000 -0.136
257.943 1.000 256.000 256.000 -0.136
1.000 1.000 -0.771 256.000 -0.136
1.000 1.000 -2.738 256.000 -0.136
1.000 1.000 -4.704 256.000 -0.136
1.000 1.000 -6.671 250.765 -0.136
1.000 1.000 -8.637 234.422 -0.136
274.294 135.354 256.000 256.000 -0.136
272.331 102.036 256.000 256.000 -0.136
270.367 68.718 256.000 256.000 -0.136
268.403 35.400 256.000 256.000 -0.136
266.440 2.082 256.000 256.000 -0.136
264.476 1.000 256.000 256.000 -0.136
262.512 1.000 256.000 256.000 -0.136
260.548 1.000 256.000 256.000 -0.136
258.585 1.000 256.000 256.000 -0.136
1.000 1.000 -0.649 256.000 -0.136
1.000 1.000 -2.484 256.000 -0.136
1.000 1.000 -4.319 249.263 -0.136
1.000 1.000 -6.153 234.014 -0.136
1.000 1.000 -7.988 218.765 -0.136
1.000 1.000 -0.535 256.000 -0.136
1.000 1.000 -2.247 246.840 -0.136
1.000 1.000 -3.959 232.612 -0.136
1.000 1.000 -5.671 218.385 -0.136
1.000 1.000 -7.383 204.157 -0.136
261.297 147.015 256.000 256.000 -0.136
259.587 118.010 256.000 256.000 -0.136
257.878 89.005 256.000 256.000 -0.136
1.000 1.000 -0.428 243.626 -0.136
1.000 1.000 -2.026 230.352 -0.136
1.000 1.000 -3.623 217.077 -0.136
1.000 1.000 -5.220 203.802 -0.136
1.000 1.000 -6.818 190.528 -0.136
264.744 164.324 256.000 256.000 -0.136
263.149 137.262 256.000 256.000 -0.136
261.554 110.199 256.000 256.000 -0.136
259.959 83.137 256.000 256.000 -0.136
258.364 56.074 256.000 256.000 -0.136
1.000 1.000 -0.329 227.354 -0.136
1.000 1.000 -1.819 214.968 -0.136
1.000 1.000 -3.310 202.582 -0.136
1.000 1.000 -4.800 190.196 -0.136
1.000 1.000 -6.291 177.811 -0.136
266.562 178.662 256.000 256.000 -0.136
265.074 153.412 256.000 256.000 -0.136
263.586 128.162 256.000 256.000 -0.136
262.098 102.911 256.000 256.000 -0.136
260.610 77.661 256.000 256.000 -0.136
259.121 52.411 256.000 256.000 -0.136
257.633 27.161 256.000 256.000 -0.136
1.000 1.000 -0.236 212.171 -0.136
1.000 1.000 -1.627 200.614 -0.136
1.000 1.000 -3.018 189.058 -0.136
1.000 1.000 -4.408 177.502 -0.136
1.000 1.000 -5.799 165.945 -0.136
266.955 190.349 256.000 256.000 -0.136
265.566 166.790 256.000 256.000 -0.136
264.178 143.231 256.000 256.000 -0.136
262.789 119.671 256.000 256.000 -0.136
261.401 96.112 256.000 256.000 -0.136
260.012 72.552 256.000 256.000 -0.136
258.623 48.993 256.000 251.916 -0.136
257.235 25.434 256.000 241.134 -0.136
1.000 1.000 -0.150 198.004 -0.136
1.000 1.000 -1.447 187.222 -0.136
1.000 1.000 -2.745 176.439 -0.136
1.000 1.000 -4.042 165.657 -0.136
1.000 1.000 -5.340 154.875 -0.136
266.104 199.676 256.000 256.000 -0.136
264.808 177.694 256.000 256.000 -0.136
263.513 155.712 256.000 256.000 -0.136
262.217 133.731 256.000 256.000 -0.136
260.922 111.749 256.000 256.000 -0.136
259.626 89.767 256.000 255.209 -0.136
258.330 67.786 256.000 245.149 -0.136
257.035 45.804 256.000 235.088 -0.136
1.000 1.000 -0.069 184.787 -0.136
1.000 1.000 -1.280 174.726 -0.136
1.000 1.000 -2.490 164.666 -0.136
1.000 1.000 -3.701 154.606 -0.136
1.000 1.000 -4.912 144.545 -0.136
264.174 206.906 256.000 256.000 -0.136
262.966 186.396 256.000 256.000 -0.136
261.757 165.886 256.000 256.000 -0.136
260.548 145.377 256.000 256.000 -0.136
259.339 124.867 256.000 256.000 -0.136
258.130 104.358 256.000 247.547 -0.136
1.000 1.000 -1.124 163.067 -0.136
1.000 1.000 -2.253 153.681 -0.136
1.000 1.000 -3.383 144.294 -0.136
1.000 1.000 -4.512 134.908 -0.136
261.315 212.278 256.000 256.000 -0.136
260.187 193.142 256.000 256.000 -0.136
259.059 174.006 256.000 256.000 -0.136
257.931 154.870 256.000 256.000 -0.136
1.000 1.000 -0.978 152.189 -0.136
1.000 1.000 -2.032 143.431 -0.136
1.000 1.000 -3.085 134.673 -0.136
1.000 1.000 -4.139 125.915 -0.136
271.430 233.864 256.000 256.000 -0.136
270.378 216.009 256.000 256.000 -0.136
269.326 198.154 256.000 256.000 -0.136
268.273 180.300 256.000 256.000 -0.136
267.221 162.445 256.000 248.270 -0.136
266.169 144.590 256.000 240.098 -0.136
265.116 126.736 256.000 231.927 -0.136
264.064 108.881 256.000 223.755 -0.136
263.012 91.026 256.000 215.584 -0.136
261.959 73.172 256.000 207.412 -0.136
260.907 55.317 256.000 199.241 -0.136
259.855 37.462 256.000 191.069 -0.136
258.802 19.608 256.000 182.898 -0.136
257.750 1.753 256.000 174.726 -0.136
1.000 1.000 -0.842 142.040 -0.136
1.000 1.000 -1.825 133.868 -0.136
1.000 1.000 -2.808 125.697 -0.136
1.000 1.000 -3.791 117.525 -0.136
266.174 234.954 256.000 256.000 -0.136
265.192 218.295 256.000 256.000 -0.136
264.210 201.636 256.000 254.559 -0.136
263.229 184.977 256.000 246.935 -0.136
262.247 168.318 256.000 239.310 -0.136
261.265 151.659 256.000 231.686 -0.136
260.283 135.000 256.000 224.062 -0.136
259.301 118.341 256.000 216.437 -0.136
258.319 101.682 256.000 208.813 -0.136
257.337 85.023 256.000 201.189 -0.136
1.000 1.000 -0.715 132.570 -0.136
1.000 1.000 -1.632 124.946 -0.136
1.000 1.000 -2.550 117.321 -0.136
1.000 1.000 -3.467 109.697 -0.136
272.399 250.398 256.000 256.000 -0.136
271.482 234.855 256.000 256.000 -0.136
270.566 219.311 256.000 251.782 -0.136
269.650 203.768 256.000 244.668 -0.136
268.734 188.225 256.000 237.554 -0.136
267.818 172.681 256.000 230.440 -0.136
266.902 157.138 256.000 223.327 -0.136
265.986 141.595 256.000 216.213 -0.136
265.070 126.051 256.000 209.099 -0.136
264.154 110.508 256.000 201.985 -0.136
263.238 94.964 256.000 194.872 -0.136
262.321 79.421 256.000 187.758 -0.136
261.405 63.878 256.000 180.644 -0.136
260.489 48.334 256.000 173.530 -0.136
259.573 32.791 256.000 166.417 -0.136
258.657 17.247 256.000 159.303 -0.136
257.741 1.704 256.000 152.189 -0.136
261.326 250.398 256.000 256.000 -0.136
260.409 234.855 256.000 256.000 -0.136
259.493 219.311 256.000 251.782 -0.136
258.577 203.768 256.000 244.668 -0.136
257.661 188.225 256.000 237.554 -0.136
1.000 1.000 -0.596 123.734 -0.136
1.000 1.000 -1.452 116.621 -0.136
1.000 1.000 -2.308 109.507 -0.136
1.000 1.000 -3.164 102.393 -0.136
265.414 248.224 256.000 254.875 -0.136
264.559 233.722 256.000 248.237 -0.136
263.705 219.219 256.000 241.600 -0.136
262.850 204.717 256.000 234.963 -0.136
261.995 190.214 256.000 228.325 -0.136
261.140 175.712 256.000 221.688 -0.136
260.286 161.209 256.000 215.051 -0.136
259.431 146.707 256.000 208.413 -0.136
258.576 132.204 256.000 201.776 -0.136
257.721 117.702 256.000 195.139 -0.136
1.000 1.000 -0.486 115.490 -0.136
1.000 1.000 -1.284 108.853 -0.136
1.000 1.000 -2.083 102.216 -0.136
1.000 1.000 -2.882 95.578 -0.136
268.586 258.756 256.000 250.234 -0.136
267.788 245.225 256.000 244.041 -0.136
266.991 231.693 256.000 237.849 -0.136
266.193 218.162 256.000 231.656 -0.136
265.395 204.631 256.000 225.463 -0.136
264.598 191.100 256.000 219.270 -0.136
263.800 177.568 256.000 213.077 -0.136
263.003 164.037 256.000 206.884 -0.136
262.205 150.506 256.000 200.691 -0.136
261.408 136.974 256.000 194.499 -0.136
260.610 123.443 256.000 188.306 -0.136
259.813 109.912 256.000 182.113 -0.136
259.015 96.380 256.000 175.920 -0.136
258.218 82.849 256.000 169.727 -0.136
257.420 69.318 256.000 163.534 -0.136
1.000 258.756 16.757 250.234 -0.136
1.000 245.225 16.012 244.041 -0.136
1.000 1.000 -0.383 107.798 -0.136
1.000 1.000 -1.128 101.605 -0.136
1.000 1.000 -1.873 95.413 -0.136
1.000 1.000 -2.618 89.220 -0.136
270.147 266.770 256.000 245.075 -0.136
269.403 254.145 256.000 239.297 -0.136
268.658 241.520 256.000 233.519 -0.136
267.914 228.895 256.000 227.741 -0.136
267.170 216.270 256.000 221.963 -0.136
266.426 203.644 256.000 216.185 -0.136
265.682 191.019 256.000 210.406 -0.136
264.938 178.394 256.000 204.628 -0.136
264.194 165.769 256.000 198.850 -0.136
263.450 153.144 256.000 193.072 -0.136
262.706 140.519 256.000 187.294 -0.136
261.961 127.894 256.000 181.516 -0.136
261.217 115.268 256.000 175.737 -0.136
260.473 102.643 256.000 169.959 -0.136
259.729 90.018 256.000 164.181 -0.136
258.985 77.393 256.000 158.403 -0.136
258.241 64.768 256.000 152.625 -0.136
257.497 52.143 256.000 146.847 -0.136
1.000 266.770 17.096 245.075 -0.136
1.000 254.145 16.401 239.297 -0.136
1.000 241.520 15.705 233.519 -0.136
1.000 228.895 15.010 227.741 -0.136
1.000 1.000 -0.286 100.622 -0.136
1.000 1.000 -0.982 94.843 -0.136
1.000 1.000 -1.677 89.065 -0.136
1.000 1.000 -2.372 83.287 -0.136
270.299 272.557 256.000 239.488 -0.136
269.605 260.777 256.000 234.097 -0.136
268.910 248.997 256.000 228.705 -0.136
268.216 237.218 256.000 223.314 -0.136
267.522 225.438 256.000 217.923 -0.136
266.828 213.658 256.000 212.532 -0.136
266.133 201.879 256.000 207.141 -0.136
265.439 190.099 256.000 201.749 -0.136
264.745 178.319 256.000 196.358 -0.136
264.050 166.540 256.000 190.967 -0.136
263.356 154.760 256.000 185.576 -0.136
262.662 142.980 256.000 180.185 -0.136
261.968 131.201 256.000 174.793 -0.136
261.273 119.421 256.000 169.402 -0.136
260.579 107.641 256.000 164.011 -0.136
259.885 95.862 256.000 158.620 -0.136
259.190 84.082 256.000 153.229 -0.136
258.496 72.302 256.000 147.837 -0.136
257.802 60.523 256.000 142.446 -0.136
257.108 48.743 256.000 137.055 -0.136
1.000 272.557 17.319 239.488 -0.136
1.000 260.777 16.670 234.097 -0.136
1.000 248.997 16.022 228.705 -0.136
1.000 237.218 15.373 223.314 -0.136
1.000 225.438 14.724 217.923 -0.136
1.000 213.658 14.075 212.532 -0.136
1.000 1.000 -0.196 93.925 -0.136
1.000 1.000 -0.845 88.534 -0.136
1.000 1.000 -1.494 83.143 -0.136
1.000 1.000 -2.143 77.752 -0.136
269.224 276.378 256.000 233.553 -0.136
268.576 265.387 256.000 228.522 -0.136
267.929 254.396 256.000 223.492 -0.136
267.281 243.406 256.000 218.462 -0.136
266.633 232.415 256.000 213.432 -0.136
265.985 221.424 256.000 208.402 -0.136
265.337 210.433 256.000 203.372 -0.136
264.690 199.442 256.000 198.341 -0.136
264.042 188.451 256.000 193.311 -0.136
263.394 177.461 256.000 188.281 -0.136
262.746 166.470 256.000 183.251 -0.136
262.098 155.479 256.000 178.221 -0.136
261.451 144.488 256.000 173.190 -0.136
260.803 133.497 256.000 168.160 -0.136
260.155 122.506 256.000 163.130 -0.136
259.507 111.516 256.000 158.100 -0.136
258.860 100.525 256.000 153.070 -0.136
258.212 89.534 256.000 148.040 -0.136
257.564 78.543 256.000 143.009 -0.136
1.000 276.378 17.440 233.553 -0.136
1.000 265.387 16.835 228.522 -0.136
1.000 254.396 16.230 223.492 -0.136
1.000 243.406 15.625 218.462 -0.136
1.000 232.415 15.019 213.432 -0.136
1.000 221.424 14.414 208.402 -0.136
1.000 210.433 13.809 203.372 -0.136
1.000 199.442 13.203 198.341 -0.136
1.000 1.000 -0.113 87.677 -0.136
1.000 1.000 -0.718 82.647 -0.136
1.000 1.000 -1.323 77.617 -0.136
1.000 1.000 -1.929 72.587 -0.136
258.711 233.864 256.000 256.000 -0.147
257.658 216.009 256.000 256.000 -0.147
258.946 258.756 256.000 250.234 -0.147
258.148 245.225 256.000 244.041 -0.147
257.351 231.693 256.000 237.849 -0.147
1.000 258.756 26.397 250.234 -0.147
1.000 245.225 25.651 244.041 -0.147
261.153 266.770 256.000 245.075 -0.147
260.408 254.145 256.000 239.297 -0.147
259.664 241.520 256.000 233.519 -0.147
1.000 266.770 26.090 245.075 -0.147
1.000 254.145 25.395 239.297 -0.147
1.000 241.520 24.699 233.519 -0.147
261.907 272.557 256.000 239.488 -0.147
261.213 260.777 256.000 234.097 -0.147
260.519 248.997 256.000 228.705 -0.147
1.000 272.557 25.711 239.488 -0.147
1.000 260.777 25.062 234.097 -0.147
1.000 248.997 24.413 228.705 -0.147
261.394 276.378 256.000 233.553 -0.147
260.746 265.387 256.000 228.522 -0.147
260.099 254.396 256.000 223.492 -0.147
1.000 276.378 25.270 233.553 -0.147
1.000 265.387 24.665 228.522 -0.147
1.000 254.396 24.060 223.492 -0.147
259.824 237.218 256.000 223.314 -0.148
258.920 228.895 256.000 227.741 -0.148
259.451 243.406 256.000 218.462 -0.149
256.125 213.658 256.000 212.532 -0.151
1.000 243.406 23.454 218.462 -0.157
258.155 221.424 256.000 208.402 -0.159
1.000 228.895 24.004 227.741 -0.160
1.000 240.307 28.934 219.955 -0.162
258.176 216.270 256.000 221.963 -0.162
257.432 203.644 256.000 216.185 -0.162
259.130 225.438 256.000 217.923 -0.162
257.741 201.879 256.000 207.141 -0.162
257.047 190.099 256.000 201.749 -0.162
258.803 232.415 256.000 213.432 -0.162
257.508 210.433 256.000 203.372 -0.162
256.860 199.442 256.000 198.341 -0.162
252.445 237.947 256.000 228.761 -0.202
151.776 276.378 181.868 233.553 -0.215
248.044 221.075 256.000 212.709 -0.220
257.173 237.442 256.000 235.602 -0.236
247.289 250.375 256.000 234.124 -0.240
253.147 241.520 256.000 233.519 -0.246
248.192 219.364 256.000 216.674 -0.247
145.931 258.413 181.165 256.000 -0.248
1.000 254.145 31.912 239.297 -0.255
249.580 242.923 256.000 227.456 -0.259
1.000 263.906 36.933 240.317 -0.261
1.000 271.576 35.921 235.822 -0.262
152.813 272.557 185.156 239.488 -0.269
255.073 265.387 256.000 228.522 -0.276
249.893 248.729 256.000 222.327 -0.277
1.000 265.387 30.339 228.522 -0.277
1.000 213.315 32.136 200.237 -0.277
1.000 260.777 31.143 234.097 -0.278
146.958 273.280 175.332 246.414 -0.281
146.968 278.631 173.351 240.737 -0.282
1.000 277.040 34.883 230.854 -0.283
143.946 276.378 174.038 233.553 -0.283
1.000 204.968 33.069 203.781 -0.285
1.000 237.011 39.375 214.887 -0.285
265.120 174.063 256.000 256.000 -0.287
2.734 251.779 46.943 248.799 -0.288
153.955 258.413 189.189 256.000 -0.290
151.504 265.733 182.019 251.669 -0.293
1.000 225.438 29.197 217.923 -0.295
255.132 260.777 256.000 234.097 -0.296
250.276 258.951 256.000 230.044 -0.297
253.344 270.711 256.000 232.387 -0.298
255.773 261.965 256.000 254.329 -0.298
1.000 237.218 29.846 223.314 -0.298
1.000 280.562 33.829 225.497 -0.300
155.952 273.280 184.326 246.414 -0.300
1.000 213.658 28.548 212.532 -0.301
258.137 272.557 256.000 239.488 -0.304
1.000 246.288 33.952 215.328 -0.307
1.000 254.396 29.734 223.492 -0.310
253.129 232.415 256.000 213.432 -0.313
10.152 272.557 42.495 239.488 -0.317
157.547 257.661 175.071 256.000 -0.319
155.835 265.733 186.350 251.669 -0.321
1.000 232.415 28.523 213.432 -0.323
1.000 191.334 30.925 190.177 -0.326
132.495 278.631 158.878 240.737 -0.329
1.000 246.325 34.530 224.266 -0.331
4.110 260.260 45.260 243.736 -0.335
157.218 256.315 208.845 254.617 -0.337
131.446 273.280 159.820 246.414 -0.340
1.433 244.514 27.403 237.339 -0.347
129.672 286.229 160.233 226.663 -0.349
1.000 222.725 25.979 203.481 -0.349
129.786 274.147 149.705 249.371 -0.352
15.299 258.756 52.661 250.234 -0.353
162.549 258.756 199.911 250.234 -0.353
12.600 262.344 36.190 248.498 -0.362
157.450 276.378 187.541 233.553 -0.362
240.435 260.260 256.000 243.736 -0.363
230.213 256.929 256.000 238.882 -0.365
251.186 199.442 256.000 198.341 -0.367
177.749 264.329 221.513 256.000 -0.369
65.966 260.583 89.057 256.000 -0.374
13.105 260.260 54.254 243.736 -0.374
119.549 268.475 140.995 255.668 -0.382
240.266 266.483 256.000 238.239 -0.383
106.020 228.895 140.928 227.741 -0.383
243.358 270.711 256.000 232.387 -0.383
110.100 272.195 134.160 241.608 -0.385
102.462 272.557 134.805 239.488 -0.386
169.534 258.756 206.896 250.234 -0.388
142.917 273.280 171.291 246.414 -0.391
148.055 284.705 168.478 241.986 -0.392
239.093 261.223 256.000 245.784 -0.393
60.503 272.557 92.846 239.488 -0.398
103.914 231.143 142.353 222.065 -0.399
110.854 272.557 143.197 239.488 -0.399
64.419 261.965 92.253 254.329 -0.400
158.894 272.557 191.237 239.488 -0.401
19.605 268.073 45.484 248.121 -0.402
168.482 260.260 209.631 243.736 -0.402
113.182 228.231 137.413 221.487 -0.402
103.893 258.951 145.632 230.044 -0.404
113.617 272.195 137.678 241.608 -0.404
106.151 237.738 141.931 217.296 -0.405
49.334 266.770 84.096 245.075 -0.407
109.216 263.669 123.735 256.000 -0.408
106.787 265.261 145.639 225.463 -0.408
125.979 277.862 144.479 242.774 -0.409
38.862 266.483 77.165 238.239 -0.410
132.158 263.669 146.676 256.000 -0.411
131.801 266.851 158.229 235.346 -0.412
112.537 228.895 147.446 227.741 -0.412
109.493 252.202 140.061 245.477 -0.415
145.951 277.862 164.451 242.774 -0.416
167.423 273.280 195.797 246.414 -0.416
145.738 260.583 168.829 256.000 -0.417
45.293 266.770 80.055 245.075 -0.421
128.772 252.202 159.340 245.477 -0.422
96.455 214.565 144.728 211.371 -0.422
98.802 253.744 146.916 244.246 -0.423
116.478 252.202 147.046 245.477 -0.423
166.486 268.355 173.436 246.964 -0.423
49.798 265.733 80.314 251.669 -0.426
101.896 236.844 146.788 227.931 -0.427
98.728 262.344 122.319 248.498 -0.430
120.394 233.700 162.230 218.488 -0.431
182.724 264.329 226.488 256.000 -0.432
104.300 263.903 146.026 219.301 -0.433
251.622 241.771 256.000 226.688 -0.437
100.648 229.866 152.385 226.496 -0.444
44.943 266.483 83.246 238.239 -0.445
34.308 251.779 78.516 248.799 -0.445
114.852 237.218 147.332 223.314 -0.446
108.185 258.580 144.392 215.437 -0.447
106.662 228.720 156.994 208.146 -0.448
19.659 272.195 43.720 241.608 -0.449
134.317 255.850 155.812 249.889 -0.450
110.411 258.951 152.149 230.044 -0.450
242.549 241.836 256.000 185.989 -0.450
117.695 250.588 137.705 238.588 -0.453
69.077 265.733 99.593 251.669 -0.454
163.721 257.884 177.222 252.613 -0.455
135.317 266.871 153.859 237.743 -0.456
43.981 273.280 72.356 246.414 -0.458
6.096 254.145 40.906 239.297 -0.460
177.729 266.770 212.491 245.075 -0.460
1.595 242.923 39.989 227.456 -0.460
122.183 241.701 161.126 214.681 -0.460
95.958 257.515 121.333 255.506 -0.462
242.881 226.882 256.000 196.824 -0.463
246.515 238.581 256.000 222.104 -0.464
7.828 241.520 42.688 233.519 -0.465
110.558 265.261 149.410 225.463 -0.465
181.954 282.046 206.484 234.718 -0.468
51.222 287.713 70.192 235.884 -0.469
64.262 266.527 93.884 240.442 -0.470
176.504 261.999 208.343 246.872 -0.473
122.735 255.536 152.399 235.412 -0.474
251.798 247.654 256.000 221.610 -0.476
226.487 260.260 256.000 243.736 -0.478
1.000 148.985 52.910 141.694 -0.478
98.894 217.364 146.287 206.345 -0.479
40.185 278.631 66.567 240.737 -0.479
107.508 228.231 131.739 221.487 -0.479
3.503 259.720 39.198 227.357 -0.480
32.562 250.375 77.401 234.124 -0.480
27.593 258.756 64.955 250.234 -0.481
243.064 238.735 256.000 191.742 -0.481
173.729 268.011 191.759 249.663 -0.482
262.460 196.627 256.000 240.440 -0.483
21.848 26.572 15.757 177.080 -0.483
238.869 245.225 256.000 244.041 -0.485
100.706 265.261 139.558 225.463 -0.485
191.238 278.631 217.620 240.737 -0.485
236.470 235.010 256.000 232.180 -0.487
54.627 257.884 68.128 252.613 -0.487
71.206 272.557 103.548 239.488 -0.489
86.740 268.073 112.619 248.121 -0.490
249.819 280.221 256.000 250.620 -0.490
57.170 265.387 87.304 228.522 -0.493
235.505 247.407 256.000 218.823 -0.493
136.787 219.364 175.272 216.674 -0.494
12.399 241.897 39.213 229.838 -0.494
60.043 283.530 72.981 243.939 -0.494
55.442 270.711 91.094 232.387 -0.496
84.884 261.965 112.718 254.329 -0.498
99.145 232.280 134.116 227.595 -0.498
158.649 257.554 166.829 256.000 -0.499
167.643 257.554 175.823 256.000 -0.501
157.876 263.958 165.416 253.862 -0.503
19.622 260.260 60.772 243.736 -0.503
1.000 225.695 46.238 222.801 -0.508
253.868 251.973 256.000 199.391 -0.508
34.633 260.777 67.021 234.097 -0.509
158.656 268.355 165.606 246.964 -0.510
120.799 230.117 147.658 224.447 -0.510
243.848 157.029 256.000 134.600 -0.511
111.614 250.588 131.624 238.588 -0.512
105.657 254.396 135.834 223.492 -0.515
151.664 229.290 173.846 224.641 -0.515
5.086 226.848 46.947 210.762 -0.516
121.466 250.588 141.475 238.588 -0.518
242.420 254.145 256.000 239.297 -0.518
107.691 275.238 138.295 221.633 -0.519
19.473 239.815 67.648 222.927 -0.522
183.993 260.260 225.143 243.736 -0.522
250.112 256.293 256.000 242.730 -0.524
63.181 256.293 89.106 242.730 -0.524
192.930 277.862 211.430 242.774 -0.524
245.799 227.179 256.000 198.638 -0.525
37.475 272.195 61.535 241.608 -0.525
8.403 242.104 38.897 223.383 -0.527
99.853 258.951 141.591 230.044 -0.527
49.929 258.951 91.667 230.044 -0.528
108.337 232.280 143.308 227.595 -0.530
31.030 282.046 55.561 234.718 -0.530
238.675 266.527 256.000 240.442 -0.532
181.861 265.043 223.074 231.221 -0.532
115.518 246.105 163.360 201.186 -0.534
168.903 260.777 201.291 234.097 -0.534
134.053 232.466 155.788 217.664 -0.535
12.284 246.305 37.404 198.225 -0.536
75.890 261.965 103.724 254.329 -0.537
22.922 250.375 67.761 234.124 -0.537
102.508 252.202 133.076 245.477 -0.538
116.235 264.247 146.881 216.602 -0.538
82.970 268.073 108.849 248.121 -0.538
228.790 261.965 256.000 254.329 -0.539
173.196 260.655 201.619 240.636 -0.540
43.816 259.555 76.753 221.321 -0.540
140.293 232.205 182.445 224.140 -0.540
9.921 231.512 36.486 219.172 -0.541
31.793 278.631 58.176 240.737 -0.542
13.719 229.070 30.117 191.826 -0.542
82.542 287.713 101.511 235.884 -0.542
2.855 248.729 38.592 222.327 -0.543
250.389 261.204 256.000 236.578 -0.543
245.250 153.984 256.000 144.225 -0.544
58.640 252.202 89.208 245.477 -0.545
190.333 224.504 192.487 214.248 -0.549
48.176 242.923 86.570 227.456 -0.550
6.663 235.010 47.911 232.180 -0.550
172.372 221.541 209.371 211.341 -0.550
217.733 258.756 255.095 250.234 -0.551
90.128 272.195 114.188 241.608 -0.552
86.610 272.195 110.670 241.608 -0.553
239.575 157.419 256.000 139.312 -0.554
13.557 218.291 43.246 185.024 -0.555
172.159 268.355 179.110 246.964 -0.556
100.665 225.715 136.105 203.156 -0.557
227.479 268.475 248.925 255.668 -0.557
160.100 259.720 195.795 227.357 -0.558
236.760 252.912 256.000 214.271 -0.559
138.966 241.701 177.909 214.681 -0.561
251.006 194.573 256.000 177.656 -0.563
221.673 259.106 234.625 256.000 -0.563
51.740 254.540 73.824 236.197 -0.564
253.186 216.910 256.000 175.663 -0.564
34.822 259.720 70.517 227.357 -0.565
215.406 272.195 239.466 241.608 -0.565
11.565 211.042 44.980 205.031 -0.566
46.316 248.729 82.054 222.327 -0.566
130.526 228.895 165.434 227.741 -0.568
51.946 242.923 90.340 227.456 -0.568
133.103 252.202 163.671 245.477 -0.571
182.202 228.709 206.598 208.177 -0.571
254.765 213.467 256.000 168.971 -0.573
229.923 277.862 248.423 242.774 -0.574
135.088 246.514 153.838 209.690 -0.575
173.103 204.016 208.567 201.169 -0.577
49.834 248.729 85.571 222.327 -0.581
111.790 218.983 142.881 201.403 -0.581
163.877 232.225 192.929 204.495 -0.581
36.486 255.072 62.959 229.955 -0.582
23.831 247.635 65.030 237.958 -0.582
17.241 225.715 52.681 203.156 -0.583
165.368 266.851 191.796 235.346 -0.583
193.287 261.999 225.126 246.872 -0.583
165.701 225.214 205.053 205.636 -0.584
220.760 258.864 228.351 256.000 -0.584
217.637 272.557 249.980 239.488 -0.584
154.211 241.520 189.071 233.519 -0.585
72.949 267.165 94.984 241.975 -0.587
226.533 266.527 256.000 240.442 -0.587
226.855 261.999 256.000 246.872 -0.590
250.791 230.921 256.000 189.786 -0.590
233.528 257.260 234.923 256.000 -0.590
171.705 222.821 205.073 210.422 -0.593
