10.211 53.399 97.363 110.627 -0.960
72.690 60.836 250.547 109.191 -1.000
90.133 13.008 194.792 79.213 -1.039
23.699 175.212 112.611 224.548 -1.043
61.990 64.895 256.000 164.757 -1.085
15.989 31.605 160.353 120.167 -1.091
1.000 202.397 115.068 256.000 -1.097
162.076 200.502 256.000 256.000 -1.101
141.904 161.805 253.757 228.716 -1.116
108.548 183.435 255.189 256.000 -1.118
47.518 108.459 256.000 249.387 -1.121
1.000 157.904 87.180 209.056 -1.131
1.000 79.901 91.652 151.971 -1.171
1.000 133.539 81.259 178.887 -1.195
