70.321 162.436 152.377 256.000 -1.038
47.497 92.097 79.637 124.003 -1.072
27.649 3.601 96.219 125.658 -1.093
94.402 63.503 145.808 161.460 -1.094
164.646 59.024 238.218 181.688 -1.102
147.402 1.968 200.563 103.148 -1.107
115.359 131.549 200.945 256.000 -1.108
4.074 123.852 129.247 238.064 -1.113
1.000 7.218 77.911 181.128 -1.120
18.227 77.933 199.090 246.167 -1.120
101.655 35.185 170.690 89.698 -1.168
71.778 26.754 140.855 104.160 -1.176
206.826 3.463 243.153 87.850 -1.194
1.000 21.210 168.257 141.472 -1.233
1.000 1.000 256.000 247.533 -1.247
