4.842 2.469 114.378 80.147 -0.946
171.888 160.410 245.652 256.000 -1.015
35.153 138.311 120.260 247.615 -1.042
12.963 82.261 94.193 220.603 -1.059
140.922 100.901 189.018 165.718 -1.069
107.750 158.800 177.232 232.846 -1.072
77.474 68.746 156.616 141.626 -1.073
146.508 3.817 203.626 66.206 -1.073
198.540 3.246 256.000 103.824 -1.087
128.951 1.000 237.067 119.048 -1.088
77.782 172.919 159.949 254.622 -1.097
1.000 1.000 126.921 235.009 -1.105
111.073 76.724 256.000 246.272 -1.112
1.000 1.000 249.898 256.000 -1.120
