147.699 1.000 256.000 80.524 1.828
1.000 1.000 256.000 195.315 1.813
1.000 181.249 253.101 256.000 1.805
1.000 257.416 104.265 256.000 1.597
2.031 259.145 77.692 256.000 1.534
68.362 261.777 159.642 256.000 1.525
1.000 258.306 87.283 256.000 1.496
1.592 261.513 82.762 256.000 1.467
14.314 262.624 87.858 256.000 1.370
1.000 257.137 69.259 256.000 1.369
96.256 263.241 177.814 256.000 1.318
115.934 257.001 205.313 256.000 1.314
115.031 257.519 192.886 256.000 1.278
113.425 258.997 219.784 256.000 1.228
29.550 261.140 151.459 256.000 1.223
44.423 258.830 121.370 256.000 1.190
83.142 266.366 146.868 256.000 1.187
116.973 262.783 185.854 256.000 1.168
90.724 263.702 155.627 256.000 1.157
82.499 261.039 188.235 256.000 1.153
149.014 259.974 226.817 256.000 1.073
89.024 264.102 153.730 256.000 1.073
76.746 263.890 143.007 256.000 1.049
169.502 258.872 249.502 256.000 1.017
75.425 261.739 141.639 256.000 0.993
84.163 271.545 191.057 256.000 0.972
57.906 257.210 136.118 256.000 0.824
44.672 271.031 135.849 256.000 0.762
38.195 266.766 128.882 256.000 0.664
53.805 262.600 125.265 256.000 0.614
43.305 272.207 118.933 256.000 0.572
31.456 260.698 115.388 256.000 0.537
38.155 269.099 112.032 256.000 0.499
45.348 264.988 120.005 256.000 0.467
71.217 259.776 131.734 256.000 0.265
137.495 263.284 196.917 256.000 0.020
