182.485 191.329 254.646 254.597 -0.913
1.000 151.605 64.822 199.228 -0.959
17.091 173.055 143.821 251.510 -0.960
89.671 78.238 157.873 121.566 -1.049
144.557 71.145 245.560 136.692 -1.104
1.000 87.781 189.389 208.328 -1.110
146.458 97.884 256.000 181.982 -1.169
32.070 142.281 238.611 256.000 -1.195
21.638 60.327 91.983 104.436 -1.195
54.515 24.698 146.309 79.883 -1.208
1.000 60.349 256.000 256.000 -1.227
3.151 12.589 76.410 65.150 -1.301
124.575 7.515 196.747 56.227 -1.309
1.000 7.430 109.121 88.640 -1.312
11.165 1.000 256.000 108.858 -1.325
