153.232 85.121 240.827 141.674 -0.933
103.629 144.576 167.285 181.119 -0.954
32.818 192.281 126.827 256.000 -1.096
74.782 175.168 163.336 239.485 -1.113
18.826 123.646 146.364 206.875 -1.131
26.211 78.815 140.671 162.389 -1.136
46.452 44.606 105.117 82.899 -1.137
123.838 6.671 256.000 111.178 -1.139
111.304 90.568 234.547 163.970 -1.143
66.386 26.589 256.000 152.606 -1.159
58.561 91.803 256.000 210.855 -1.162
1.000 44.941 256.000 254.996 -1.182
54.540 1.000 114.696 34.944 -1.243
1.000 11.338 65.204 56.379 -1.377
19.704 1.000 83.681 31.412 -1.386
96.349 1.000 156.804 32.823 -1.408
24.710 1.000 167.321 56.443 -1.465
1.000 1.000 208.947 78.238 -1.655
174.982 1.000 251.227 8.984 -1.833
246.596 1.000 256.000 10.057 -1.847
