2.815 35.535 118.877 234.620 -0.265
107.093 134.659 171.462 188.229 -0.822
99.610 184.139 204.190 256.000 -0.978
172.597 112.907 251.499 207.631 -0.995
7.224 1.000 72.022 39.231 -0.998
123.034 13.311 246.464 153.070 -1.004
86.619 89.448 153.373 134.445 -1.023
70.869 119.437 169.930 192.826 -1.029
182.728 170.234 254.686 253.180 -1.036
73.320 116.917 200.505 256.000 -1.037
151.579 101.213 256.000 256.000 -1.040
66.474 11.811 247.896 215.755 -1.059
12.341 218.328 85.586 256.000 -1.066
210.955 1.000 256.000 27.379 -1.124
1.000 212.287 19.238 256.000 -1.133
171.703 1.000 224.090 17.350 -1.141
242.097 73.533 256.000 126.831 -1.141
243.079 19.224 256.000 75.669 -1.148
1.000 210.873 132.606 256.000 -1.148
25.015 1.000 124.108 68.053 -1.150
1.000 3.565 33.158 63.616 -1.157
123.892 1.000 169.424 15.015 -1.165
141.738 1.000 197.904 18.429 -1.184
94.571 1.000 155.043 21.286 -1.191
241.084 36.368 256.000 110.866 -1.219
