31.482 113.302 187.404 224.112 -1.067
130.134 128.972 250.439 197.814 -1.091
48.449 211.375 101.855 255.421 -1.105
173.599 84.035 221.289 113.583 -1.106
163.697 64.557 232.480 168.140 -1.113
20.277 67.328 211.514 254.198 -1.124
211.683 184.298 246.900 245.201 -1.158
177.463 184.648 249.085 233.640 -1.166
163.340 50.246 256.000 237.052 -1.182
1.000 5.192 127.808 134.678 -1.237
118.991 20.263 243.859 128.590 -1.247
1.000 142.981 17.812 143.635 -1.267
23.779 206.057 211.639 202.488 -1.270
1.000 129.031 21.107 145.244 -1.284
