107.859 113.040 164.349 183.401 -0.962
95.871 138.512 159.939 254.672 -1.079
167.518 167.789 221.507 238.759 -1.082
69.675 124.125 114.187 204.325 -1.084
1.000 108.981 45.637 204.905 -1.089
126.681 88.618 184.024 185.334 -1.093
194.533 94.861 239.329 165.574 -1.113
145.381 151.376 241.880 256.000 -1.132
1.000 26.503 109.452 256.000 -1.136
160.447 97.207 256.000 225.410 -1.144
176.701 41.430 224.334 142.625 -1.146
59.691 130.827 256.000 256.000 -1.147
155.728 23.093 206.480 121.223 -1.154
217.799 15.724 256.000 94.385 -1.178
111.289 19.400 184.184 151.980 -1.220
1.000 34.781 254.326 256.000 -1.220
