37.141 221.141 114.210 249.741 -0.640
120.064 30.719 193.062 79.855 -1.088
63.266 210.802 138.303 256.000 -1.110
4.635 220.265 76.392 256.000 -1.114
88.798 128.316 176.263 187.343 -1.161
119.874 183.352 201.004 241.376 -1.175
43.763 159.572 202.568 252.508 -1.190
178.336 24.808 244.520 67.451 -1.206
125.134 72.083 227.412 137.726 -1.209
173.094 140.605 247.905 193.665 -1.229
183.980 168.301 256.000 221.073 -1.241
162.508 1.000 226.011 45.317 -1.251
190.062 99.698 256.000 146.439 -1.251
17.029 133.826 85.842 181.175 -1.272
90.974 13.817 256.000 149.044 -1.281
152.907 159.471 256.000 234.151 -1.283
14.512 174.830 67.033 224.104 -1.292
1.000 56.000 87.408 115.041 -1.314
1.000 33.475 55.837 75.820 -1.336
102.858 120.380 238.517 198.558 -1.356
