32.626 101.999 203.932 204.758 -0.356
165.792 148.147 256.000 180.733 -0.988
1.919 6.041 102.430 73.752 -0.993
39.616 4.951 177.068 51.998 -1.022
188.748 79.268 256.000 145.148 -1.023
204.791 166.369 256.000 224.569 -1.036
1.000 106.116 46.276 159.812 -1.038
23.609 227.014 105.657 256.000 -1.040
4.721 132.921 256.000 232.197 -1.051
3.167 67.440 74.469 135.467 -1.054
22.712 43.044 244.044 126.986 -1.057
142.445 62.210 256.000 193.219 -1.093
1.048 50.668 146.578 184.189 -1.125
62.779 231.709 167.586 256.000 -1.128
140.659 224.022 245.263 256.000 -1.139
27.441 212.641 147.304 255.696 -1.147
209.362 19.381 256.000 70.986 -1.152
1.000 48.793 256.000 256.000 -1.153
136.169 1.529 211.354 70.525 -1.156
12.432 6.210 204.761 74.875 -1.176
