50.989 160.846 127.715 199.353 -1.031
1.000 194.605 75.025 256.000 -1.093
69.994 111.233 134.347 184.129 -1.114
166.897 196.170 233.173 256.000 -1.117
1.000 136.494 110.469 237.547 -1.117
143.809 162.906 254.695 256.000 -1.123
183.499 123.510 239.903 177.946 -1.170
26.640 57.320 253.836 256.000 -1.173
1.000 59.052 36.506 112.246 -1.220
133.684 9.346 188.013 68.570 -1.231
110.073 1.000 160.255 43.170 -1.344
1.000 1.000 53.447 65.232 -1.373
66.800 1.000 207.629 106.494 -1.379
206.519 4.569 256.000 55.393 -1.380
175.807 1.000 249.426 77.490 -1.420
1.000 37.870 44.989 124.986 -1.435
