160.135 1.000 179.988 28.206 -0.279
48.446 1.000 256.000 98.311 -0.301
244.373 1.000 199.091 17.148 -0.302
275.951 1.000 255.872 2.029 -0.326
243.735 1.000 194.927 28.989 -0.328
1.000 1.000 24.779 39.263 -0.344
176.483 1.000 149.970 22.897 -0.349
408.494 1.000 256.000 -1.459 -0.358
276.680 1.000 256.000 11.000 -0.360
216.304 141.125 256.000 182.988 -0.361
289.753 1.000 256.000 12.981 -0.361
12.016 1.000 41.562 26.242 -0.361
373.386 1.000 256.000 56.228 -0.362
468.786 1.000 256.000 80.364 -0.363
271.391 1.000 253.720 46.238 -0.364
1.000 1.000 85.939 21.373 -0.364
1.000 1.000 -51.395 121.014 -0.367
26.328 16.543 256.000 204.460 -0.367
323.694 1.000 256.000 29.440 -0.368
319.480 1.000 256.000 15.823 -0.369
1.000 95.985 21.297 132.672 -0.370
1.000 1.000 9.890 119.564 -0.371
360.184 1.000 256.000 31.736 -0.373
1.000 1.000 -44.076 141.582 -0.374
1.000 1.000 42.108 99.755 -0.374
287.425 1.000 256.000 82.921 -0.383
257.421 1.000 248.213 34.038 -0.384
340.670 1.000 256.000 19.971 -0.385
358.826 1.000 256.000 13.440 -0.385
336.715 1.000 256.000 8.088 -0.385
344.453 1.000 256.000 69.889 -0.386
269.075 1.000 256.000 24.145 -0.387
1.000 120.110 24.812 162.113 -0.388
109.144 1.000 82.018 20.868 -0.389
264.895 1.000 256.000 36.183 -0.390
1.000 1.000 -176.160 146.694 -0.390
241.135 1.000 194.958 27.057 -0.391
396.514 1.000 256.000 40.455 -0.392
312.674 1.000 157.664 44.246 -0.394
423.520 1.000 256.000 48.444 -0.395
1.000 106.319 -21.834 165.114 -0.397
304.502 1.000 256.000 14.374 -0.398
389.765 1.000 256.000 85.413 -0.398
1.000 1.000 -5.275 23.272 -0.398
210.196 1.000 119.489 7.765 -0.398
376.061 1.000 256.000 43.698 -0.398
266.608 1.000 236.883 4.887 -0.401
279.506 1.000 256.000 8.513 -0.402
285.225 1.000 256.000 101.498 -0.402
304.894 1.000 256.000 73.422 -0.403
359.837 1.000 256.000 44.901 -0.404
362.087 1.000 256.000 98.771 -0.405
1.000 1.000 -19.184 38.658 -0.407
317.470 1.000 256.000 40.986 -0.408
1.000 1.000 -60.548 66.678 -0.408
1.000 1.000 -44.467 68.707 -0.408
1.000 113.867 69.458 256.000 -0.409
87.262 1.000 61.870 22.534 -0.412
1.000 170.159 -21.556 217.976 -0.412
1.000 1.000 -56.394 62.219 -0.412
268.568 1.000 256.000 78.313 -0.413
262.785 161.900 256.000 187.293 -0.413
1.000 1.000 -34.145 38.337 -0.414
1.000 1.000 -51.300 78.909 -0.414
208.164 1.000 168.086 24.163 -0.415
311.110 1.000 256.000 27.648 -0.416
1.000 1.000 93.843 42.922 -0.417
1.000 1.000 -65.000 71.457 -0.417
1.000 1.000 -65.964 78.143 -0.418
263.968 1.000 256.000 33.770 -0.419
1.000 129.893 -15.134 169.974 -0.420
218.830 239.694 256.000 256.000 -0.420
282.772 1.000 256.000 11.908 -0.420
160.941 1.000 95.462 17.697 -0.421
1.000 1.000 -47.765 73.631 -0.421
165.985 208.873 256.000 256.000 -0.421
52.101 72.807 47.891 108.489 -0.422
273.192 1.000 256.000 82.469 -0.422
267.134 1.000 256.000 70.418 -0.422
262.777 96.719 256.000 132.643 -0.424
1.000 96.588 -143.553 256.000 -0.424
1.000 1.000 -57.971 68.717 -0.424
1.000 93.071 -22.192 142.691 -0.425
1.000 174.096 -17.089 215.175 -0.426
1.000 80.719 -66.268 229.500 -0.426
1.000 1.000 -69.771 76.579 -0.426
241.363 1.000 152.278 0.250 -0.427
1.000 39.201 26.703 169.809 -0.427
1.000 110.624 -19.620 165.237 -0.427
1.000 1.000 -94.020 37.310 -0.427
1.000 1.000 -55.983 59.419 -0.427
314.336 1.000 256.000 104.483 -0.429
270.105 1.000 222.024 21.239 -0.430
42.086 241.233 126.105 256.000 -0.430
1.000 127.007 -22.757 189.793 -0.430
1.000 1.000 -100.875 39.982 -0.431
225.744 1.000 212.661 0.639 -0.432
1.000 166.249 -62.119 219.176 -0.432
185.597 1.000 64.973 25.489 -0.432
1.000 96.361 -16.888 143.859 -0.432
241.253 1.000 163.973 15.722 -0.433
1.000 1.000 -76.538 177.318 -0.433
266.867 35.361 256.000 161.002 -0.433
209.757 187.296 256.000 229.307 -0.433
140.974 162.909 256.000 256.000 -0.433
273.243 1.000 252.212 50.412 -0.433
1.000 3.738 -97.653 159.317 -0.434
1.000 177.050 -56.837 238.189 -0.434
423.662 1.000 256.000 47.937 -0.434
235.830 1.000 233.360 75.933 -0.434
1.000 100.830 -24.258 164.123 -0.435
51.232 1.000 44.995 9.583 -0.435
1.000 1.000 -7.739 68.715 -0.435
380.938 1.000 256.000 34.075 -0.435
1.000 1.000 -22.483 43.315 -0.436
218.088 1.000 204.311 20.554 -0.437
1.000 124.268 -31.596 162.154 -0.437
1.000 29.004 -91.959 256.000 -0.438
270.488 1.000 256.000 19.128 -0.438
1.000 1.000 -129.358 102.196 -0.438
311.604 1.000 256.000 15.402 -0.438
165.514 1.000 107.872 14.438 -0.439
1.000 1.000 -80.366 87.951 -0.439
21.699 221.119 256.000 256.000 -0.439
1.000 1.000 -55.088 84.566 -0.440
1.000 1.000 -81.940 60.204 -0.440
1.000 101.689 -35.664 156.454 -0.440
1.000 1.000 -40.400 81.047 -0.441
1.000 27.092 -85.702 245.371 -0.442
1.000 122.370 -41.192 197.652 -0.442
1.000 190.872 -18.666 242.311 -0.443
415.776 1.000 256.000 45.211 -0.443
1.000 76.624 -200.919 234.583 -0.443
1.000 243.177 -13.129 256.000 -0.443
274.777 11.703 256.000 49.009 -0.443
1.000 1.000 -74.885 82.068 -0.444
127.576 259.461 256.000 256.000 -0.444
309.118 1.000 256.000 52.549 -0.444
260.511 1.000 176.023 42.322 -0.445
287.990 1.000 195.117 34.713 -0.445
270.156 51.404 256.000 166.632 -0.446
1.000 112.519 -22.666 158.008 -0.446
258.326 1.000 256.000 20.070 -0.447
1.000 3.517 -91.014 148.654 -0.447
1.000 113.550 -56.309 256.000 -0.447
1.000 1.000 -108.221 42.844 -0.447
1.000 177.513 -61.723 243.303 -0.447
1.000 1.000 -90.415 137.317 -0.447
306.815 1.000 256.000 43.425 -0.448
260.105 1.000 62.841 34.252 -0.448
1.000 1.000 -47.346 78.119 -0.448
154.886 1.000 149.921 20.938 -0.448
273.851 11.969 256.000 40.050 -0.449
259.310 4.068 256.000 45.098 -0.449
1.000 1.000 -97.011 147.166 -0.449
1.000 171.709 -23.819 223.189 -0.449
264.790 1.000 256.000 45.717 -0.449
279.405 1.000 256.000 22.803 -0.450
273.835 1.000 256.000 46.347 -0.450
269.056 1.000 182.150 32.394 -0.450
1.000 107.899 -160.306 235.252 -0.450
1.000 1.000 -13.870 27.139 -0.451
591.948 1.000 256.000 26.791 -0.451
1.000 1.000 -70.008 68.737 -0.451
1.000 1.000 -138.749 109.524 -0.451
1.000 192.449 -19.006 253.966 -0.451
288.799 1.000 256.000 13.136 -0.451
130.035 1.000 91.989 13.217 -0.451
1.000 1.000 -7.122 64.120 -0.451
278.750 1.000 256.000 10.438 -0.451
1.000 134.682 -13.003 186.515 -0.451
1.000 226.097 -5.659 256.000 -0.451
1.000 96.743 -39.030 155.701 -0.452
