112.338 101.678 165.697 243.051 -0.882
49.855 133.485 175.869 251.775 -0.968
68.731 61.752 256.000 252.194 -1.013
22.736 99.784 111.527 177.087 -1.056
28.426 147.265 39.765 219.156 -1.147
1.000 169.708 50.827 212.652 -1.149
37.021 7.713 119.910 194.216 -1.173
19.149 150.568 70.232 235.453 -1.210
142.036 31.466 160.456 50.695 -1.235
1.000 1.000 256.000 125.711 -1.239
1.000 65.176 54.023 212.097 -1.259
1.000 173.523 46.829 256.000 -1.261
1.000 128.716 98.166 222.309 -1.281
197.463 106.050 194.677 122.391 -1.281
61.622 153.973 52.453 207.949 -1.298
