184.218 108.484 231.790 166.716 -1.004
32.885 76.595 127.027 256.000 -1.020
88.262 123.373 190.654 256.000 -1.033
153.806 95.438 206.293 163.340 -1.036
1.642 189.604 55.312 250.638 -1.114
178.595 104.570 249.001 193.539 -1.137
133.776 60.080 183.983 118.638 -1.153
1.000 32.477 47.887 117.026 -1.171
22.928 24.289 158.449 207.088 -1.178
168.415 25.924 224.532 124.220 -1.224
155.401 1.000 206.354 63.850 -1.224
1.401 103.945 222.521 256.000 -1.235
208.623 75.682 256.000 136.658 -1.243
132.617 3.301 196.114 118.874 -1.250
240.431 34.982 256.000 110.723 -1.268
