1.000 164.447 54.996 256.000 -0.311
1.000 4.202 39.622 88.553 -0.348
236.082 14.671 256.000 73.884 -0.352
217.745 7.008 256.000 115.846 -0.359
62.435 204.175 151.677 256.000 -0.359
1.000 138.688 89.561 256.000 -0.363
227.213 81.520 256.000 156.568 -0.370
1.000 43.558 28.114 147.985 -0.382
181.948 223.299 233.620 256.000 -0.392
160.397 13.263 256.000 256.000 -0.395
70.478 1.000 132.239 32.698 -0.398
1.000 1.000 63.024 116.884 -0.412
180.041 1.000 225.758 21.826 -0.424
1.000 1.000 89.311 172.749 -0.430
1.000 51.771 127.802 256.000 -0.439
111.043 207.251 202.007 256.000 -0.503
53.060 137.868 256.000 256.000 -0.504
67.875 1.000 231.617 105.500 -0.508
62.425 1.000 256.000 185.187 -0.563
1.000 66.767 256.000 256.000 -0.794
