68.972 1.000 256.000 117.650 1.964
1.000 1.000 44.018 36.679 1.890
40.232 1.000 256.000 216.122 1.848
1.000 1.000 63.908 52.506 1.814
201.017 230.102 256.000 256.000 1.769
1.000 256.219 55.849 256.000 1.709
1.000 151.431 94.482 256.000 1.702
173.976 198.471 256.000 256.000 1.679
55.913 187.324 256.000 256.000 1.599
1.000 260.351 51.744 256.000 1.569
1.000 258.792 61.864 256.000 1.568
1.000 258.739 56.523 256.000 1.541
1.000 264.983 40.851 256.000 1.508
72.222 263.095 166.341 256.000 1.500
1.000 257.157 42.696 256.000 1.497
1.000 257.968 58.176 256.000 1.478
44.270 262.261 142.921 256.000 1.472
1.000 18.339 29.938 89.693 1.470
34.585 261.516 132.780 256.000 1.459
1.000 1.000 42.354 108.624 1.440
1.000 261.965 73.326 256.000 1.348
1.000 91.441 27.736 150.668 1.336
31.426 268.247 124.507 256.000 1.321
1.000 41.900 50.717 164.720 1.272
41.655 264.027 125.187 256.000 1.240
80.803 263.199 167.401 256.000 1.228
49.967 263.610 132.819 256.000 1.227
50.187 261.431 127.220 256.000 1.226
28.864 259.695 107.788 256.000 1.206
34.507 267.267 113.663 256.000 1.205
1.000 257.919 100.625 256.000 1.200
45.291 263.752 140.113 256.000 1.193
64.977 263.772 134.586 256.000 1.188
36.565 267.170 115.485 256.000 1.184
42.687 258.245 128.152 256.000 1.180
54.677 265.930 125.258 256.000 1.154
1.000 77.315 65.297 222.276 1.139
107.740 257.874 184.629 256.000 1.116
36.169 264.436 109.799 256.000 1.116
33.905 257.263 103.739 256.000 1.114
18.364 264.298 99.984 256.000 1.108
42.902 260.905 118.446 256.000 1.103
90.603 259.531 168.797 256.000 1.080
37.072 262.489 118.184 256.000 1.061
42.632 258.081 170.749 256.000 1.053
16.634 268.496 92.431 256.000 1.025
80.473 262.406 164.250 256.000 1.025
107.569 258.303 189.067 256.000 1.020
81.973 263.836 162.117 256.000 1.018
93.683 261.429 173.863 256.000 1.018
83.859 263.036 159.484 256.000 1.006
103.699 259.217 180.165 256.000 1.001
18.028 269.141 85.057 256.000 0.972
1.000 22.868 86.846 256.000 0.748
75.615 264.841 148.531 256.000 0.623
47.509 259.324 109.147 256.000 0.541
15.646 236.225 76.716 227.032 0.108
1.000 225.082 72.836 220.495 0.046
