41.412 122.800 181.847 235.518 -0.285
157.712 142.918 216.324 239.196 -0.457
24.687 28.247 65.064 91.992 -0.962
41.046 82.056 108.296 136.226 -0.973
151.063 96.001 225.496 214.381 -0.982
1.000 78.629 193.282 250.247 -0.999
207.198 162.670 256.000 220.723 -1.006
154.886 17.972 198.917 70.331 -1.040
206.868 206.810 256.000 256.000 -1.050
170.568 203.744 243.907 256.000 -1.053
141.772 41.293 196.417 106.478 -1.055
4.495 6.890 87.111 102.965 -1.056
75.490 33.142 119.560 88.949 -1.059
102.779 22.089 212.750 153.670 -1.066
208.715 41.503 254.435 93.401 -1.067
88.095 5.550 136.076 58.024 -1.071
209.558 4.602 256.000 70.281 -1.072
225.879 40.415 256.000 160.991 -1.078
53.127 1.000 256.000 226.061 -1.078
117.117 199.060 256.000 256.000 -1.149
1.000 1.000 14.522 14.127 -1.194
1.000 1.000 30.092 13.524 -1.209
