1.000 1.000 16.118 212.437 -0.097
1.000 1.000 38.521 256.000 -0.104
164.694 1.000 256.000 256.000 -0.106
1.000 1.000 97.752 256.000 -0.123
259.664 241.520 256.000 233.519 -0.126
260.099 254.396 256.000 223.492 -0.127
257.351 231.693 256.000 237.849 -0.128
260.519 248.997 256.000 228.705 -0.130
263.705 219.219 256.000 241.600 -0.134
1.000 1.000 -2.352 256.000 -0.136
1.000 1.000 -6.022 256.000 -0.136
1.000 1.000 -9.691 256.000 -0.136
1.000 1.000 -13.361 256.000 -0.136
1.000 1.000 -17.031 256.000 -0.136
271.150 1.000 256.000 256.000 -0.136
267.485 1.000 256.000 256.000 -0.136
263.821 1.000 256.000 256.000 -0.136
260.156 1.000 256.000 256.000 -0.136
1.000 1.000 -2.124 256.000 -0.136
1.000 1.000 -5.548 256.000 -0.136
1.000 1.000 -8.972 256.000 -0.136
1.000 1.000 -12.396 256.000 -0.136
1.000 1.000 -15.820 256.000 -0.136
1.000 1.000 -1.911 256.000 -0.136
1.000 1.000 -5.106 256.000 -0.136
1.000 1.000 -8.300 256.000 -0.136
1.000 1.000 -11.495 256.000 -0.136
1.000 1.000 -14.690 256.000 -0.136
277.936 2.524 256.000 256.000 -0.136
274.745 1.000 256.000 256.000 -0.136
271.555 1.000 256.000 256.000 -0.136
268.365 1.000 256.000 256.000 -0.136
265.175 1.000 256.000 256.000 -0.136
261.985 1.000 256.000 256.000 -0.136
258.795 1.000 256.000 256.000 -0.136
1.000 1.000 -1.712 256.000 -0.136
1.000 1.000 -4.693 256.000 -0.136
1.000 1.000 -7.674 256.000 -0.136
1.000 1.000 -10.655 256.000 -0.136
1.000 1.000 -13.635 256.000 -0.136
259.394 2.447 256.000 256.000 -0.136
1.000 1.000 -1.527 256.000 -0.136
1.000 1.000 -4.308 256.000 -0.136
1.000 1.000 -7.089 256.000 -0.136
1.000 1.000 -9.871 256.000 -0.136
1.000 1.000 -12.652 256.000 -0.136
278.439 49.494 256.000 256.000 -0.136
275.661 2.375 256.000 256.000 -0.136
272.884 1.000 256.000 256.000 -0.136
270.107 1.000 256.000 256.000 -0.136
267.330 1.000 256.000 256.000 -0.136
264.553 1.000 256.000 256.000 -0.136
261.776 1.000 256.000 256.000 -0.136
258.999 1.000 256.000 256.000 -0.136
1.000 1.000 -1.354 256.000 -0.136
1.000 1.000 -3.949 256.000 -0.136
1.000 1.000 -6.544 256.000 -0.136
1.000 1.000 -9.139 256.000 -0.136
1.000 1.000 -11.734 256.000 -0.136
259.863 46.271 256.000 256.000 -0.136
257.272 2.308 256.000 256.000 -0.136
1.000 1.000 -1.193 256.000 -0.136
1.000 1.000 -3.614 256.000 -0.136
1.000 1.000 -6.035 256.000 -0.136
1.000 1.000 -8.456 256.000 -0.136
1.000 1.000 -10.877 256.000 -0.136
274.172 84.284 256.000 256.000 -0.136
271.754 43.265 256.000 256.000 -0.136
269.336 2.245 256.000 256.000 -0.136
266.919 1.000 256.000 256.000 -0.136
264.501 1.000 256.000 256.000 -0.136
262.084 1.000 256.000 256.000 -0.136
259.666 1.000 256.000 256.000 -0.136
257.248 1.000 256.000 256.000 -0.136
1.000 1.000 -1.042 256.000 -0.136
1.000 1.000 -3.301 256.000 -0.136
1.000 1.000 -5.560 256.000 -0.136
1.000 1.000 -7.819 256.000 -0.136
1.000 1.000 -10.078 256.000 -0.136
1.000 1.000 -0.902 256.000 -0.136
1.000 1.000 -3.010 256.000 -0.136
1.000 1.000 -5.117 256.000 -0.136
1.000 1.000 -7.225 256.000 -0.136
1.000 1.000 -9.333 251.202 -0.136
266.361 109.260 256.000 256.000 -0.136
264.257 73.551 256.000 256.000 -0.136
262.152 37.842 256.000 256.000 -0.136
260.048 2.132 256.000 256.000 -0.136
257.943 1.000 256.000 256.000 -0.136
1.000 1.000 -0.771 256.000 -0.136
1.000 1.000 -2.738 256.000 -0.136
1.000 1.000 -4.704 256.000 -0.136
1.000 1.000 -6.671 250.765 -0.136
1.000 1.000 -8.637 234.422 -0.136
274.294 135.354 256.000 256.000 -0.136
272.331 102.036 256.000 256.000 -0.136
270.367 68.718 256.000 256.000 -0.136
268.403 35.400 256.000 256.000 -0.136
266.440 2.082 256.000 256.000 -0.136
264.476 1.000 256.000 256.000 -0.136
262.512 1.000 256.000 256.000 -0.136
260.548 1.000 256.000 256.000 -0.136
258.585 1.000 256.000 256.000 -0.136
1.000 1.000 -0.649 256.000 -0.136
1.000 1.000 -2.484 256.000 -0.136
1.000 1.000 -4.319 249.263 -0.136
1.000 1.000 -6.153 234.014 -0.136
1.000 1.000 -7.988 218.765 -0.136
1.000 1.000 -0.535 256.000 -0.136
1.000 1.000 -2.247 246.840 -0.136
1.000 1.000 -3.959 232.612 -0.136
1.000 1.000 -5.671 218.385 -0.136
1.000 1.000 -7.383 204.157 -0.136
261.297 147.015 256.000 256.000 -0.136
259.587 118.010 256.000 256.000 -0.136
257.878 89.005 256.000 256.000 -0.136
1.000 1.000 -0.428 243.626 -0.136
1.000 1.000 -2.026 230.352 -0.136
1.000 1.000 -3.623 217.077 -0.136
1.000 1.000 -5.220 203.802 -0.136
1.000 1.000 -6.818 190.528 -0.136
264.744 164.324 256.000 256.000 -0.136
263.149 137.262 256.000 256.000 -0.136
261.554 110.199 256.000 256.000 -0.136
259.959 83.137 256.000 256.000 -0.136
258.364 56.074 256.000 256.000 -0.136
1.000 1.000 -0.329 227.354 -0.136
1.000 1.000 -1.819 214.968 -0.136
1.000 1.000 -3.310 202.582 -0.136
1.000 1.000 -4.800 190.196 -0.136
1.000 1.000 -6.291 177.811 -0.136
266.562 178.662 256.000 256.000 -0.136
265.074 153.412 256.000 256.000 -0.136
263.586 128.162 256.000 256.000 -0.136
262.098 102.911 256.000 256.000 -0.136
260.610 77.661 256.000 256.000 -0.136
259.121 52.411 256.000 256.000 -0.136
257.633 27.161 256.000 256.000 -0.136
1.000 1.000 -0.236 212.171 -0.136
1.000 1.000 -1.627 200.614 -0.136
1.000 1.000 -3.018 189.058 -0.136
1.000 1.000 -4.408 177.502 -0.136
1.000 1.000 -5.799 165.945 -0.136
266.955 190.349 256.000 256.000 -0.136
265.566 166.790 256.000 256.000 -0.136
264.178 143.231 256.000 256.000 -0.136
262.789 119.671 256.000 256.000 -0.136
261.401 96.112 256.000 256.000 -0.136
260.012 72.552 256.000 256.000 -0.136
258.623 48.993 256.000 251.916 -0.136
257.235 25.434 256.000 241.134 -0.136
1.000 1.000 -0.150 198.004 -0.136
1.000 1.000 -1.447 187.222 -0.136
1.000 1.000 -2.745 176.439 -0.136
1.000 1.000 -4.042 165.657 -0.136
1.000 1.000 -5.340 154.875 -0.136
266.104 199.676 256.000 256.000 -0.136
264.808 177.694 256.000 256.000 -0.136
263.513 155.712 256.000 256.000 -0.136
262.217 133.731 256.000 256.000 -0.136
260.922 111.749 256.000 256.000 -0.136
259.626 89.767 256.000 255.209 -0.136
258.330 67.786 256.000 245.149 -0.136
257.035 45.804 256.000 235.088 -0.136
1.000 1.000 -0.069 184.787 -0.136
1.000 1.000 -1.280 174.726 -0.136
1.000 1.000 -2.490 164.666 -0.136
1.000 1.000 -3.701 154.606 -0.136
1.000 1.000 -4.912 144.545 -0.136
264.174 206.906 256.000 256.000 -0.136
262.966 186.396 256.000 256.000 -0.136
261.757 165.886 256.000 256.000 -0.136
260.548 145.377 256.000 256.000 -0.136
259.339 124.867 256.000 256.000 -0.136
258.130 104.358 256.000 247.547 -0.136
1.000 1.000 -1.124 163.067 -0.136
1.000 1.000 -2.253 153.681 -0.136
1.000 1.000 -3.383 144.294 -0.136
1.000 1.000 -4.512 134.908 -0.136
261.315 212.278 256.000 256.000 -0.136
260.187 193.142 256.000 256.000 -0.136
259.059 174.006 256.000 256.000 -0.136
257.931 154.870 256.000 256.000 -0.136
1.000 1.000 -0.978 152.189 -0.136
1.000 1.000 -2.032 143.431 -0.136
1.000 1.000 -3.085 134.673 -0.136
1.000 1.000 -4.139 125.915 -0.136
271.430 233.864 256.000 256.000 -0.136
270.378 216.009 256.000 256.000 -0.136
269.326 198.154 256.000 256.000 -0.136
268.273 180.300 256.000 256.000 -0.136
267.221 162.445 256.000 248.270 -0.136
266.169 144.590 256.000 240.098 -0.136
265.116 126.736 256.000 231.927 -0.136
264.064 108.881 256.000 223.755 -0.136
263.012 91.026 256.000 215.584 -0.136
261.959 73.172 256.000 207.412 -0.136
260.907 55.317 256.000 199.241 -0.136
259.855 37.462 256.000 191.069 -0.136
258.802 19.608 256.000 182.898 -0.136
257.750 1.753 256.000 174.726 -0.136
1.000 1.000 -0.842 142.040 -0.136
1.000 1.000 -1.825 133.868 -0.136
1.000 1.000 -2.808 125.697 -0.136
1.000 1.000 -3.791 117.525 -0.136
266.174 234.954 256.000 256.000 -0.136
265.192 218.295 256.000 256.000 -0.136
264.210 201.636 256.000 254.559 -0.136
263.229 184.977 256.000 246.935 -0.136
262.247 168.318 256.000 239.310 -0.136
261.265 151.659 256.000 231.686 -0.136
260.283 135.000 256.000 224.062 -0.136
259.301 118.341 256.000 216.437 -0.136
258.319 101.682 256.000 208.813 -0.136
257.337 85.023 256.000 201.189 -0.136
1.000 1.000 -0.715 132.570 -0.136
1.000 1.000 -1.632 124.946 -0.136
1.000 1.000 -2.550 117.321 -0.136
1.000 1.000 -3.467 109.697 -0.136
272.399 250.398 256.000 256.000 -0.136
271.482 234.855 256.000 256.000 -0.136
270.566 219.311 256.000 251.782 -0.136
269.650 203.768 256.000 244.668 -0.136
268.734 188.225 256.000 237.554 -0.136
267.818 172.681 256.000 230.440 -0.136
266.902 157.138 256.000 223.327 -0.136
265.986 141.595 256.000 216.213 -0.136
265.070 126.051 256.000 209.099 -0.136
264.154 110.508 256.000 201.985 -0.136
263.238 94.964 256.000 194.872 -0.136
262.321 79.421 256.000 187.758 -0.136
261.405 63.878 256.000 180.644 -0.136
260.489 48.334 256.000 173.530 -0.136
259.573 32.791 256.000 166.417 -0.136
258.657 17.247 256.000 159.303 -0.136
257.741 1.704 256.000 152.189 -0.136
261.326 250.398 256.000 256.000 -0.136
260.409 234.855 256.000 256.000 -0.136
259.493 219.311 256.000 251.782 -0.136
258.577 203.768 256.000 244.668 -0.136
257.661 188.225 256.000 237.554 -0.136
1.000 1.000 -0.596 123.734 -0.136
1.000 1.000 -1.452 116.621 -0.136
1.000 1.000 -2.308 109.507 -0.136
1.000 1.000 -3.164 102.393 -0.136
265.414 248.224 256.000 254.875 -0.136
264.559 233.722 256.000 248.237 -0.136
262.850 204.717 256.000 234.963 -0.136
261.995 190.214 256.000 228.325 -0.136
261.140 175.712 256.000 221.688 -0.136
260.286 161.209 256.000 215.051 -0.136
259.431 146.707 256.000 208.413 -0.136
258.576 132.204 256.000 201.776 -0.136
257.721 117.702 256.000 195.139 -0.136
1.000 1.000 -0.486 115.490 -0.136
1.000 1.000 -1.284 108.853 -0.136
1.000 1.000 -2.083 102.216 -0.136
1.000 1.000 -2.882 95.578 -0.136
268.586 258.756 256.000 250.234 -0.136
267.788 245.225 256.000 244.041 -0.136
266.991 231.693 256.000 237.849 -0.136
266.193 218.162 256.000 231.656 -0.136
265.395 204.631 256.000 225.463 -0.136
264.598 191.100 256.000 219.270 -0.136
263.800 177.568 256.000 213.077 -0.136
263.003 164.037 256.000 206.884 -0.136
262.205 150.506 256.000 200.691 -0.136
261.408 136.974 256.000 194.499 -0.136
260.610 123.443 256.000 188.306 -0.136
259.813 109.912 256.000 182.113 -0.136
259.015 96.380 256.000 175.920 -0.136
258.218 82.849 256.000 169.727 -0.136
257.420 69.318 256.000 163.534 -0.136
1.000 258.756 16.757 250.234 -0.136
1.000 245.225 16.012 244.041 -0.136
1.000 1.000 -0.383 107.798 -0.136
1.000 1.000 -1.128 101.605 -0.136
1.000 1.000 -1.873 95.413 -0.136
1.000 1.000 -2.618 89.220 -0.136
270.147 266.770 256.000 245.075 -0.136
269.403 254.145 256.000 239.297 -0.136
268.658 241.520 256.000 233.519 -0.136
267.914 228.895 256.000 227.741 -0.136
267.170 216.270 256.000 221.963 -0.136
266.426 203.644 256.000 216.185 -0.136
265.682 191.019 256.000 210.406 -0.136
264.938 178.394 256.000 204.628 -0.136
264.194 165.769 256.000 198.850 -0.136
263.450 153.144 256.000 193.072 -0.136
262.706 140.519 256.000 187.294 -0.136
261.961 127.894 256.000 181.516 -0.136
261.217 115.268 256.000 175.737 -0.136
260.473 102.643 256.000 169.959 -0.136
259.729 90.018 256.000 164.181 -0.136
258.985 77.393 256.000 158.403 -0.136
258.241 64.768 256.000 152.625 -0.136
257.497 52.143 256.000 146.847 -0.136
1.000 266.770 17.096 245.075 -0.136
1.000 254.145 16.401 239.297 -0.136
1.000 241.520 15.705 233.519 -0.136
1.000 228.895 15.010 227.741 -0.136
1.000 1.000 -0.286 100.622 -0.136
1.000 1.000 -0.982 94.843 -0.136
1.000 1.000 -1.677 89.065 -0.136
1.000 1.000 -2.372 83.287 -0.136
270.299 272.557 256.000 239.488 -0.136
269.605 260.777 256.000 234.097 -0.136
268.910 248.997 256.000 228.705 -0.136
268.216 237.218 256.000 223.314 -0.136
267.522 225.438 256.000 217.923 -0.136
266.828 213.658 256.000 212.532 -0.136
266.133 201.879 256.000 207.141 -0.136
265.439 190.099 256.000 201.749 -0.136
264.745 178.319 256.000 196.358 -0.136
264.050 166.540 256.000 190.967 -0.136
263.356 154.760 256.000 185.576 -0.136
262.662 142.980 256.000 180.185 -0.136
261.968 131.201 256.000 174.793 -0.136
261.273 119.421 256.000 169.402 -0.136
260.579 107.641 256.000 164.011 -0.136
259.885 95.862 256.000 158.620 -0.136
259.190 84.082 256.000 153.229 -0.136
258.496 72.302 256.000 147.837 -0.136
257.802 60.523 256.000 142.446 -0.136
257.108 48.743 256.000 137.055 -0.136
1.000 272.557 17.319 239.488 -0.136
1.000 260.777 16.670 234.097 -0.136
1.000 248.997 16.022 228.705 -0.136
1.000 237.218 15.373 223.314 -0.136
1.000 225.438 14.724 217.923 -0.136
1.000 213.658 14.075 212.532 -0.136
1.000 1.000 -0.196 93.925 -0.136
1.000 1.000 -0.845 88.534 -0.136
1.000 1.000 -1.494 83.143 -0.136
1.000 1.000 -2.143 77.752 -0.136
269.224 276.378 256.000 233.553 -0.136
268.576 265.387 256.000 228.522 -0.136
267.929 254.396 256.000 223.492 -0.136
267.281 243.406 256.000 218.462 -0.136
266.633 232.415 256.000 213.432 -0.136
265.985 221.424 256.000 208.402 -0.136
265.337 210.433 256.000 203.372 -0.136
264.690 199.442 256.000 198.341 -0.136
264.042 188.451 256.000 193.311 -0.136
263.394 177.461 256.000 188.281 -0.136
262.746 166.470 256.000 183.251 -0.136
262.098 155.479 256.000 178.221 -0.136
261.451 144.488 256.000 173.190 -0.136
260.803 133.497 256.000 168.160 -0.136
260.155 122.506 256.000 163.130 -0.136
259.507 111.516 256.000 158.100 -0.136
258.860 100.525 256.000 153.070 -0.136
258.212 89.534 256.000 148.040 -0.136
257.564 78.543 256.000 143.009 -0.136
1.000 276.378 17.440 233.553 -0.136
1.000 265.387 16.835 228.522 -0.136
1.000 254.396 16.230 223.492 -0.136
1.000 243.406 15.625 218.462 -0.136
1.000 232.415 15.019 213.432 -0.136
1.000 221.424 14.414 208.402 -0.136
1.000 210.433 13.809 203.372 -0.136
1.000 199.442 13.203 198.341 -0.136
1.000 1.000 -0.113 87.677 -0.136
1.000 1.000 -0.718 82.647 -0.136
1.000 1.000 -1.323 77.617 -0.136
1.000 1.000 -1.929 72.587 -0.136
1.000 213.658 22.467 212.532 -0.136
1.000 228.895 24.004 227.741 -0.137
259.451 243.406 256.000 218.462 -0.139
1.000 221.424 22.244 208.402 -0.139
258.380 228.202 256.000 256.000 -0.142
258.920 228.895 256.000 227.741 -0.143
258.590 265.387 256.000 228.522 -0.145
257.071 183.873 256.000 256.000 -0.146
1.000 210.433 21.639 203.372 -0.146
261.213 260.777 256.000 234.097 -0.146
258.711 233.864 256.000 256.000 -0.147
257.658 216.009 256.000 256.000 -0.147
258.946 258.756 256.000 250.234 -0.147
258.148 245.225 256.000 244.041 -0.147
1.000 258.756 26.397 250.234 -0.147
1.000 245.225 25.651 244.041 -0.147
261.153 266.770 256.000 245.075 -0.147
260.408 254.145 256.000 239.297 -0.147
1.000 266.770 26.090 245.075 -0.147
1.000 254.145 25.395 239.297 -0.147
1.000 241.520 24.699 233.519 -0.147
261.907 272.557 256.000 239.488 -0.147
1.000 272.557 25.711 239.488 -0.147
1.000 260.777 25.062 234.097 -0.147
1.000 248.997 24.413 228.705 -0.147
261.394 276.378 256.000 233.553 -0.147
1.000 276.378 25.270 233.553 -0.147
1.000 265.387 24.665 228.522 -0.147
1.000 254.396 24.060 223.492 -0.147
1.000 237.218 23.765 223.314 -0.147
262.198 226.698 256.000 243.138 -0.147
259.824 237.218 256.000 223.314 -0.148
1.000 243.406 23.454 218.462 -0.151
1.000 199.442 21.033 198.341 -0.152
258.917 147.029 256.000 188.633 -0.152
1.000 225.438 23.116 217.923 -0.155
258.153 150.156 256.000 174.356 -0.156
256.860 199.442 256.000 198.341 -0.158
258.803 232.415 256.000 213.432 -0.159
257.047 190.099 256.000 201.749 -0.160
257.348 143.952 256.000 195.934 -0.161
258.962 209.914 256.000 204.354 -0.161
259.759 135.943 256.000 233.820 -0.161
259.130 225.438 256.000 217.923 -0.161
258.176 216.270 256.000 221.963 -0.162
258.436 213.658 256.000 212.532 -0.162
257.741 201.879 256.000 207.141 -0.162
258.155 221.424 256.000 208.402 -0.162
257.508 210.433 256.000 203.372 -0.162
252.403 228.895 256.000 227.741 -0.173
250.670 241.520 256.000 233.519 -0.179
1.000 204.766 30.497 202.206 -0.182
260.915 218.420 256.000 256.000 -0.183
253.743 237.218 256.000 223.314 -0.184
6.618 278.631 33.000 240.737 -0.184
254.425 254.396 256.000 223.492 -0.185
109.876 256.315 161.504 254.617 -0.188
8.005 273.280 36.379 246.414 -0.190
1.329 258.756 38.691 250.234 -0.193
259.295 255.072 256.000 229.955 -0.193
255.073 265.387 256.000 228.522 -0.194
255.132 260.777 256.000 234.097 -0.194
7.541 282.046 32.071 234.718 -0.194
242.651 274.147 256.000 249.371 -0.197
252.454 277.040 256.000 230.854 -0.198
256.924 239.222 256.000 226.517 -0.201
2.128 256.293 28.052 242.730 -0.202
253.891 254.145 256.000 239.297 -0.203
245.815 265.066 256.000 234.483 -0.204
104.901 256.315 156.529 254.617 -0.204
248.650 231.140 256.000 215.675 -0.205
3.629 224.209 22.066 212.702 -0.206
248.087 263.906 256.000 240.317 -0.207
7.884 266.871 26.426 237.743 -0.210
58.346 77.255 157.636 256.000 -0.213
112.868 265.261 151.720 225.463 -0.214
113.776 253.744 161.889 244.246 -0.214
1.000 231.143 30.949 222.065 -0.214
259.634 183.190 256.000 223.226 -0.215
251.274 230.290 256.000 223.173 -0.215
1.000 196.277 42.211 195.031 -0.217
119.405 258.951 161.144 230.044 -0.219
115.617 265.461 150.968 231.383 -0.221
258.377 134.162 256.000 213.943 -0.221
252.574 280.562 256.000 225.497 -0.222
106.603 269.057 158.815 230.400 -0.222
196.448 277.862 214.948 242.774 -0.223
1.000 230.290 33.431 223.173 -0.230
112.269 261.223 153.045 245.784 -0.231
57.560 256.315 109.188 254.617 -0.232
1.000 232.415 28.523 213.432 -0.234
2.734 251.779 46.943 248.799 -0.236
245.123 272.557 256.000 239.488 -0.236
199.468 280.221 213.426 250.620 -0.237
12.645 258.756 50.007 250.234 -0.237
129.797 253.744 177.911 244.246 -0.238
216.413 278.631 242.796 240.737 -0.241
118.411 251.779 162.619 248.799 -0.242
243.427 277.862 256.000 242.774 -0.243
1.000 233.305 36.894 221.588 -0.243
119.133 252.202 149.701 245.477 -0.244
225.867 274.147 245.786 249.371 -0.247
1.000 235.996 31.186 210.539 -0.248
245.246 265.733 256.000 251.669 -0.248
121.260 265.261 160.112 225.463 -0.249
12.830 256.293 38.755 242.730 -0.250
6.780 277.040 45.586 230.854 -0.250
10.908 278.086 46.210 237.161 -0.252
247.890 276.378 256.000 233.553 -0.253
128.796 255.072 155.269 229.955 -0.254
46.605 260.260 87.754 243.736 -0.254
224.250 277.862 242.749 242.774 -0.255
123.464 252.202 154.032 245.477 -0.255
1.000 253.257 30.984 211.572 -0.255
200.749 274.985 215.808 256.000 -0.256
7.692 280.562 43.814 225.497 -0.256
113.178 255.454 147.400 252.990 -0.259
1.000 199.539 37.382 190.907 -0.259
206.434 277.862 224.934 242.774 -0.260
5.659 259.720 41.354 227.357 -0.261
121.537 260.064 146.153 224.658 -0.262
207.859 280.221 221.818 250.620 -0.262
227.768 277.862 246.267 242.774 -0.264
136.967 254.145 171.778 239.297 -0.264
250.847 273.280 256.000 246.414 -0.265
210.332 278.631 236.715 240.737 -0.265
245.720 274.985 256.000 256.000 -0.267
234.607 282.046 256.000 234.718 -0.267
1.000 248.997 28.184 228.705 -0.267
237.778 256.315 256.000 254.617 -0.268
253.050 247.621 256.000 215.650 -0.269
132.675 206.906 190.022 256.000 -0.269
44.218 258.756 81.580 250.234 -0.269
83.280 262.231 143.437 243.225 -0.269
216.420 277.862 234.919 242.774 -0.270
65.584 256.315 117.212 254.617 -0.271
230.886 278.631 256.000 240.737 -0.272
54.161 255.925 91.960 245.623 -0.272
1.000 248.729 32.918 222.327 -0.273
197.846 270.179 205.977 256.000 -0.275
136.725 1.000 183.173 125.307 -0.275
9.743 271.576 51.433 235.822 -0.276
187.628 282.046 212.158 234.718 -0.280
111.360 273.754 153.556 212.412 -0.283
40.087 260.260 81.237 243.736 -0.285
123.372 1.000 196.562 174.958 -0.288
39.887 258.756 77.249 250.234 -0.291
127.572 261.146 148.086 231.204 -0.291
40.347 277.040 79.153 230.854 -0.291
248.934 262.410 256.000 256.000 -0.292
236.470 235.010 256.000 232.180 -0.292
86.074 1.000 238.555 256.000 -0.293
141.066 252.202 171.634 245.477 -0.294
196.759 275.738 204.254 256.000 -0.294
175.266 276.378 205.357 233.553 -0.299
40.086 260.408 84.348 236.989 -0.300
253.130 253.112 256.000 211.311 -0.302
168.426 272.195 192.487 241.608 -0.303
214.735 274.538 224.133 256.000 -0.303
258.346 232.550 256.000 199.268 -0.304
174.031 263.589 193.446 256.000 -0.305
106.370 258.951 148.109 230.044 -0.306
59.213 255.454 93.435 252.990 -0.307
221.214 274.985 236.273 256.000 -0.308
251.924 198.302 256.000 186.421 -0.310
245.255 250.219 256.000 241.481 -0.311
111.393 265.043 152.606 231.221 -0.312
129.367 260.064 153.983 224.658 -0.313
209.347 258.951 251.085 230.044 -0.313
75.256 262.231 135.413 243.225 -0.314
70.393 258.951 112.132 230.044 -0.314
54.044 256.929 105.677 238.882 -0.314
186.610 252.202 217.178 245.477 -0.315
257.758 164.856 256.000 256.000 -0.315
92.423 258.951 134.161 230.044 -0.316
101.408 289.989 133.081 234.705 -0.316
72.104 262.079 131.162 228.965 -0.316
94.038 262.079 153.096 228.965 -0.317
235.505 247.407 256.000 218.823 -0.318
16.600 256.293 42.525 242.730 -0.319
135.164 254.540 157.248 236.197 -0.320
109.531 260.408 153.794 236.989 -0.320
51.900 260.860 87.083 239.277 -0.320
211.082 279.791 233.068 247.753 -0.321
164.577 268.073 190.456 248.121 -0.321
32.684 271.576 74.374 235.822 -0.322
248.045 244.850 256.000 210.273 -0.323
65.119 262.079 124.177 228.965 -0.323
106.787 265.261 145.639 225.463 -0.324
120.234 260.408 164.496 236.989 -0.325
34.266 277.040 73.072 230.854 -0.325
56.436 265.261 95.288 225.463 -0.325
5.693 270.966 50.459 229.605 -0.325
85.626 253.744 133.740 244.246 -0.326
22.078 266.483 60.381 238.239 -0.326
85.905 258.951 127.644 230.044 -0.327
22.099 260.260 63.248 243.736 -0.329
11.980 270.711 47.633 232.387 -0.330
34.480 274.894 76.163 224.332 -0.331
180.031 268.475 201.478 255.668 -0.333
1.000 229.866 49.003 226.496 -0.333
15.865 265.387 45.999 228.522 -0.333
115.863 260.064 140.479 224.658 -0.333
143.644 279.346 150.552 251.995 -0.334
184.590 261.223 225.366 245.784 -0.335
241.292 258.580 256.000 215.437 -0.336
1.000 229.806 56.810 223.903 -0.336
21.434 255.850 42.929 249.889 -0.337
108.833 269.571 144.997 220.467 -0.337
17.434 265.043 58.647 231.221 -0.337
83.923 265.261 122.775 225.463 -0.337
161.082 261.223 201.858 245.784 -0.338
87.693 265.261 126.545 225.463 -0.338
139.870 258.951 181.609 230.044 -0.338
101.647 253.744 149.761 244.246 -0.339
124.492 269.571 160.657 220.467 -0.340
44.685 280.562 80.808 225.497 -0.340
70.684 255.454 104.906 252.990 -0.341
235.588 279.791 256.000 247.753 -0.342
67.807 253.744 115.921 244.246 -0.343
129.416 259.187 174.228 224.214 -0.345
250.389 261.204 256.000 236.578 -0.345
76.911 258.951 118.649 230.044 -0.345
30.248 258.756 67.610 250.234 -0.346
70.934 252.202 101.502 245.477 -0.348
232.070 243.398 256.000 232.689 -0.349
168.561 268.475 190.007 255.668 -0.349
52.479 256.293 78.403 242.730 -0.350
68.201 260.777 100.589 234.097 -0.350
259.986 190.468 256.000 198.857 -0.350
145.744 284.705 166.167 241.986 -0.350
145.951 277.862 164.451 242.774 -0.353
137.284 253.744 185.397 244.246 -0.353
151.625 277.862 170.124 242.774 -0.354
103.655 282.046 128.186 234.718 -0.354
98.627 263.903 140.352 219.301 -0.355
5.381 232.205 47.533 224.140 -0.357
4.409 195.949 37.938 190.711 -0.357
28.806 274.894 70.489 224.332 -0.357
112.147 252.202 142.715 245.477 -0.358
162.753 272.195 186.813 241.608 -0.359
72.984 259.187 117.796 224.214 -0.360
148.052 252.202 178.620 245.477 -0.361
46.397 256.293 72.322 242.730 -0.361
75.294 253.744 123.408 244.246 -0.362
181.053 265.461 216.403 231.383 -0.363
97.199 252.202 127.767 245.477 -0.363
145.181 250.588 165.191 238.588 -0.363
68.472 257.515 93.847 255.506 -0.365
62.537 254.145 97.348 239.297 -0.367
140.355 265.261 179.207 225.463 -0.367
68.946 270.711 104.598 232.387 -0.369
90.214 252.202 120.782 245.477 -0.369
177.103 261.223 217.879 245.784 -0.370
92.374 260.064 116.989 224.658 -0.371
254.351 237.090 256.000 224.287 -0.371
182.314 265.261 221.166 225.463 -0.371
159.283 243.398 210.969 232.689 -0.371
127.308 249.735 142.464 245.450 -0.372
95.293 241.520 130.153 233.519 -0.373
72.830 265.387 102.964 228.522 -0.374
81.485 257.515 106.860 255.506 -0.374
144.655 255.880 163.240 232.713 -0.375
188.941 253.744 237.055 244.246 -0.375
112.345 260.064 136.961 224.658 -0.375
188.202 243.398 239.888 232.689 -0.376
147.615 253.744 195.729 244.246 -0.377
205.306 258.951 247.044 230.044 -0.377
169.723 241.520 204.582 233.519 -0.380
4.214 246.325 46.001 224.266 -0.380
72.623 263.361 134.016 223.891 -0.381
85.343 269.571 121.508 220.467 -0.382
55.135 265.461 90.485 231.383 -0.383
57.574 260.860 92.756 239.277 -0.383
124.838 283.530 137.776 243.939 -0.384
172.189 258.756 209.551 250.234 -0.384
91.227 259.187 136.039 224.214 -0.385
157.508 280.221 171.467 250.620 -0.386
141.682 254.540 163.766 236.197 -0.386
71.302 259.555 104.239 221.321 -0.387
40.125 255.536 69.789 235.412 -0.388
73.568 264.247 104.214 216.602 -0.389
94.830 250.588 114.840 238.588 -0.390
83.228 252.202 113.796 245.477 -0.390
111.705 287.713 130.675 235.884 -0.390
86.500 292.082 132.274 214.837 -0.391
129.946 263.903 171.672 219.301 -0.391
164.520 268.475 185.966 255.668 -0.392
11.304 240.362 34.980 238.437 -0.392
218.641 257.353 256.000 235.559 -0.393
1.000 238.716 49.912 210.072 -0.394
61.853 269.571 98.018 220.467 -0.394
187.570 265.461 222.921 231.383 -0.395
83.066 255.072 109.540 229.955 -0.397
44.375 255.850 65.870 249.889 -0.397
157.691 252.202 188.259 245.477 -0.398
148.584 241.125 196.171 236.619 -0.398
156.441 245.930 210.955 227.366 -0.398
50.893 255.850 72.388 249.889 -0.399
157.092 239.242 205.262 237.608 -0.399
88.216 287.713 107.185 235.884 -0.400
28.788 266.851 55.216 235.346 -0.401
18.878 247.635 60.077 237.958 -0.401
102.802 249.735 117.958 245.450 -0.402
1.000 204.867 47.506 202.586 -0.403
82.168 254.396 112.344 223.492 -0.404
68.157 273.860 131.811 211.089 -0.406
154.955 254.145 189.766 239.297 -0.407
50.331 261.204 74.434 236.578 -0.407
77.917 265.043 119.130 231.221 -0.408
174.471 262.410 183.290 256.000 -0.409
181.800 254.396 211.976 223.492 -0.409
205.310 242.923 243.704 227.456 -0.409
81.199 254.540 103.283 236.197 -0.410
11.945 251.955 42.909 216.493 -0.411
179.301 269.571 215.466 220.467 -0.412
25.576 250.375 70.416 234.124 -0.413
91.017 269.571 127.182 220.467 -0.413
141.578 259.187 186.390 224.214 -0.413
32.144 257.020 50.216 244.633 -0.414
182.681 248.997 215.115 228.705 -0.414
115.549 280.221 129.508 250.620 -0.415
221.106 255.072 247.580 229.955 -0.416
40.316 256.293 66.241 242.730 -0.417
63.949 252.202 94.517 245.477 -0.417
217.121 243.398 256.000 232.689 -0.418
98.601 250.588 118.611 238.588 -0.418
135.620 263.903 177.346 219.301 -0.418
224.999 235.010 256.000 232.180 -0.419
71.311 269.871 126.316 225.230 -0.419
196.705 241.520 231.565 233.519 -0.420
171.814 254.396 201.991 223.492 -0.424
164.977 279.346 171.885 251.995 -0.424
195.031 257.353 233.024 235.559 -0.425
117.695 250.588 137.705 238.588 -0.426
168.211 280.221 182.170 250.620 -0.426
93.906 242.923 132.299 227.456 -0.427
201.776 248.997 234.209 228.705 -0.427
76.523 273.754 118.718 212.412 -0.428
88.984 248.729 124.721 222.327 -0.428
163.351 242.923 201.745 227.456 -0.430
220.817 258.951 256.000 230.044 -0.430
170.388 271.335 203.279 226.712 -0.431
127.313 275.738 134.809 256.000 -0.432
239.108 239.222 256.000 226.517 -0.432
93.808 249.735 108.964 245.450 -0.433
129.388 233.700 171.224 218.488 -0.433
165.368 266.851 191.796 235.346 -0.435
215.528 251.353 239.161 243.468 -0.437
124.126 239.159 176.538 230.646 -0.438
187.474 254.396 217.650 223.492 -0.438
60.317 261.204 84.420 236.578 -0.440
43.515 266.871 62.057 237.743 -0.441
179.147 255.072 205.620 229.955 -0.444
223.358 251.353 246.991 243.468 -0.445
163.764 248.729 199.502 222.327 -0.445
199.041 265.461 234.392 231.383 -0.446
72.202 256.662 86.251 239.838 -0.447
11.394 228.231 35.625 221.487 -0.451
251.718 228.770 256.000 208.521 -0.452
176.233 265.261 215.085 225.463 -0.454
145.797 250.213 169.943 231.548 -0.454
240.200 255.072 256.000 229.955 -0.456
122.802 233.555 152.551 225.352 -0.456
197.460 254.396 227.636 223.492 -0.458
132.221 229.866 183.959 226.496 -0.458
151.263 250.588 171.272 238.588 -0.460
236.609 254.396 256.000 223.492 -0.460
195.725 269.745 241.041 216.830 -0.463
117.917 233.700 159.753 218.488 -0.463
213.624 240.531 246.035 232.242 -0.465
139.476 239.222 163.664 226.517 -0.465
60.437 261.146 80.951 231.204 -0.467
20.528 244.514 46.498 237.339 -0.471
133.677 230.931 175.530 204.211 -0.471
195.695 248.997 228.128 228.705 -0.472
199.671 240.830 235.387 225.627 -0.472
184.975 269.571 221.140 220.467 -0.473
230.964 273.754 256.000 212.412 -0.475
193.016 265.261 231.868 225.463 -0.476
9.082 218.542 33.080 211.536 -0.478
224.435 263.670 256.000 215.580 -0.481
143.450 263.903 185.175 219.301 -0.481
1.000 195.290 49.186 187.759 -0.483
244.943 214.920 256.000 187.869 -0.484
227.335 258.951 256.000 230.044 -0.485
127.720 237.350 184.978 212.477 -0.485
167.920 241.915 190.053 230.419 -0.486
32.042 258.580 68.249 215.437 -0.487
120.559 234.251 153.534 200.376 -0.487
13.831 244.546 43.538 230.382 -0.487
198.529 246.497 228.684 226.792 -0.487
217.652 260.064 242.267 224.658 -0.487
212.803 236.646 242.488 233.682 -0.488
72.031 255.880 90.615 232.713 -0.489
151.280 263.903 193.005 219.301 -0.490
237.115 221.732 256.000 206.742 -0.492
173.847 275.238 204.451 221.633 -0.494
227.314 220.759 256.000 211.400 -0.494
61.054 260.064 85.670 224.658 -0.498
74.682 254.540 96.766 236.197 -0.500
227.637 260.064 252.253 224.658 -0.501
212.537 234.457 250.908 230.993 -0.502
244.209 234.040 256.000 195.439 -0.503
218.482 235.010 256.000 232.180 -0.504
191.814 273.754 234.010 212.412 -0.505
216.763 262.688 229.274 245.799 -0.505
238.307 232.225 256.000 204.495 -0.506
228.242 216.523 256.000 196.885 -0.506
169.517 238.940 214.351 222.359 -0.507
133.252 225.438 165.777 217.923 -0.508
80.930 247.981 99.493 236.013 -0.508
84.050 248.196 98.077 243.374 -0.509
230.935 254.396 256.000 223.492 -0.510
200.758 248.729 236.495 222.327 -0.510
144.081 225.695 192.621 222.801 -0.511
110.643 230.741 158.793 226.718 -0.511
174.862 280.906 199.905 222.798 -0.511
14.732 191.372 28.587 183.448 -0.513
126.670 225.473 167.715 214.510 -0.514
158.332 238.439 190.262 236.090 -0.514
33.939 248.997 66.373 228.705 -0.514
82.072 242.314 106.196 234.848 -0.515
134.603 230.769 176.218 221.052 -0.516
10.731 246.325 52.519 224.266 -0.516
231.809 255.072 256.000 229.955 -0.516
231.188 251.353 254.821 243.468 -0.519
90.131 248.196 104.158 243.374 -0.520
31.230 244.514 57.200 237.339 -0.520
155.013 260.064 179.628 224.658 -0.523
160.080 246.381 193.357 221.204 -0.525
157.344 250.588 177.354 238.588 -0.526
7.761 238.940 52.595 222.359 -0.527
101.029 236.646 130.714 233.682 -0.527
153.571 238.736 176.235 205.834 -0.528
226.662 218.030 256.000 191.501 -0.531
160.687 260.064 185.302 224.658 -0.531
55.380 260.064 79.996 224.658 -0.533
249.211 204.986 256.000 185.452 -0.534
58.005 248.030 86.477 234.858 -0.535
246.400 146.248 256.000 141.034 -0.536
31.028 252.912 72.796 214.271 -0.537
145.873 231.143 184.312 222.065 -0.538
38.852 241.520 73.711 233.519 -0.540
181.443 232.866 232.237 221.110 -0.542
245.016 207.665 256.000 181.969 -0.544
37.959 232.225 67.011 204.495 -0.546
4.251 229.866 55.989 226.496 -0.548
251.187 220.140 256.000 196.220 -0.549
248.289 206.975 256.000 192.939 -0.551
52.045 261.146 72.559 231.204 -0.551
28.323 241.916 42.914 211.508 -0.551
14.472 256.139 51.467 208.438 -0.554
232.992 251.838 256.000 213.554 -0.555
175.598 238.940 220.432 222.359 -0.556
40.017 248.030 68.488 234.858 -0.556
237.149 241.771 256.000 226.688 -0.556
151.701 245.013 193.448 217.571 -0.556
97.525 232.866 148.319 221.110 -0.557
121.682 240.638 152.363 197.060 -0.558
33.499 248.030 61.971 234.858 -0.559
246.660 205.666 256.000 179.246 -0.560
21.327 223.313 66.271 221.738 -0.568
256.579 203.826 256.000 187.326 -0.571
244.801 169.369 256.000 163.014 -0.571
256.493 208.144 256.000 165.107 -0.574
27.359 254.396 57.535 223.492 -0.578
20.948 228.331 72.361 199.407 -0.580
113.229 229.767 139.740 209.009 -0.586
108.650 222.564 138.442 220.322 -0.592
162.858 226.678 182.611 212.369 -0.592
248.332 187.995 256.000 169.552 -0.593
188.566 225.214 227.918 205.636 -0.593
