49.444 92.625 210.559 256.000 -0.944
5.096 105.497 52.605 120.840 -0.991
15.186 73.351 87.224 131.950 -0.991
45.951 7.600 218.013 115.042 -1.013
1.000 146.069 96.319 229.321 -1.065
4.474 36.267 75.356 70.648 -1.079
136.832 1.000 245.542 168.876 -1.111
194.668 83.650 256.000 230.921 -1.122
29.083 46.195 61.819 167.822 -1.137
36.734 1.000 241.469 198.431 -1.152
155.263 244.108 186.169 238.690 -1.181
1.000 8.054 98.678 256.000 -1.247
1.964 87.928 57.910 85.867 -1.262
135.980 214.997 172.195 209.162 -1.267
216.748 210.420 256.000 256.000 -1.269
60.891 168.649 53.798 256.000 -1.275
61.605 207.556 82.810 200.187 -1.279
