28.857 45.675 64.511 131.082 -0.230
82.128 60.472 137.828 142.922 -1.018
26.708 55.663 93.272 152.389 -1.019
137.172 113.093 180.337 199.907 -1.039
194.019 44.191 256.000 172.873 -1.054
110.801 117.225 173.168 216.913 -1.075
91.010 95.751 186.680 256.000 -1.075
59.435 163.490 113.493 229.184 -1.078
48.608 10.025 87.838 90.109 -1.102
6.656 119.915 59.380 213.937 -1.103
184.352 135.627 224.053 215.903 -1.115
68.992 34.004 119.207 96.494 -1.145
1.000 28.167 104.825 242.835 -1.165
184.192 178.117 225.469 256.000 -1.193
146.151 13.846 190.731 92.814 -1.209
65.418 21.918 162.079 143.093 -1.218
27.732 72.291 196.042 256.000 -1.238
152.608 1.000 242.596 151.814 -1.240
200.070 161.534 255.863 256.000 -1.265
182.089 128.634 239.168 241.579 -1.279
