1.000 129.076 107.947 178.483 -1.044
98.737 109.050 249.900 175.123 -1.054
25.260 176.131 114.213 220.397 -1.061
22.061 32.053 126.618 113.350 -1.062
68.982 122.447 184.165 209.026 -1.064
1.000 1.000 156.758 118.770 -1.085
191.093 209.219 256.000 256.000 -1.106
160.722 182.858 256.000 252.207 -1.106
92.086 188.284 161.198 233.786 -1.106
110.456 217.965 207.962 256.000 -1.112
32.893 207.489 97.885 254.835 -1.116
1.000 1.000 256.000 188.346 -1.120
41.234 166.919 156.648 244.863 -1.121
1.000 165.868 49.287 213.417 -1.137
1.000 193.547 56.581 238.097 -1.147
2.377 167.359 231.281 256.000 -1.159
