1.544 129.935 121.978 222.600 -1.078
24.214 71.432 90.193 120.450 -1.080
164.464 138.149 239.960 194.969 -1.098
140.963 123.653 216.636 172.981 -1.102
163.716 164.200 220.906 253.199 -1.113
12.446 26.138 80.845 72.060 -1.131
57.960 4.101 117.320 92.623 -1.135
82.143 1.000 152.219 104.255 -1.141
100.870 220.421 211.745 256.000 -1.155
87.123 122.607 193.350 205.444 -1.157
145.610 3.038 189.231 63.577 -1.158
1.000 1.000 134.447 94.928 -1.159
1.000 66.901 193.911 249.285 -1.163
48.274 2.736 204.881 114.479 -1.165
213.003 101.898 256.000 170.985 -1.172
