1.000 204.359 31.330 256.000 -0.350
1.000 1.000 35.484 68.851 -0.361
238.545 27.976 256.000 99.875 -0.363
206.919 206.774 256.000 256.000 -0.366
223.826 151.013 256.000 248.381 -0.368
1.000 89.805 86.492 256.000 -0.376
210.883 1.000 256.000 42.158 -0.389
144.859 215.521 220.077 256.000 -0.390
168.846 123.448 256.000 256.000 -0.391
176.905 1.000 256.000 88.416 -0.401
110.896 1.000 256.000 152.593 -0.405
1.000 1.000 51.383 99.359 -0.408
111.628 209.965 181.099 256.000 -0.411
25.986 105.974 256.000 256.000 -0.441
1.000 1.000 147.817 139.510 -0.492
1.000 1.000 224.510 192.348 -0.598
