187.105 1.000 256.000 57.107 1.860
1.000 1.000 256.000 237.514 1.829
215.385 235.186 256.000 256.000 1.758
195.253 223.923 256.000 256.000 1.722
142.089 242.656 231.569 256.000 1.697
1.000 249.015 27.240 256.000 1.697
1.000 245.031 47.033 256.000 1.679
1.000 223.911 66.977 256.000 1.617
68.877 247.914 152.094 256.000 1.615
102.998 228.864 228.881 256.000 1.578
51.035 226.779 159.651 256.000 1.543
58.760 257.599 157.065 256.000 1.522
11.061 260.465 85.498 256.000 1.184
7.437 263.394 85.350 256.000 1.165
9.832 258.294 91.620 256.000 1.151
13.455 258.881 99.114 256.000 1.093
21.666 258.365 96.779 256.000 1.090
9.762 220.391 230.075 256.000 1.058
147.526 261.408 224.410 256.000 1.052
93.542 258.683 192.220 256.000 1.039
1.000 260.939 64.434 256.000 0.840
1.000 260.410 60.035 256.000 0.738
23.032 260.184 96.809 256.000 0.601
48.171 245.188 123.108 242.001 0.060
