2.204 161.395 100.400 205.664 -1.013
56.636 190.007 150.032 232.166 -1.027
125.416 201.583 256.000 256.000 -1.060
76.400 119.006 256.000 212.217 -1.070
27.824 87.986 133.702 120.755 -1.074
1.000 188.757 115.685 221.557 -1.075
1.491 158.943 227.511 236.434 -1.093
120.221 96.135 251.414 137.644 -1.123
4.330 4.194 76.174 58.942 -1.126
1.000 84.579 142.709 149.022 -1.127
89.022 9.423 204.711 42.817 -1.154
1.000 109.420 256.000 256.000 -1.177
43.725 1.788 223.087 56.227 -1.190
1.000 8.335 159.223 125.775 -1.250
