68.607 88.148 130.944 122.647 -0.905
50.253 74.881 204.973 170.739 -0.965
127.812 1.480 193.035 40.052 -1.059
186.232 86.514 244.840 195.997 -1.073
2.721 132.022 73.899 177.779 -1.099
32.560 209.733 103.215 256.000 -1.152
1.000 160.674 51.789 197.987 -1.154
1.000 59.024 116.902 135.437 -1.154
1.000 86.898 150.187 210.234 -1.156
25.393 62.945 256.000 200.341 -1.164
155.962 25.803 242.045 80.308 -1.169
129.003 1.101 225.918 59.067 -1.179
126.197 216.028 194.564 256.000 -1.200
93.166 215.571 155.678 256.000 -1.201
49.767 192.519 132.864 256.000 -1.211
59.672 32.202 122.199 77.087 -1.231
78.120 171.699 203.135 251.485 -1.233
43.015 6.007 152.742 78.056 -1.244
11.754 1.000 196.177 92.699 -1.252
179.969 184.286 242.100 229.044 -1.252
1.000 194.022 82.881 250.635 -1.287
1.000 183.418 151.571 256.000 -1.303
5.966 133.245 215.189 256.000 -1.334
206.018 207.742 252.693 244.291 -1.374
188.994 193.832 256.000 252.227 -1.385
139.411 15.182 256.000 98.135 -1.453
1.000 14.348 21.324 74.184 -1.574
200.468 1.000 256.000 24.271 -1.629
178.237 150.206 256.000 256.000 -1.703
1.000 1.000 256.000 136.762 -1.742
