95.345 162.117 147.992 250.731 -0.115
46.275 61.333 146.131 237.921 -0.533
1.000 113.820 49.385 195.189 -0.687
212.629 96.608 256.000 173.768 -0.705
123.150 38.286 256.000 248.690 -0.757
1.000 181.507 94.735 251.735 -0.773
14.876 1.000 244.225 200.330 -1.040
28.686 221.482 167.724 256.000 -1.042
1.000 73.501 15.680 125.789 -1.063
1.000 27.604 25.747 82.682 -1.081
1.000 58.390 22.136 133.538 -1.098
8.218 189.506 215.092 256.000 -1.098
242.982 10.017 256.000 62.666 -1.123
1.000 110.233 66.094 256.000 -1.129
192.169 242.536 241.619 256.000 -1.168
1.000 1.000 16.627 52.319 -1.168
236.721 1.000 256.000 18.793 -1.186
234.734 1.000 256.000 70.081 -1.203
