1.000 1.000 62.973 256.000 -0.088
181.678 1.000 256.000 256.000 -0.093
259.130 225.438 256.000 217.923 -0.132
258.176 216.270 256.000 221.963 -0.132
261.140 175.712 256.000 221.688 -0.135
257.432 203.644 256.000 216.185 -0.136
1.000 1.000 -2.352 256.000 -0.136
1.000 1.000 -6.022 256.000 -0.136
1.000 1.000 -9.691 256.000 -0.136
1.000 1.000 -13.361 256.000 -0.136
1.000 1.000 -17.031 256.000 -0.136
271.150 1.000 256.000 256.000 -0.136
267.485 1.000 256.000 256.000 -0.136
263.821 1.000 256.000 256.000 -0.136
260.156 1.000 256.000 256.000 -0.136
1.000 1.000 -2.124 256.000 -0.136
1.000 1.000 -5.548 256.000 -0.136
1.000 1.000 -8.972 256.000 -0.136
1.000 1.000 -12.396 256.000 -0.136
1.000 1.000 -15.820 256.000 -0.136
1.000 1.000 -1.911 256.000 -0.136
1.000 1.000 -5.106 256.000 -0.136
1.000 1.000 -8.300 256.000 -0.136
1.000 1.000 -11.495 256.000 -0.136
1.000 1.000 -14.690 256.000 -0.136
277.936 2.524 256.000 256.000 -0.136
274.745 1.000 256.000 256.000 -0.136
271.555 1.000 256.000 256.000 -0.136
268.365 1.000 256.000 256.000 -0.136
265.175 1.000 256.000 256.000 -0.136
261.985 1.000 256.000 256.000 -0.136
258.795 1.000 256.000 256.000 -0.136
1.000 1.000 -1.712 256.000 -0.136
1.000 1.000 -4.693 256.000 -0.136
1.000 1.000 -7.674 256.000 -0.136
1.000 1.000 -10.655 256.000 -0.136
1.000 1.000 -13.635 256.000 -0.136
259.394 2.447 256.000 256.000 -0.136
1.000 1.000 -1.527 256.000 -0.136
1.000 1.000 -4.308 256.000 -0.136
1.000 1.000 -7.089 256.000 -0.136
1.000 1.000 -9.871 256.000 -0.136
1.000 1.000 -12.652 256.000 -0.136
278.439 49.494 256.000 256.000 -0.136
275.661 2.375 256.000 256.000 -0.136
272.884 1.000 256.000 256.000 -0.136
270.107 1.000 256.000 256.000 -0.136
267.330 1.000 256.000 256.000 -0.136
264.553 1.000 256.000 256.000 -0.136
261.776 1.000 256.000 256.000 -0.136
258.999 1.000 256.000 256.000 -0.136
1.000 1.000 -1.354 256.000 -0.136
1.000 1.000 -3.949 256.000 -0.136
1.000 1.000 -6.544 256.000 -0.136
1.000 1.000 -9.139 256.000 -0.136
1.000 1.000 -11.734 256.000 -0.136
259.863 46.271 256.000 256.000 -0.136
257.272 2.308 256.000 256.000 -0.136
1.000 1.000 -1.193 256.000 -0.136
1.000 1.000 -3.614 256.000 -0.136
1.000 1.000 -6.035 256.000 -0.136
1.000 1.000 -8.456 256.000 -0.136
1.000 1.000 -10.877 256.000 -0.136
274.172 84.284 256.000 256.000 -0.136
271.754 43.265 256.000 256.000 -0.136
269.336 2.245 256.000 256.000 -0.136
266.919 1.000 256.000 256.000 -0.136
264.501 1.000 256.000 256.000 -0.136
262.084 1.000 256.000 256.000 -0.136
259.666 1.000 256.000 256.000 -0.136
257.248 1.000 256.000 256.000 -0.136
1.000 1.000 -1.042 256.000 -0.136
1.000 1.000 -3.301 256.000 -0.136
1.000 1.000 -5.560 256.000 -0.136
1.000 1.000 -7.819 256.000 -0.136
1.000 1.000 -10.078 256.000 -0.136
1.000 1.000 -0.902 256.000 -0.136
1.000 1.000 -3.010 256.000 -0.136
1.000 1.000 -5.117 256.000 -0.136
1.000 1.000 -7.225 256.000 -0.136
1.000 1.000 -9.333 251.202 -0.136
266.361 109.260 256.000 256.000 -0.136
264.257 73.551 256.000 256.000 -0.136
262.152 37.842 256.000 256.000 -0.136
260.048 2.132 256.000 256.000 -0.136
257.943 1.000 256.000 256.000 -0.136
1.000 1.000 -0.771 256.000 -0.136
1.000 1.000 -2.738 256.000 -0.136
1.000 1.000 -4.704 256.000 -0.136
1.000 1.000 -6.671 250.765 -0.136
1.000 1.000 -8.637 234.422 -0.136
274.294 135.354 256.000 256.000 -0.136
272.331 102.036 256.000 256.000 -0.136
270.367 68.718 256.000 256.000 -0.136
268.403 35.400 256.000 256.000 -0.136
266.440 2.082 256.000 256.000 -0.136
264.476 1.000 256.000 256.000 -0.136
262.512 1.000 256.000 256.000 -0.136
260.548 1.000 256.000 256.000 -0.136
258.585 1.000 256.000 256.000 -0.136
1.000 1.000 -0.649 256.000 -0.136
1.000 1.000 -2.484 256.000 -0.136
1.000 1.000 -4.319 249.263 -0.136
1.000 1.000 -6.153 234.014 -0.136
1.000 1.000 -7.988 218.765 -0.136
1.000 1.000 -0.535 256.000 -0.136
1.000 1.000 -2.247 246.840 -0.136
1.000 1.000 -3.959 232.612 -0.136
1.000 1.000 -5.671 218.385 -0.136
1.000 1.000 -7.383 204.157 -0.136
261.297 147.015 256.000 256.000 -0.136
259.587 118.010 256.000 256.000 -0.136
257.878 89.005 256.000 256.000 -0.136
1.000 1.000 -0.428 243.626 -0.136
1.000 1.000 -2.026 230.352 -0.136
1.000 1.000 -3.623 217.077 -0.136
1.000 1.000 -5.220 203.802 -0.136
1.000 1.000 -6.818 190.528 -0.136
264.744 164.324 256.000 256.000 -0.136
263.149 137.262 256.000 256.000 -0.136
261.554 110.199 256.000 256.000 -0.136
259.959 83.137 256.000 256.000 -0.136
258.364 56.074 256.000 256.000 -0.136
1.000 1.000 -0.329 227.354 -0.136
1.000 1.000 -1.819 214.968 -0.136
1.000 1.000 -3.310 202.582 -0.136
1.000 1.000 -4.800 190.196 -0.136
1.000 1.000 -6.291 177.811 -0.136
266.562 178.662 256.000 256.000 -0.136
265.074 153.412 256.000 256.000 -0.136
263.586 128.162 256.000 256.000 -0.136
262.098 102.911 256.000 256.000 -0.136
260.610 77.661 256.000 256.000 -0.136
259.121 52.411 256.000 256.000 -0.136
257.633 27.161 256.000 256.000 -0.136
1.000 1.000 -0.236 212.171 -0.136
1.000 1.000 -1.627 200.614 -0.136
1.000 1.000 -3.018 189.058 -0.136
1.000 1.000 -4.408 177.502 -0.136
1.000 1.000 -5.799 165.945 -0.136
266.955 190.349 256.000 256.000 -0.136
265.566 166.790 256.000 256.000 -0.136
264.178 143.231 256.000 256.000 -0.136
262.789 119.671 256.000 256.000 -0.136
261.401 96.112 256.000 256.000 -0.136
260.012 72.552 256.000 256.000 -0.136
258.623 48.993 256.000 251.916 -0.136
257.235 25.434 256.000 241.134 -0.136
1.000 1.000 -0.150 198.004 -0.136
1.000 1.000 -1.447 187.222 -0.136
1.000 1.000 -2.745 176.439 -0.136
1.000 1.000 -4.042 165.657 -0.136
1.000 1.000 -5.340 154.875 -0.136
266.104 199.676 256.000 256.000 -0.136
264.808 177.694 256.000 256.000 -0.136
263.513 155.712 256.000 256.000 -0.136
262.217 133.731 256.000 256.000 -0.136
260.922 111.749 256.000 256.000 -0.136
259.626 89.767 256.000 255.209 -0.136
258.330 67.786 256.000 245.149 -0.136
257.035 45.804 256.000 235.088 -0.136
1.000 1.000 -0.069 184.787 -0.136
1.000 1.000 -1.280 174.726 -0.136
1.000 1.000 -2.490 164.666 -0.136
1.000 1.000 -3.701 154.606 -0.136
1.000 1.000 -4.912 144.545 -0.136
264.174 206.906 256.000 256.000 -0.136
262.966 186.396 256.000 256.000 -0.136
261.757 165.886 256.000 256.000 -0.136
260.548 145.377 256.000 256.000 -0.136
259.339 124.867 256.000 256.000 -0.136
258.130 104.358 256.000 247.547 -0.136
1.000 1.000 -1.124 163.067 -0.136
1.000 1.000 -2.253 153.681 -0.136
1.000 1.000 -3.383 144.294 -0.136
1.000 1.000 -4.512 134.908 -0.136
261.315 212.278 256.000 256.000 -0.136
260.187 193.142 256.000 256.000 -0.136
259.059 174.006 256.000 256.000 -0.136
257.931 154.870 256.000 256.000 -0.136
1.000 1.000 -0.978 152.189 -0.136
1.000 1.000 -2.032 143.431 -0.136
1.000 1.000 -3.085 134.673 -0.136
1.000 1.000 -4.139 125.915 -0.136
271.430 233.864 256.000 256.000 -0.136
270.378 216.009 256.000 256.000 -0.136
269.326 198.154 256.000 256.000 -0.136
268.273 180.300 256.000 256.000 -0.136
267.221 162.445 256.000 248.270 -0.136
266.169 144.590 256.000 240.098 -0.136
265.116 126.736 256.000 231.927 -0.136
264.064 108.881 256.000 223.755 -0.136
263.012 91.026 256.000 215.584 -0.136
261.959 73.172 256.000 207.412 -0.136
260.907 55.317 256.000 199.241 -0.136
259.855 37.462 256.000 191.069 -0.136
258.802 19.608 256.000 182.898 -0.136
257.750 1.753 256.000 174.726 -0.136
1.000 1.000 -0.842 142.040 -0.136
1.000 1.000 -1.825 133.868 -0.136
1.000 1.000 -2.808 125.697 -0.136
1.000 1.000 -3.791 117.525 -0.136
266.174 234.954 256.000 256.000 -0.136
265.192 218.295 256.000 256.000 -0.136
264.210 201.636 256.000 254.559 -0.136
263.229 184.977 256.000 246.935 -0.136
262.247 168.318 256.000 239.310 -0.136
261.265 151.659 256.000 231.686 -0.136
260.283 135.000 256.000 224.062 -0.136
259.301 118.341 256.000 216.437 -0.136
258.319 101.682 256.000 208.813 -0.136
257.337 85.023 256.000 201.189 -0.136
1.000 1.000 -0.715 132.570 -0.136
1.000 1.000 -1.632 124.946 -0.136
1.000 1.000 -2.550 117.321 -0.136
1.000 1.000 -3.467 109.697 -0.136
272.399 250.398 256.000 256.000 -0.136
271.482 234.855 256.000 256.000 -0.136
270.566 219.311 256.000 251.782 -0.136
269.650 203.768 256.000 244.668 -0.136
268.734 188.225 256.000 237.554 -0.136
267.818 172.681 256.000 230.440 -0.136
266.902 157.138 256.000 223.327 -0.136
265.986 141.595 256.000 216.213 -0.136
265.070 126.051 256.000 209.099 -0.136
264.154 110.508 256.000 201.985 -0.136
263.238 94.964 256.000 194.872 -0.136
262.321 79.421 256.000 187.758 -0.136
261.405 63.878 256.000 180.644 -0.136
260.489 48.334 256.000 173.530 -0.136
259.573 32.791 256.000 166.417 -0.136
258.657 17.247 256.000 159.303 -0.136
257.741 1.704 256.000 152.189 -0.136
261.326 250.398 256.000 256.000 -0.136
260.409 234.855 256.000 256.000 -0.136
259.493 219.311 256.000 251.782 -0.136
258.577 203.768 256.000 244.668 -0.136
257.661 188.225 256.000 237.554 -0.136
1.000 1.000 -0.596 123.734 -0.136
1.000 1.000 -1.452 116.621 -0.136
1.000 1.000 -2.308 109.507 -0.136
1.000 1.000 -3.164 102.393 -0.136
265.414 248.224 256.000 254.875 -0.136
264.559 233.722 256.000 248.237 -0.136
263.705 219.219 256.000 241.600 -0.136
262.850 204.717 256.000 234.963 -0.136
261.995 190.214 256.000 228.325 -0.136
260.286 161.209 256.000 215.051 -0.136
259.431 146.707 256.000 208.413 -0.136
258.576 132.204 256.000 201.776 -0.136
257.721 117.702 256.000 195.139 -0.136
1.000 1.000 -0.486 115.490 -0.136
1.000 1.000 -1.284 108.853 -0.136
1.000 1.000 -2.083 102.216 -0.136
1.000 1.000 -2.882 95.578 -0.136
268.586 258.756 256.000 250.234 -0.136
267.788 245.225 256.000 244.041 -0.136
266.991 231.693 256.000 237.849 -0.136
266.193 218.162 256.000 231.656 -0.136
265.395 204.631 256.000 225.463 -0.136
264.598 191.100 256.000 219.270 -0.136
263.800 177.568 256.000 213.077 -0.136
263.003 164.037 256.000 206.884 -0.136
262.205 150.506 256.000 200.691 -0.136
261.408 136.974 256.000 194.499 -0.136
260.610 123.443 256.000 188.306 -0.136
259.813 109.912 256.000 182.113 -0.136
259.015 96.380 256.000 175.920 -0.136
258.218 82.849 256.000 169.727 -0.136
257.420 69.318 256.000 163.534 -0.136
1.000 258.756 16.757 250.234 -0.136
1.000 245.225 16.012 244.041 -0.136
1.000 1.000 -0.383 107.798 -0.136
1.000 1.000 -1.128 101.605 -0.136
1.000 1.000 -1.873 95.413 -0.136
1.000 1.000 -2.618 89.220 -0.136
270.147 266.770 256.000 245.075 -0.136
269.403 254.145 256.000 239.297 -0.136
268.658 241.520 256.000 233.519 -0.136
267.914 228.895 256.000 227.741 -0.136
267.170 216.270 256.000 221.963 -0.136
266.426 203.644 256.000 216.185 -0.136
265.682 191.019 256.000 210.406 -0.136
264.938 178.394 256.000 204.628 -0.136
264.194 165.769 256.000 198.850 -0.136
263.450 153.144 256.000 193.072 -0.136
262.706 140.519 256.000 187.294 -0.136
261.961 127.894 256.000 181.516 -0.136
261.217 115.268 256.000 175.737 -0.136
260.473 102.643 256.000 169.959 -0.136
259.729 90.018 256.000 164.181 -0.136
258.985 77.393 256.000 158.403 -0.136
258.241 64.768 256.000 152.625 -0.136
257.497 52.143 256.000 146.847 -0.136
1.000 266.770 17.096 245.075 -0.136
1.000 254.145 16.401 239.297 -0.136
1.000 241.520 15.705 233.519 -0.136
1.000 228.895 15.010 227.741 -0.136
1.000 1.000 -0.286 100.622 -0.136
1.000 1.000 -0.982 94.843 -0.136
1.000 1.000 -1.677 89.065 -0.136
1.000 1.000 -2.372 83.287 -0.136
270.299 272.557 256.000 239.488 -0.136
269.605 260.777 256.000 234.097 -0.136
268.910 248.997 256.000 228.705 -0.136
268.216 237.218 256.000 223.314 -0.136
267.522 225.438 256.000 217.923 -0.136
266.828 213.658 256.000 212.532 -0.136
266.133 201.879 256.000 207.141 -0.136
265.439 190.099 256.000 201.749 -0.136
264.745 178.319 256.000 196.358 -0.136
264.050 166.540 256.000 190.967 -0.136
263.356 154.760 256.000 185.576 -0.136
262.662 142.980 256.000 180.185 -0.136
261.968 131.201 256.000 174.793 -0.136
261.273 119.421 256.000 169.402 -0.136
260.579 107.641 256.000 164.011 -0.136
259.885 95.862 256.000 158.620 -0.136
259.190 84.082 256.000 153.229 -0.136
258.496 72.302 256.000 147.837 -0.136
257.802 60.523 256.000 142.446 -0.136
257.108 48.743 256.000 137.055 -0.136
1.000 272.557 17.319 239.488 -0.136
1.000 260.777 16.670 234.097 -0.136
1.000 248.997 16.022 228.705 -0.136
1.000 237.218 15.373 223.314 -0.136
1.000 225.438 14.724 217.923 -0.136
1.000 213.658 14.075 212.532 -0.136
1.000 1.000 -0.196 93.925 -0.136
1.000 1.000 -0.845 88.534 -0.136
1.000 1.000 -1.494 83.143 -0.136
1.000 1.000 -2.143 77.752 -0.136
269.224 276.378 256.000 233.553 -0.136
268.576 265.387 256.000 228.522 -0.136
267.929 254.396 256.000 223.492 -0.136
267.281 243.406 256.000 218.462 -0.136
266.633 232.415 256.000 213.432 -0.136
265.985 221.424 256.000 208.402 -0.136
265.337 210.433 256.000 203.372 -0.136
264.690 199.442 256.000 198.341 -0.136
264.042 188.451 256.000 193.311 -0.136
263.394 177.461 256.000 188.281 -0.136
262.746 166.470 256.000 183.251 -0.136
262.098 155.479 256.000 178.221 -0.136
261.451 144.488 256.000 173.190 -0.136
260.803 133.497 256.000 168.160 -0.136
260.155 122.506 256.000 163.130 -0.136
259.507 111.516 256.000 158.100 -0.136
258.860 100.525 256.000 153.070 -0.136
258.212 89.534 256.000 148.040 -0.136
257.564 78.543 256.000 143.009 -0.136
1.000 276.378 17.440 233.553 -0.136
1.000 265.387 16.835 228.522 -0.136
1.000 254.396 16.230 223.492 -0.136
1.000 243.406 15.625 218.462 -0.136
1.000 232.415 15.019 213.432 -0.136
1.000 221.424 14.414 208.402 -0.136
1.000 210.433 13.809 203.372 -0.136
1.000 199.442 13.203 198.341 -0.136
1.000 1.000 -0.113 87.677 -0.136
1.000 1.000 -0.718 82.647 -0.136
1.000 1.000 -1.323 77.617 -0.136
1.000 1.000 -1.929 72.587 -0.136
258.436 213.658 256.000 212.532 -0.137
258.803 232.415 256.000 213.432 -0.138
258.155 221.424 256.000 208.402 -0.139
261.907 272.557 256.000 239.488 -0.140
259.824 237.218 256.000 223.314 -0.141
258.920 228.895 256.000 227.741 -0.142
261.394 276.378 256.000 233.553 -0.142
259.451 243.406 256.000 218.462 -0.143
258.711 233.864 256.000 256.000 -0.147
257.658 216.009 256.000 256.000 -0.147
258.946 258.756 256.000 250.234 -0.147
258.148 245.225 256.000 244.041 -0.147
257.351 231.693 256.000 237.849 -0.147
1.000 258.756 26.397 250.234 -0.147
1.000 245.225 25.651 244.041 -0.147
261.153 266.770 256.000 245.075 -0.147
260.408 254.145 256.000 239.297 -0.147
259.664 241.520 256.000 233.519 -0.147
1.000 266.770 26.090 245.075 -0.147
1.000 254.145 25.395 239.297 -0.147
1.000 241.520 24.699 233.519 -0.147
261.213 260.777 256.000 234.097 -0.147
260.519 248.997 256.000 228.705 -0.147
1.000 272.557 25.711 239.488 -0.147
1.000 260.777 25.062 234.097 -0.147
1.000 248.997 24.413 228.705 -0.147
260.746 265.387 256.000 228.522 -0.147
260.099 254.396 256.000 223.492 -0.147
1.000 276.378 25.270 233.553 -0.147
1.000 265.387 24.665 228.522 -0.147
1.000 254.396 24.060 223.492 -0.147
1.000 237.218 23.765 223.314 -0.157
254.704 199.442 256.000 198.341 -0.158
1.000 243.406 23.454 218.462 -0.159
1.000 232.205 29.545 224.140 -0.162
257.047 190.099 256.000 201.749 -0.162
2.734 251.779 46.943 248.799 -0.169
253.613 258.413 256.000 256.000 -0.169
1.000 223.313 34.697 221.738 -0.169
257.073 233.722 256.000 248.237 -0.173
258.199 203.009 256.000 256.000 -0.186
1.000 252.202 31.370 245.477 -0.193
262.198 226.698 256.000 243.138 -0.196
239.666 258.756 256.000 250.234 -0.199
1.000 229.922 32.288 209.289 -0.204
252.454 277.040 256.000 230.854 -0.205
254.888 273.280 256.000 246.414 -0.209
1.000 216.747 33.718 209.173 -0.210
1.000 1.000 138.365 256.000 -0.215
251.408 276.378 256.000 233.553 -0.216
258.760 260.583 256.000 256.000 -0.217
248.597 226.747 256.000 212.266 -0.218
1.000 221.424 27.918 208.402 -0.218
248.370 273.280 256.000 246.414 -0.219
245.123 272.557 256.000 239.488 -0.222
254.477 231.288 256.000 206.885 -0.223
1.000 227.190 35.017 217.149 -0.226
251.163 245.225 256.000 244.041 -0.226
251.369 221.633 256.000 219.866 -0.226
146.117 1.000 208.423 170.323 -0.228
241.202 270.711 256.000 232.387 -0.228
255.132 260.777 256.000 234.097 -0.229
246.781 165.121 256.000 159.866 -0.232
1.000 256.929 38.200 238.882 -0.234
1.000 223.865 24.729 215.401 -0.234
251.739 166.460 256.000 163.500 -0.239
259.097 260.655 256.000 240.636 -0.239
1.000 280.562 33.829 225.497 -0.240
1.000 254.703 32.246 232.847 -0.240
1.000 254.145 31.912 239.297 -0.242
95.244 1.000 256.000 256.000 -0.243
255.073 265.387 256.000 228.522 -0.244
1.000 248.997 30.495 228.705 -0.245
1.000 211.042 31.966 205.031 -0.246
1.000 277.040 34.883 230.854 -0.246
251.834 210.433 256.000 203.372 -0.246
7.884 266.871 26.426 237.743 -0.246
14.522 273.280 42.897 246.414 -0.249
1.000 199.442 26.707 198.341 -0.252
239.744 239.242 256.000 237.608 -0.252
1.000 213.315 32.136 200.237 -0.256
10.152 272.557 42.495 239.488 -0.258
250.371 241.701 256.000 214.681 -0.264
231.441 260.260 256.000 243.736 -0.266
1.000 271.576 35.921 235.822 -0.267
249.619 271.055 256.000 229.688 -0.268
10.839 276.378 40.930 233.553 -0.272
251.621 243.406 256.000 218.462 -0.272
249.286 266.851 256.000 235.346 -0.273
252.952 238.439 256.000 236.090 -0.278
262.103 255.880 256.000 232.713 -0.279
1.000 243.406 29.128 218.462 -0.279
2.704 250.213 26.849 231.548 -0.279
235.335 258.756 256.000 250.234 -0.282
235.393 246.720 256.000 239.146 -0.292
2.118 239.242 50.288 237.608 -0.294
7.065 251.779 51.274 248.799 -0.296
241.676 241.520 256.000 233.519 -0.304
221.108 255.454 255.330 252.990 -0.306
230.813 270.966 256.000 229.605 -0.307
246.354 268.011 256.000 249.663 -0.309
239.212 233.602 256.000 184.145 -0.309
240.362 253.481 256.000 220.072 -0.311
220.859 266.527 250.481 240.442 -0.319
252.028 234.395 256.000 185.196 -0.321
228.220 247.635 256.000 237.958 -0.323
8.151 260.260 49.301 243.736 -0.326
210.976 260.260 252.126 243.736 -0.327
251.186 199.442 256.000 198.341 -0.330
251.907 177.386 256.000 162.653 -0.330
246.595 254.396 256.000 223.492 -0.331
215.091 266.483 253.393 238.239 -0.332
2.622 235.010 43.870 232.180 -0.332
229.401 268.073 255.280 248.121 -0.334
231.180 254.703 256.000 232.847 -0.335
8.069 237.218 40.548 223.314 -0.344
232.725 259.720 256.000 227.357 -0.345
242.550 213.330 256.000 210.547 -0.351
4.208 260.408 48.470 236.989 -0.351
226.533 266.527 256.000 240.442 -0.355
233.463 258.580 256.000 215.437 -0.361
213.956 246.266 256.000 242.707 -0.365
236.405 244.514 256.000 237.339 -0.368
210.747 258.756 248.109 250.234 -0.369
8.110 238.716 43.874 225.479 -0.370
212.039 270.711 247.691 232.387 -0.371
244.980 224.189 256.000 202.328 -0.372
218.724 278.631 245.107 240.737 -0.373
249.778 232.225 256.000 204.495 -0.378
10.559 242.104 41.053 223.383 -0.379
242.794 215.400 256.000 193.247 -0.385
9.385 220.910 37.897 212.409 -0.385
240.171 236.876 256.000 211.511 -0.388
249.488 207.215 256.000 206.108 -0.388
235.158 241.520 256.000 233.519 -0.389
13.621 255.072 40.094 229.955 -0.391
251.305 156.629 256.000 153.557 -0.392
16.513 276.378 46.604 233.553 -0.392
243.064 238.735 256.000 191.742 -0.393
236.293 236.646 256.000 233.682 -0.393
244.192 192.426 256.000 173.791 -0.394
253.107 252.329 256.000 219.304 -0.395
251.798 247.654 256.000 221.610 -0.397
9.646 196.295 43.601 176.701 -0.405
27.593 258.756 64.955 250.234 -0.406
207.188 266.770 241.950 245.075 -0.410
28.616 260.260 69.766 243.736 -0.410
146.147 259.106 159.098 256.000 -0.411
229.427 265.387 256.000 228.522 -0.415
6.397 258.580 42.604 215.437 -0.416
11.952 251.353 35.585 243.468 -0.417
26.255 260.860 61.437 239.277 -0.418
24.788 247.990 33.419 212.757 -0.419
229.956 260.777 256.000 234.097 -0.420
2.719 205.080 52.287 180.365 -0.420
232.114 260.655 256.000 240.636 -0.422
256.543 220.349 256.000 207.685 -0.425
22.119 247.789 35.647 207.446 -0.427
136.372 261.965 164.207 254.329 -0.430
133.630 258.756 170.992 250.234 -0.433
233.241 226.882 256.000 196.824 -0.434
134.382 263.589 153.798 256.000 -0.435
109.564 260.260 150.713 243.736 -0.435
132.331 261.965 160.166 254.329 -0.437
31.532 261.999 63.371 246.872 -0.439
92.748 260.408 137.010 236.989 -0.439
69.546 260.260 110.696 243.736 -0.441
138.272 276.378 168.364 233.553 -0.441
22.078 266.483 60.381 238.239 -0.442
105.523 260.260 146.672 243.736 -0.442
111.696 258.756 149.058 250.234 -0.442
126.645 258.756 164.007 250.234 -0.444
213.061 250.375 256.000 234.124 -0.444
1.025 209.451 46.863 195.148 -0.445
189.199 266.770 223.961 245.075 -0.446
221.597 265.387 251.731 228.522 -0.447
208.847 268.073 234.726 248.121 -0.449
250.106 236.454 256.000 205.115 -0.450
68.381 253.750 115.919 242.397 -0.450
218.735 241.520 253.594 233.519 -0.451
13.234 212.193 38.995 171.215 -0.452
241.831 209.770 256.000 197.787 -0.453
181.710 266.527 211.331 240.442 -0.454
182.944 277.862 201.444 242.774 -0.456
6.760 239.242 54.930 237.608 -0.457
188.549 270.711 224.202 232.387 -0.457
74.543 251.779 118.751 248.799 -0.458
159.740 266.770 194.502 245.075 -0.460
192.226 266.483 230.528 238.239 -0.462
209.488 235.010 250.735 232.180 -0.462
224.111 266.851 250.539 235.346 -0.464
227.777 238.439 256.000 236.090 -0.465
53.672 260.583 76.763 256.000 -0.469
68.806 258.756 106.168 250.234 -0.470
217.235 264.330 248.382 236.994 -0.471
209.342 265.733 239.857 251.669 -0.471
198.193 266.770 232.955 245.075 -0.471
186.218 274.147 206.137 249.371 -0.472
128.287 276.378 158.378 233.553 -0.472
194.232 274.985 209.290 256.000 -0.474
224.003 241.926 256.000 226.968 -0.474
2.394 212.874 31.953 210.370 -0.476
11.631 216.939 38.991 172.793 -0.477
208.019 247.407 252.876 218.823 -0.478
96.617 278.631 123.000 240.737 -0.479
194.223 270.711 229.876 232.387 -0.480
204.249 247.407 249.106 218.823 -0.481
182.508 268.475 203.955 255.668 -0.484
77.375 253.750 124.913 242.397 -0.485
208.176 241.520 243.036 233.519 -0.485
231.963 230.521 256.000 193.903 -0.486
172.143 278.631 198.526 240.737 -0.487
63.993 257.159 84.899 256.000 -0.487
182.585 261.999 214.424 246.872 -0.487
251.925 219.000 256.000 184.300 -0.488
20.581 260.860 55.763 239.277 -0.491
179.252 269.495 185.689 256.000 -0.491
52.937 261.999 84.776 246.872 -0.493
6.663 235.010 47.911 232.180 -0.495
56.432 266.527 86.054 240.442 -0.496
145.366 261.965 173.201 254.329 -0.496
104.512 255.925 142.311 245.623 -0.496
236.806 216.641 256.000 206.947 -0.497
84.605 270.711 120.257 232.387 -0.498
215.923 265.387 246.057 228.522 -0.499
198.108 265.387 228.241 228.522 -0.499
148.478 282.046 173.009 234.718 -0.500
205.200 266.527 234.821 240.442 -0.501
34.085 260.860 69.267 239.277 -0.501
45.293 266.770 80.055 245.075 -0.501
62.390 257.515 87.766 255.506 -0.503
10.251 240.307 49.488 219.955 -0.503
235.097 227.179 256.000 198.638 -0.504
17.626 251.353 41.259 243.468 -0.505
258.251 125.209 256.000 207.754 -0.507
242.816 175.273 256.000 145.952 -0.508
13.979 210.451 32.921 186.269 -0.510
83.132 266.483 121.435 238.239 -0.513
144.421 272.557 176.764 239.488 -0.514
95.733 265.043 136.946 231.221 -0.519
36.551 266.483 74.854 238.239 -0.520
197.623 252.440 245.749 228.705 -0.522
121.133 257.515 146.508 255.506 -0.524
167.124 274.147 187.043 249.371 -0.525
64.038 266.483 102.340 238.239 -0.526
223.178 217.773 256.000 206.791 -0.526
236.458 255.880 255.042 232.713 -0.526
12.745 236.646 42.430 233.682 -0.526
24.547 229.050 54.046 211.471 -0.528
154.923 272.195 178.983 241.608 -0.528
45.456 270.711 81.108 232.387 -0.529
158.496 268.073 184.375 248.121 -0.530
7.676 242.923 46.070 227.456 -0.532
75.802 261.999 107.641 246.872 -0.534
191.694 253.112 242.466 222.965 -0.534
147.615 253.744 195.729 244.246 -0.535
207.459 244.514 233.429 237.339 -0.536
224.775 257.884 238.275 252.613 -0.541
83.068 262.344 106.659 248.498 -0.541
112.627 276.378 142.718 233.553 -0.542
167.285 277.862 185.784 242.774 -0.542
35.381 255.850 56.876 249.889 -0.543
212.033 246.497 242.188 226.792 -0.544
29.614 256.293 55.538 242.730 -0.546
160.905 273.280 189.279 246.414 -0.546
243.410 224.533 256.000 199.630 -0.547
98.514 254.145 133.325 239.297 -0.547
241.198 173.688 256.000 140.795 -0.548
224.711 269.915 249.796 217.768 -0.548
198.935 266.851 225.364 235.346 -0.551
85.161 246.325 126.948 224.266 -0.552
99.123 276.378 129.214 233.553 -0.553
43.237 260.655 71.660 240.636 -0.553
39.255 260.777 71.643 234.097 -0.554
129.996 251.786 193.406 232.078 -0.554
189.023 235.010 230.270 232.180 -0.555
237.150 224.189 256.000 202.328 -0.556
25.848 247.920 53.783 200.750 -0.557
207.597 252.912 249.365 214.271 -0.558
23.756 233.899 42.426 222.653 -0.558
205.937 265.387 236.071 228.522 -0.563
37.818 257.020 55.890 244.633 -0.564
101.259 245.225 138.673 244.041 -0.565
102.056 245.216 143.565 223.418 -0.566
24.376 221.301 50.864 212.546 -0.566
67.243 246.720 108.075 239.146 -0.567
250.233 207.800 256.000 167.806 -0.568
9.417 209.451 55.255 195.148 -0.569
87.906 246.720 128.739 239.146 -0.570
97.836 243.821 135.882 229.366 -0.571
256.747 194.797 256.000 189.943 -0.573
188.527 242.923 226.920 227.456 -0.573
126.750 268.011 144.779 249.663 -0.575
43.025 260.777 75.413 234.097 -0.578
51.653 266.851 78.081 235.346 -0.578
167.423 239.242 215.593 237.608 -0.579
14.447 264.247 45.093 216.602 -0.580
121.746 246.720 162.578 239.146 -0.582
247.765 271.465 256.000 174.147 -0.583
89.734 241.926 121.850 226.968 -0.589
203.259 262.688 215.770 245.799 -0.590
75.239 262.344 98.829 248.498 -0.591
30.661 240.816 69.676 220.750 -0.591
19.891 244.790 65.593 211.321 -0.593
