6.445 174.600 95.484 256.000 -1.052
1.000 13.648 242.583 178.051 -1.061
88.825 193.914 139.542 245.821 -1.067
139.765 189.072 202.643 256.000 -1.075
116.391 192.617 158.515 256.000 -1.098
188.466 145.772 247.876 217.461 -1.099
115.042 142.317 256.000 256.000 -1.108
43.506 139.148 107.188 222.197 -1.129
229.678 4.883 256.000 70.571 -1.133
1.000 138.374 180.814 256.000 -1.134
233.724 68.125 256.000 160.741 -1.143
134.468 1.000 197.007 21.522 -1.161
1.000 1.000 37.600 23.028 -1.168
226.963 49.429 256.000 206.876 -1.173
210.480 36.299 256.000 242.564 -1.176
50.256 97.238 256.000 256.000 -1.178
207.131 1.000 256.000 38.876 -1.193
