46.917 193.764 82.432 253.248 -0.893
70.829 99.761 193.205 118.909 -1.012
124.621 224.249 192.887 256.000 -1.021
105.301 81.581 150.273 169.411 -1.045
31.341 210.175 111.080 256.000 -1.048
61.420 87.552 175.988 166.453 -1.090
1.000 182.997 77.929 236.517 -1.136
91.160 211.144 158.125 256.000 -1.157
61.921 45.441 141.021 94.645 -1.165
122.624 168.778 196.685 222.013 -1.175
48.130 180.112 172.808 254.307 -1.183
48.695 54.791 148.453 118.819 -1.192
93.348 24.857 256.000 139.332 -1.192
93.436 132.443 256.000 245.132 -1.201
1.000 87.279 118.111 145.786 -1.224
120.946 1.000 200.956 38.343 -1.248
58.788 4.622 130.958 50.994 -1.265
33.284 121.962 161.087 198.667 -1.272
8.636 1.000 256.000 161.263 -1.297
1.000 165.221 111.449 256.000 -1.341
