84.224 48.416 191.887 147.693 -0.960
5.487 127.662 90.270 189.211 -1.039
174.059 91.158 229.823 131.008 -1.118
167.229 157.866 256.000 222.577 -1.118
33.088 31.519 228.229 156.156 -1.127
89.860 170.296 153.947 221.176 -1.144
48.240 222.955 105.800 256.000 -1.149
29.426 206.281 128.655 256.000 -1.165
110.547 156.990 188.216 210.518 -1.170
30.821 152.479 121.958 201.887 -1.181
204.976 100.833 256.000 139.535 -1.203
108.798 229.731 171.913 256.000 -1.217
23.213 119.290 149.684 203.290 -1.230
1.000 159.831 127.946 256.000 -1.233
77.755 165.119 224.643 256.000 -1.241
169.421 8.361 256.000 63.103 -1.253
1.683 22.507 72.292 63.511 -1.266
190.909 115.135 256.000 169.807 -1.282
3.100 40.042 256.000 222.087 -1.290
19.748 5.515 118.383 62.626 -1.318
115.758 1.000 179.479 25.165 -1.344
199.495 223.705 256.000 256.000 -1.370
85.495 1.000 150.316 34.857 -1.459
138.848 1.000 204.218 35.118 -1.488
1.000 1.000 41.567 34.535 -1.573
107.227 1.000 229.930 47.381 -1.580
1.000 1.000 184.317 72.524 -1.592
205.079 1.000 256.000 13.224 -1.790
