1.000 118.096 55.488 172.686 -1.072
1.000 165.420 61.686 243.893 -1.133
117.859 92.567 223.077 170.130 -1.139
113.308 164.969 172.250 235.616 -1.151
72.278 62.614 171.662 175.577 -1.193
193.267 29.819 253.680 90.020 -1.204
171.375 129.474 256.000 224.627 -1.220
112.070 22.710 168.730 74.392 -1.237
165.448 23.193 256.000 118.065 -1.241
1.000 121.399 76.858 210.435 -1.242
192.828 89.532 256.000 165.262 -1.248
85.830 187.157 158.863 256.000 -1.255
83.790 146.284 162.593 206.446 -1.261
12.734 184.492 149.970 256.000 -1.264
14.086 83.347 256.000 256.000 -1.266
1.000 43.158 75.022 123.116 -1.329
70.252 1.000 160.806 69.808 -1.335
164.299 1.000 223.966 43.151 -1.381
128.871 8.413 256.000 155.524 -1.420
28.654 1.000 163.337 146.237 -1.431
