1.000 1.000 49.525 19.835 -0.301
160.701 1.000 256.000 53.268 -0.302
22.523 1.000 256.000 41.930 -0.311
1.000 1.000 256.000 83.597 -0.328
296.636 1.000 256.000 35.293 -0.330
213.386 1.000 133.172 21.770 -0.342
362.715 1.000 256.000 -5.202 -0.345
93.080 1.000 82.502 15.304 -0.346
362.529 1.000 256.000 22.382 -0.347
340.425 1.000 256.000 21.904 -0.351
76.401 1.000 35.353 10.925 -0.353
378.052 1.000 256.000 -5.999 -0.353
308.374 1.000 256.000 73.462 -0.361
265.711 1.000 256.000 35.501 -0.362
1.000 85.509 29.651 146.688 -0.367
48.172 64.619 146.008 144.242 -0.367
173.194 1.000 171.112 22.517 -0.378
529.799 1.000 256.000 107.940 -0.378
1.000 25.307 -79.863 228.945 -0.378
261.770 1.000 245.980 26.715 -0.379
268.047 1.000 256.000 69.710 -0.380
615.099 1.000 256.000 118.264 -0.384
293.202 1.000 256.000 48.415 -0.386
1.000 23.643 -74.416 213.620 -0.388
190.992 205.155 256.000 256.000 -0.388
1.000 32.434 53.248 166.890 -0.391
1.000 6.229 -18.965 49.039 -0.392
1.000 5.842 -17.596 45.762 -0.392
1.000 29.545 -115.992 206.568 -0.392
1.000 27.092 -85.702 245.371 -0.393
368.154 1.000 256.000 52.778 -0.396
1.000 1.000 -50.857 103.810 -0.399
259.909 1.000 256.000 33.132 -0.400
27.810 112.924 100.853 163.976 -0.400
324.443 1.000 256.000 24.093 -0.401
1.000 1.000 -12.733 46.593 -0.401
71.072 35.696 256.000 246.633 -0.401
1.000 1.000 -11.781 43.479 -0.402
1.000 62.240 -14.363 101.067 -0.405
1.000 1.000 141.698 178.746 -0.406
219.093 1.000 216.776 56.952 -0.407
471.188 1.000 256.000 29.811 -0.408
408.615 1.000 256.000 93.980 -0.408
1.000 65.047 -22.232 120.544 -0.408
1.000 70.297 -13.901 108.967 -0.408
1.000 13.899 -17.134 53.663 -0.410
258.680 1.000 235.332 20.301 -0.410
249.735 1.000 234.472 23.596 -0.410
277.117 1.000 256.000 19.549 -0.412
1.000 1.000 -20.108 34.054 -0.413
1.000 75.705 -57.845 123.074 -0.413
1.000 71.851 -62.634 122.826 -0.413
268.090 1.000 256.000 65.052 -0.413
261.276 1.000 256.000 14.748 -0.413
271.591 168.779 256.000 237.641 -0.413
1.000 135.756 -11.541 176.056 -0.414
316.172 1.000 147.107 61.698 -0.415
1.000 63.016 -35.005 114.708 -0.415
297.625 1.000 256.000 29.093 -0.416
174.076 1.000 162.068 17.902 -0.416
265.165 1.000 240.130 67.378 -0.416
313.721 1.000 256.000 9.402 -0.417
1.000 20.661 -209.345 195.445 -0.417
1.000 1.000 -93.249 158.548 -0.417
274.979 1.000 256.000 20.372 -0.417
282.502 1.000 256.000 6.535 -0.418
274.845 1.000 256.000 17.038 -0.419
1.000 82.087 -41.909 166.037 -0.419
1.000 114.126 -18.616 153.368 -0.420
235.692 1.000 97.022 29.271 -0.420
1.000 142.515 56.214 256.000 -0.420
1.000 1.000 -270.783 166.259 -0.420
1.000 66.675 -15.500 108.314 -0.421
1.000 66.604 -18.594 114.679 -0.422
1.000 1.000 -42.759 54.088 -0.422
1.000 95.395 -85.919 153.731 -0.422
315.414 1.000 256.000 4.072 -0.423
266.696 1.000 186.943 39.499 -0.423
285.403 1.000 256.000 80.057 -0.423
1.000 94.489 -49.929 139.346 -0.423
364.730 1.000 256.000 57.431 -0.423
1.000 1.000 -8.151 41.436 -0.423
280.113 1.000 256.000 16.949 -0.424
260.744 1.000 256.000 15.796 -0.424
1.000 1.000 -11.703 51.956 -0.424
1.000 92.975 -56.855 140.010 -0.424
304.927 1.000 256.000 33.320 -0.425
1.000 1.000 -122.576 133.260 -0.425
1.000 1.000 -80.603 92.563 -0.425
1.000 127.063 -50.640 170.144 -0.426
1.000 1.000 -182.961 239.311 -0.426
168.650 58.911 155.139 110.770 -0.426
1.000 136.213 -13.006 179.609 -0.426
1.000 22.025 -74.825 182.760 -0.426
1.000 1.000 -107.335 182.110 -0.427
311.972 1.000 256.000 8.783 -0.427
1.000 60.108 -41.130 119.776 -0.427
475.195 1.000 256.000 74.059 -0.427
258.001 1.000 256.000 26.645 -0.427
1.000 71.352 -20.035 122.903 -0.428
304.671 1.000 256.000 4.702 -0.429
1.000 160.373 -75.818 256.000 -0.429
1.000 83.235 -54.849 149.155 -0.429
1.000 1.000 -59.148 90.628 -0.429
1.000 1.000 -63.499 97.126 -0.430
1.000 62.174 -17.249 107.005 -0.430
230.156 1.000 197.174 17.637 -0.430
260.666 1.000 256.000 30.585 -0.430
1.000 1.000 -31.009 48.611 -0.431
1.000 35.933 -25.008 79.691 -0.431
1.000 88.356 -77.454 151.194 -0.431
160.340 1.000 132.195 22.406 -0.432
1.000 147.594 -48.417 256.000 -0.432
284.416 1.000 256.000 10.723 -0.432
456.810 1.000 256.000 63.448 -0.432
1.000 1.000 -104.521 69.049 -0.432
1.000 1.000 -100.048 169.921 -0.433
191.225 1.000 177.188 17.584 -0.433
279.645 1.000 256.000 119.272 -0.434
1.000 1.000 -80.366 87.951 -0.434
285.460 1.000 200.254 42.328 -0.434
190.138 1.000 172.137 47.028 -0.434
1.000 1.000 -112.129 73.998 -0.434
1.000 54.183 -14.825 93.166 -0.435
1.000 84.340 -57.350 131.542 -0.435
441.707 1.000 256.000 15.645 -0.435
178.537 1.000 132.022 11.724 -0.435
1.000 1.000 -21.493 34.401 -0.435
144.558 1.000 122.376 14.798 -0.435
266.578 1.000 256.000 44.025 -0.435
1.000 87.125 -55.507 129.835 -0.436
1.000 1.000 -162.586 111.395 -0.436
1.000 67.048 -7.438 126.626 -0.436
309.521 1.000 256.000 67.818 -0.437
1.000 1.000 -35.841 55.825 -0.437
168.833 1.000 141.716 17.807 -0.437
258.746 1.000 256.000 136.066 -0.438
1.000 1.000 -69.771 76.579 -0.438
1.000 50.090 -21.253 102.053 -0.438
1.000 25.287 -102.845 165.001 -0.438
1.000 34.831 -64.756 86.523 -0.438
1.000 1.000 -170.610 223.291 -0.438
120.082 1.000 80.121 14.155 -0.438
1.000 14.864 -18.470 57.507 -0.438
1.000 1.000 -159.085 208.345 -0.439
1.000 10.514 -34.117 85.312 -0.439
1.000 1.000 -100.360 76.949 -0.439
246.929 1.000 200.750 36.275 -0.439
1.000 37.299 -69.510 92.727 -0.440
1.000 78.722 -53.411 122.740 -0.440
1.000 104.264 -22.937 142.261 -0.440
251.135 1.000 244.844 43.678 -0.440
1.000 1.000 -13.753 49.930 -0.441
1.000 1.000 -97.011 147.166 -0.441
1.000 1.000 -33.341 52.093 -0.442
1.000 90.361 -61.573 140.977 -0.442
1.000 82.978 -87.697 148.843 -0.442
1.000 163.764 -55.744 245.630 -0.442
89.576 1.000 40.882 9.889 -0.442
127.233 1.000 114.072 31.060 -0.443
1.000 17.974 -60.499 148.465 -0.443
1.000 147.466 -24.977 190.627 -0.445
1.000 1.000 -68.163 104.090 -0.445
1.000 45.260 -25.334 105.238 -0.445
1.000 1.000 -21.902 52.777 -0.445
1.000 44.718 -38.930 100.588 -0.446
1.000 61.564 -26.508 125.619 -0.446
150.696 1.000 139.687 25.180 -0.446
1.000 92.936 -32.262 160.551 -0.446
1.000 79.506 -52.540 129.034 -0.446
1.000 1.000 -75.322 69.201 -0.446
1.000 49.801 -94.358 179.627 -0.447
1.000 38.480 -26.909 85.404 -0.447
1.000 53.653 -22.885 109.370 -0.447
291.561 103.295 256.000 256.000 -0.447
1.000 32.113 -8.913 74.445 -0.448
1.000 1.000 -19.955 32.104 -0.448
1.000 182.496 -13.556 256.000 -0.448
1.000 99.218 -58.104 150.977 -0.449
1.000 38.050 -7.755 77.366 -0.449
329.423 1.000 256.000 41.665 -0.449
272.785 1.000 256.000 103.851 -0.449
1.000 74.382 -4.626 122.324 -0.449
1.000 1.000 -14.530 43.565 -0.450
250.937 1.000 211.298 29.493 -0.450
1.000 52.919 -17.780 97.930 -0.450
373.001 1.000 256.000 39.708 -0.450
1.000 48.476 -27.258 112.785 -0.450
1.000 1.000 -38.519 59.825 -0.451
1.000 172.666 -50.775 248.641 -0.451
1.000 33.048 -26.034 93.263 -0.451
1.000 168.615 -80.941 256.000 -0.451
1.000 1.000 -13.242 93.744 -0.451
1.000 143.485 -65.383 232.377 -0.451
348.520 1.000 256.000 64.470 -0.451
279.723 7.656 256.000 65.365 -0.452
288.781 1.000 256.000 8.574 -0.452
1.000 154.042 -23.219 240.340 -0.452
1.000 99.732 -43.987 204.009 -0.452
1.000 101.216 -13.520 142.185 -0.452
