209.838 156.230 255.640 242.555 -0.194
31.080 85.462 91.250 175.564 -0.423
71.627 102.767 138.017 217.225 -0.671
125.048 41.367 256.000 252.125 -0.708
3.475 70.912 54.355 132.438 -1.009
36.377 195.140 111.196 256.000 -1.015
32.493 18.685 99.297 99.302 -1.025
80.209 53.808 162.324 149.297 -1.031
16.358 116.299 96.022 210.164 -1.037
3.554 117.403 131.186 256.000 -1.038
1.000 36.202 16.158 91.816 -1.056
1.000 22.154 70.005 141.573 -1.060
10.384 1.000 241.869 159.119 -1.072
229.045 10.225 256.000 59.496 -1.073
9.049 97.390 239.755 256.000 -1.089
1.000 1.000 14.430 37.533 -1.156
243.635 1.000 256.000 14.505 -1.175
233.195 1.000 256.000 17.902 -1.200
