217.080 1.000 256.000 256.000 -0.074
1.000 1.000 27.904 256.000 -0.111
175.955 1.000 256.000 256.000 -0.113
1.000 266.770 26.090 245.075 -0.128
1.000 272.557 25.711 239.488 -0.134
1.000 1.000 74.338 256.000 -0.134
1.000 1.000 -2.352 256.000 -0.136
1.000 1.000 -6.022 256.000 -0.136
1.000 1.000 -9.691 256.000 -0.136
1.000 1.000 -13.361 256.000 -0.136
1.000 1.000 -17.031 256.000 -0.136
271.150 1.000 256.000 256.000 -0.136
267.485 1.000 256.000 256.000 -0.136
263.821 1.000 256.000 256.000 -0.136
260.156 1.000 256.000 256.000 -0.136
1.000 1.000 -2.124 256.000 -0.136
1.000 1.000 -5.548 256.000 -0.136
1.000 1.000 -8.972 256.000 -0.136
1.000 1.000 -12.396 256.000 -0.136
1.000 1.000 -15.820 256.000 -0.136
1.000 1.000 -1.911 256.000 -0.136
1.000 1.000 -5.106 256.000 -0.136
1.000 1.000 -8.300 256.000 -0.136
1.000 1.000 -11.495 256.000 -0.136
1.000 1.000 -14.690 256.000 -0.136
277.936 2.524 256.000 256.000 -0.136
274.745 1.000 256.000 256.000 -0.136
271.555 1.000 256.000 256.000 -0.136
268.365 1.000 256.000 256.000 -0.136
265.175 1.000 256.000 256.000 -0.136
261.985 1.000 256.000 256.000 -0.136
258.795 1.000 256.000 256.000 -0.136
1.000 1.000 -1.712 256.000 -0.136
1.000 1.000 -4.693 256.000 -0.136
1.000 1.000 -7.674 256.000 -0.136
1.000 1.000 -10.655 256.000 -0.136
1.000 1.000 -13.635 256.000 -0.136
259.394 2.447 256.000 256.000 -0.136
1.000 1.000 -1.527 256.000 -0.136
1.000 1.000 -4.308 256.000 -0.136
1.000 1.000 -7.089 256.000 -0.136
1.000 1.000 -9.871 256.000 -0.136
1.000 1.000 -12.652 256.000 -0.136
278.439 49.494 256.000 256.000 -0.136
275.661 2.375 256.000 256.000 -0.136
272.884 1.000 256.000 256.000 -0.136
270.107 1.000 256.000 256.000 -0.136
267.330 1.000 256.000 256.000 -0.136
264.553 1.000 256.000 256.000 -0.136
261.776 1.000 256.000 256.000 -0.136
258.999 1.000 256.000 256.000 -0.136
1.000 1.000 -1.354 256.000 -0.136
1.000 1.000 -3.949 256.000 -0.136
1.000 1.000 -6.544 256.000 -0.136
1.000 1.000 -9.139 256.000 -0.136
1.000 1.000 -11.734 256.000 -0.136
259.863 46.271 256.000 256.000 -0.136
257.272 2.308 256.000 256.000 -0.136
1.000 1.000 -1.193 256.000 -0.136
1.000 1.000 -3.614 256.000 -0.136
1.000 1.000 -6.035 256.000 -0.136
1.000 1.000 -8.456 256.000 -0.136
1.000 1.000 -10.877 256.000 -0.136
274.172 84.284 256.000 256.000 -0.136
271.754 43.265 256.000 256.000 -0.136
269.336 2.245 256.000 256.000 -0.136
266.919 1.000 256.000 256.000 -0.136
264.501 1.000 256.000 256.000 -0.136
262.084 1.000 256.000 256.000 -0.136
259.666 1.000 256.000 256.000 -0.136
257.248 1.000 256.000 256.000 -0.136
1.000 1.000 -1.042 256.000 -0.136
1.000 1.000 -3.301 256.000 -0.136
1.000 1.000 -5.560 256.000 -0.136
1.000 1.000 -7.819 256.000 -0.136
1.000 1.000 -10.078 256.000 -0.136
1.000 1.000 -0.902 256.000 -0.136
1.000 1.000 -3.010 256.000 -0.136
1.000 1.000 -5.117 256.000 -0.136
1.000 1.000 -7.225 256.000 -0.136
1.000 1.000 -9.333 251.202 -0.136
266.361 109.260 256.000 256.000 -0.136
264.257 73.551 256.000 256.000 -0.136
262.152 37.842 256.000 256.000 -0.136
260.048 2.132 256.000 256.000 -0.136
257.943 1.000 256.000 256.000 -0.136
1.000 1.000 -0.771 256.000 -0.136
1.000 1.000 -2.738 256.000 -0.136
1.000 1.000 -4.704 256.000 -0.136
1.000 1.000 -6.671 250.765 -0.136
1.000 1.000 -8.637 234.422 -0.136
274.294 135.354 256.000 256.000 -0.136
272.331 102.036 256.000 256.000 -0.136
270.367 68.718 256.000 256.000 -0.136
268.403 35.400 256.000 256.000 -0.136
266.440 2.082 256.000 256.000 -0.136
264.476 1.000 256.000 256.000 -0.136
262.512 1.000 256.000 256.000 -0.136
260.548 1.000 256.000 256.000 -0.136
258.585 1.000 256.000 256.000 -0.136
1.000 1.000 -0.649 256.000 -0.136
1.000 1.000 -2.484 256.000 -0.136
1.000 1.000 -4.319 249.263 -0.136
1.000 1.000 -6.153 234.014 -0.136
1.000 1.000 -7.988 218.765 -0.136
1.000 1.000 -0.535 256.000 -0.136
1.000 1.000 -2.247 246.840 -0.136
1.000 1.000 -3.959 232.612 -0.136
1.000 1.000 -5.671 218.385 -0.136
1.000 1.000 -7.383 204.157 -0.136
261.297 147.015 256.000 256.000 -0.136
259.587 118.010 256.000 256.000 -0.136
257.878 89.005 256.000 256.000 -0.136
1.000 1.000 -0.428 243.626 -0.136
1.000 1.000 -2.026 230.352 -0.136
1.000 1.000 -3.623 217.077 -0.136
1.000 1.000 -5.220 203.802 -0.136
1.000 1.000 -6.818 190.528 -0.136
264.744 164.324 256.000 256.000 -0.136
263.149 137.262 256.000 256.000 -0.136
261.554 110.199 256.000 256.000 -0.136
259.959 83.137 256.000 256.000 -0.136
258.364 56.074 256.000 256.000 -0.136
1.000 1.000 -0.329 227.354 -0.136
1.000 1.000 -1.819 214.968 -0.136
1.000 1.000 -3.310 202.582 -0.136
1.000 1.000 -4.800 190.196 -0.136
1.000 1.000 -6.291 177.811 -0.136
266.562 178.662 256.000 256.000 -0.136
265.074 153.412 256.000 256.000 -0.136
263.586 128.162 256.000 256.000 -0.136
262.098 102.911 256.000 256.000 -0.136
260.610 77.661 256.000 256.000 -0.136
259.121 52.411 256.000 256.000 -0.136
257.633 27.161 256.000 256.000 -0.136
1.000 1.000 -0.236 212.171 -0.136
1.000 1.000 -1.627 200.614 -0.136
1.000 1.000 -3.018 189.058 -0.136
1.000 1.000 -4.408 177.502 -0.136
1.000 1.000 -5.799 165.945 -0.136
266.955 190.349 256.000 256.000 -0.136
265.566 166.790 256.000 256.000 -0.136
264.178 143.231 256.000 256.000 -0.136
262.789 119.671 256.000 256.000 -0.136
261.401 96.112 256.000 256.000 -0.136
260.012 72.552 256.000 256.000 -0.136
258.623 48.993 256.000 251.916 -0.136
257.235 25.434 256.000 241.134 -0.136
1.000 1.000 -0.150 198.004 -0.136
1.000 1.000 -1.447 187.222 -0.136
1.000 1.000 -2.745 176.439 -0.136
1.000 1.000 -4.042 165.657 -0.136
1.000 1.000 -5.340 154.875 -0.136
266.104 199.676 256.000 256.000 -0.136
264.808 177.694 256.000 256.000 -0.136
263.513 155.712 256.000 256.000 -0.136
262.217 133.731 256.000 256.000 -0.136
260.922 111.749 256.000 256.000 -0.136
259.626 89.767 256.000 255.209 -0.136
258.330 67.786 256.000 245.149 -0.136
257.035 45.804 256.000 235.088 -0.136
1.000 1.000 -0.069 184.787 -0.136
1.000 1.000 -1.280 174.726 -0.136
1.000 1.000 -2.490 164.666 -0.136
1.000 1.000 -3.701 154.606 -0.136
1.000 1.000 -4.912 144.545 -0.136
264.174 206.906 256.000 256.000 -0.136
262.966 186.396 256.000 256.000 -0.136
261.757 165.886 256.000 256.000 -0.136
260.548 145.377 256.000 256.000 -0.136
259.339 124.867 256.000 256.000 -0.136
258.130 104.358 256.000 247.547 -0.136
1.000 1.000 -1.124 163.067 -0.136
1.000 1.000 -2.253 153.681 -0.136
1.000 1.000 -3.383 144.294 -0.136
1.000 1.000 -4.512 134.908 -0.136
261.315 212.278 256.000 256.000 -0.136
260.187 193.142 256.000 256.000 -0.136
259.059 174.006 256.000 256.000 -0.136
257.931 154.870 256.000 256.000 -0.136
1.000 1.000 -0.978 152.189 -0.136
1.000 1.000 -2.032 143.431 -0.136
1.000 1.000 -3.085 134.673 -0.136
1.000 1.000 -4.139 125.915 -0.136
271.430 233.864 256.000 256.000 -0.136
270.378 216.009 256.000 256.000 -0.136
269.326 198.154 256.000 256.000 -0.136
268.273 180.300 256.000 256.000 -0.136
267.221 162.445 256.000 248.270 -0.136
266.169 144.590 256.000 240.098 -0.136
265.116 126.736 256.000 231.927 -0.136
264.064 108.881 256.000 223.755 -0.136
263.012 91.026 256.000 215.584 -0.136
261.959 73.172 256.000 207.412 -0.136
260.907 55.317 256.000 199.241 -0.136
259.855 37.462 256.000 191.069 -0.136
258.802 19.608 256.000 182.898 -0.136
257.750 1.753 256.000 174.726 -0.136
1.000 1.000 -0.842 142.040 -0.136
1.000 1.000 -1.825 133.868 -0.136
1.000 1.000 -2.808 125.697 -0.136
1.000 1.000 -3.791 117.525 -0.136
266.174 234.954 256.000 256.000 -0.136
265.192 218.295 256.000 256.000 -0.136
264.210 201.636 256.000 254.559 -0.136
263.229 184.977 256.000 246.935 -0.136
262.247 168.318 256.000 239.310 -0.136
261.265 151.659 256.000 231.686 -0.136
260.283 135.000 256.000 224.062 -0.136
259.301 118.341 256.000 216.437 -0.136
258.319 101.682 256.000 208.813 -0.136
257.337 85.023 256.000 201.189 -0.136
1.000 1.000 -0.715 132.570 -0.136
1.000 1.000 -1.632 124.946 -0.136
1.000 1.000 -2.550 117.321 -0.136
1.000 1.000 -3.467 109.697 -0.136
272.399 250.398 256.000 256.000 -0.136
271.482 234.855 256.000 256.000 -0.136
270.566 219.311 256.000 251.782 -0.136
269.650 203.768 256.000 244.668 -0.136
268.734 188.225 256.000 237.554 -0.136
267.818 172.681 256.000 230.440 -0.136
266.902 157.138 256.000 223.327 -0.136
265.986 141.595 256.000 216.213 -0.136
265.070 126.051 256.000 209.099 -0.136
264.154 110.508 256.000 201.985 -0.136
263.238 94.964 256.000 194.872 -0.136
262.321 79.421 256.000 187.758 -0.136
261.405 63.878 256.000 180.644 -0.136
260.489 48.334 256.000 173.530 -0.136
259.573 32.791 256.000 166.417 -0.136
258.657 17.247 256.000 159.303 -0.136
257.741 1.704 256.000 152.189 -0.136
261.326 250.398 256.000 256.000 -0.136
260.409 234.855 256.000 256.000 -0.136
259.493 219.311 256.000 251.782 -0.136
258.577 203.768 256.000 244.668 -0.136
257.661 188.225 256.000 237.554 -0.136
1.000 1.000 -0.596 123.734 -0.136
1.000 1.000 -1.452 116.621 -0.136
1.000 1.000 -2.308 109.507 -0.136
1.000 1.000 -3.164 102.393 -0.136
265.414 248.224 256.000 254.875 -0.136
264.559 233.722 256.000 248.237 -0.136
263.705 219.219 256.000 241.600 -0.136
262.850 204.717 256.000 234.963 -0.136
261.995 190.214 256.000 228.325 -0.136
261.140 175.712 256.000 221.688 -0.136
260.286 161.209 256.000 215.051 -0.136
259.431 146.707 256.000 208.413 -0.136
258.576 132.204 256.000 201.776 -0.136
257.721 117.702 256.000 195.139 -0.136
1.000 1.000 -0.486 115.490 -0.136
1.000 1.000 -1.284 108.853 -0.136
1.000 1.000 -2.083 102.216 -0.136
1.000 1.000 -2.882 95.578 -0.136
268.586 258.756 256.000 250.234 -0.136
267.788 245.225 256.000 244.041 -0.136
266.991 231.693 256.000 237.849 -0.136
266.193 218.162 256.000 231.656 -0.136
265.395 204.631 256.000 225.463 -0.136
264.598 191.100 256.000 219.270 -0.136
263.800 177.568 256.000 213.077 -0.136
263.003 164.037 256.000 206.884 -0.136
262.205 150.506 256.000 200.691 -0.136
261.408 136.974 256.000 194.499 -0.136
260.610 123.443 256.000 188.306 -0.136
259.813 109.912 256.000 182.113 -0.136
259.015 96.380 256.000 175.920 -0.136
258.218 82.849 256.000 169.727 -0.136
257.420 69.318 256.000 163.534 -0.136
1.000 258.756 16.757 250.234 -0.136
1.000 245.225 16.012 244.041 -0.136
1.000 1.000 -0.383 107.798 -0.136
1.000 1.000 -1.128 101.605 -0.136
1.000 1.000 -1.873 95.413 -0.136
1.000 1.000 -2.618 89.220 -0.136
270.147 266.770 256.000 245.075 -0.136
269.403 254.145 256.000 239.297 -0.136
268.658 241.520 256.000 233.519 -0.136
267.914 228.895 256.000 227.741 -0.136
267.170 216.270 256.000 221.963 -0.136
266.426 203.644 256.000 216.185 -0.136
265.682 191.019 256.000 210.406 -0.136
264.938 178.394 256.000 204.628 -0.136
264.194 165.769 256.000 198.850 -0.136
263.450 153.144 256.000 193.072 -0.136
262.706 140.519 256.000 187.294 -0.136
261.961 127.894 256.000 181.516 -0.136
261.217 115.268 256.000 175.737 -0.136
260.473 102.643 256.000 169.959 -0.136
259.729 90.018 256.000 164.181 -0.136
258.985 77.393 256.000 158.403 -0.136
258.241 64.768 256.000 152.625 -0.136
257.497 52.143 256.000 146.847 -0.136
1.000 266.770 17.096 245.075 -0.136
1.000 254.145 16.401 239.297 -0.136
1.000 241.520 15.705 233.519 -0.136
1.000 228.895 15.010 227.741 -0.136
1.000 1.000 -0.286 100.622 -0.136
1.000 1.000 -0.982 94.843 -0.136
1.000 1.000 -1.677 89.065 -0.136
1.000 1.000 -2.372 83.287 -0.136
270.299 272.557 256.000 239.488 -0.136
269.605 260.777 256.000 234.097 -0.136
268.910 248.997 256.000 228.705 -0.136
268.216 237.218 256.000 223.314 -0.136
267.522 225.438 256.000 217.923 -0.136
266.828 213.658 256.000 212.532 -0.136
266.133 201.879 256.000 207.141 -0.136
265.439 190.099 256.000 201.749 -0.136
264.745 178.319 256.000 196.358 -0.136
264.050 166.540 256.000 190.967 -0.136
263.356 154.760 256.000 185.576 -0.136
262.662 142.980 256.000 180.185 -0.136
261.968 131.201 256.000 174.793 -0.136
261.273 119.421 256.000 169.402 -0.136
260.579 107.641 256.000 164.011 -0.136
259.885 95.862 256.000 158.620 -0.136
259.190 84.082 256.000 153.229 -0.136
258.496 72.302 256.000 147.837 -0.136
257.802 60.523 256.000 142.446 -0.136
257.108 48.743 256.000 137.055 -0.136
1.000 272.557 17.319 239.488 -0.136
1.000 260.777 16.670 234.097 -0.136
1.000 248.997 16.022 228.705 -0.136
1.000 237.218 15.373 223.314 -0.136
1.000 225.438 14.724 217.923 -0.136
1.000 213.658 14.075 212.532 -0.136
1.000 1.000 -0.196 93.925 -0.136
1.000 1.000 -0.845 88.534 -0.136
1.000 1.000 -1.494 83.143 -0.136
1.000 1.000 -2.143 77.752 -0.136
269.224 276.378 256.000 233.553 -0.136
268.576 265.387 256.000 228.522 -0.136
267.929 254.396 256.000 223.492 -0.136
267.281 243.406 256.000 218.462 -0.136
266.633 232.415 256.000 213.432 -0.136
265.985 221.424 256.000 208.402 -0.136
265.337 210.433 256.000 203.372 -0.136
264.690 199.442 256.000 198.341 -0.136
264.042 188.451 256.000 193.311 -0.136
263.394 177.461 256.000 188.281 -0.136
262.746 166.470 256.000 183.251 -0.136
262.098 155.479 256.000 178.221 -0.136
261.451 144.488 256.000 173.190 -0.136
260.803 133.497 256.000 168.160 -0.136
260.155 122.506 256.000 163.130 -0.136
259.507 111.516 256.000 158.100 -0.136
258.860 100.525 256.000 153.070 -0.136
258.212 89.534 256.000 148.040 -0.136
257.564 78.543 256.000 143.009 -0.136
1.000 276.378 17.440 233.553 -0.136
1.000 265.387 16.835 228.522 -0.136
1.000 254.396 16.230 223.492 -0.136
1.000 243.406 15.625 218.462 -0.136
1.000 232.415 15.019 213.432 -0.136
1.000 221.424 14.414 208.402 -0.136
1.000 210.433 13.809 203.372 -0.136
1.000 199.442 13.203 198.341 -0.136
1.000 1.000 -0.113 87.677 -0.136
1.000 1.000 -0.718 82.647 -0.136
1.000 1.000 -1.323 77.617 -0.136
1.000 1.000 -1.929 72.587 -0.136
1.219 271.055 25.792 229.688 -0.138
1.000 266.851 26.270 235.346 -0.143
1.000 270.711 26.299 232.387 -0.143
1.000 237.218 23.765 223.314 -0.146
1.000 265.733 25.130 251.669 -0.147
258.711 233.864 256.000 256.000 -0.147
257.658 216.009 256.000 256.000 -0.147
258.946 258.756 256.000 250.234 -0.147
258.148 245.225 256.000 244.041 -0.147
257.351 231.693 256.000 237.849 -0.147
1.000 245.225 25.651 244.041 -0.147
261.153 266.770 256.000 245.075 -0.147
260.408 254.145 256.000 239.297 -0.147
259.664 241.520 256.000 233.519 -0.147
1.000 254.145 25.395 239.297 -0.147
1.000 241.520 24.699 233.519 -0.147
261.907 272.557 256.000 239.488 -0.147
261.213 260.777 256.000 234.097 -0.147
260.519 248.997 256.000 228.705 -0.147
1.000 248.997 24.413 228.705 -0.147
261.394 276.378 256.000 233.553 -0.147
260.746 265.387 256.000 228.522 -0.147
260.099 254.396 256.000 223.492 -0.147
1.000 254.396 24.060 223.492 -0.147
259.130 225.438 256.000 217.923 -0.152
1.000 243.406 23.454 218.462 -0.153
1.000 228.895 24.004 227.741 -0.154
259.824 237.218 256.000 223.314 -0.155
258.803 232.415 256.000 213.432 -0.156
258.920 228.895 256.000 227.741 -0.157
257.087 172.390 256.000 179.929 -0.158
259.451 243.406 256.000 218.462 -0.158
259.864 219.508 256.000 201.494 -0.160
258.176 216.270 256.000 221.963 -0.161
258.962 209.914 256.000 204.354 -0.162
257.741 201.879 256.000 207.141 -0.162
257.047 190.099 256.000 201.749 -0.162
258.155 221.424 256.000 208.402 -0.162
257.508 210.433 256.000 203.372 -0.162
256.860 199.442 256.000 198.341 -0.162
1.000 260.777 31.143 234.097 -0.187
1.000 245.225 32.637 244.041 -0.199
1.000 270.884 35.666 241.752 -0.211
1.000 219.364 30.300 216.674 -0.214
4.737 271.055 29.310 229.688 -0.216
1.000 277.040 34.883 230.854 -0.228
1.000 271.576 35.921 235.822 -0.235
1.000 254.145 31.912 239.297 -0.238
252.403 228.895 256.000 227.741 -0.239
258.309 249.073 256.000 219.628 -0.241
1.000 274.894 34.857 224.332 -0.243
250.541 259.720 256.000 227.357 -0.246
251.985 268.475 256.000 255.668 -0.246
251.163 245.225 256.000 244.041 -0.247
255.132 260.777 256.000 234.097 -0.247
1.000 213.315 36.448 200.237 -0.247
248.685 247.635 256.000 237.958 -0.250
31.033 1.000 176.074 256.000 -0.254
249.557 263.589 256.000 256.000 -0.255
4.089 260.064 28.705 224.658 -0.255
248.687 214.617 256.000 195.316 -0.258
249.872 268.011 256.000 249.663 -0.258
254.425 254.396 256.000 223.492 -0.258
254.437 248.997 256.000 228.705 -0.261
242.420 254.145 256.000 239.297 -0.262
253.049 225.438 256.000 217.923 -0.265
253.147 241.520 256.000 233.519 -0.267
1.000 241.701 32.937 214.681 -0.269
2.794 238.082 27.494 214.597 -0.272
252.574 280.562 256.000 225.497 -0.272
251.797 226.957 256.000 223.731 -0.273
248.087 263.906 256.000 240.317 -0.277
243.734 261.223 256.000 245.784 -0.278
258.598 233.930 256.000 215.087 -0.278
127.476 274.147 147.394 249.371 -0.279
1.000 248.997 30.495 228.705 -0.283
252.454 277.040 256.000 230.854 -0.284
251.021 271.576 256.000 235.822 -0.286
240.555 259.720 256.000 227.357 -0.286
1.000 216.776 41.507 210.323 -0.287
1.000 246.325 34.530 224.266 -0.287
244.429 260.777 256.000 234.097 -0.290
254.036 221.230 256.000 196.440 -0.293
252.722 246.175 256.000 190.587 -0.293
244.804 240.638 256.000 197.060 -0.294
3.174 211.042 36.588 205.031 -0.295
237.927 232.280 256.000 227.595 -0.300
228.618 229.866 256.000 226.496 -0.301
246.614 213.434 256.000 200.244 -0.303
258.346 232.550 256.000 199.268 -0.303
251.276 187.312 256.000 181.391 -0.304
133.557 274.147 153.476 249.371 -0.304
1.000 247.589 32.013 210.407 -0.304
242.326 260.512 256.000 256.000 -0.311
197.234 263.906 242.021 240.317 -0.312
208.093 258.756 245.455 250.234 -0.313
111.680 261.999 143.519 246.872 -0.313
245.787 263.589 256.000 256.000 -0.314
248.971 260.064 256.000 224.658 -0.314
246.354 268.011 256.000 249.663 -0.318
239.093 261.223 256.000 245.784 -0.320
249.081 263.669 256.000 256.000 -0.327
176.342 263.589 195.757 256.000 -0.327
113.397 266.527 143.019 240.442 -0.332
236.826 260.583 256.000 256.000 -0.333
152.554 264.329 196.317 256.000 -0.335
21.664 273.679 34.133 250.829 -0.338
190.176 283.115 223.023 232.104 -0.339
244.449 252.202 256.000 245.477 -0.339
125.979 277.862 144.479 242.774 -0.339
236.470 235.010 256.000 232.180 -0.340
114.343 261.965 142.177 254.329 -0.341
192.987 260.260 234.137 243.736 -0.342
67.069 260.260 108.219 243.736 -0.345
144.530 264.329 188.293 256.000 -0.345
150.178 275.738 157.673 256.000 -0.346
133.809 277.862 152.309 242.774 -0.349
248.592 255.072 256.000 229.955 -0.349
137.790 274.985 152.849 256.000 -0.352
244.100 221.732 256.000 206.742 -0.352
67.558 251.779 111.766 248.799 -0.353
198.307 266.483 236.610 238.239 -0.353
204.388 266.483 242.691 238.239 -0.353
201.982 260.260 243.131 243.736 -0.354
153.527 262.610 155.975 256.000 -0.356
202.053 270.711 237.705 232.387 -0.358
192.311 286.229 222.872 226.663 -0.358
123.590 268.475 145.036 255.668 -0.358
166.609 251.779 210.817 248.799 -0.360
246.245 175.497 256.000 158.240 -0.369
60.552 260.260 101.702 243.736 -0.370
201.940 278.631 228.323 240.737 -0.370
197.613 254.703 235.961 232.847 -0.371
79.833 278.631 106.216 240.737 -0.374
178.787 253.750 226.325 242.397 -0.375
194.122 258.756 231.484 250.234 -0.378
170.783 265.733 201.299 251.669 -0.382
176.249 251.779 220.457 248.799 -0.382
207.727 270.711 243.379 232.387 -0.383
208.551 260.777 240.939 234.097 -0.384
164.253 271.254 165.285 256.000 -0.385
8.045 223.334 38.948 200.683 -0.385
178.412 272.195 202.473 241.608 -0.386
180.299 272.557 212.642 239.488 -0.386
211.649 260.655 240.072 240.636 -0.387
140.243 262.410 149.062 256.000 -0.387
172.630 246.266 228.081 242.707 -0.387
170.641 252.440 218.767 228.705 -0.387
169.273 275.738 176.768 256.000 -0.388
144.786 273.679 157.254 250.829 -0.390
11.919 260.064 36.535 224.658 -0.391
224.749 261.965 252.584 254.329 -0.394
4.862 245.225 42.276 244.041 -0.394
179.635 252.440 227.761 228.705 -0.396
228.340 272.557 256.000 239.488 -0.398
205.937 265.387 236.071 228.522 -0.399
169.446 257.159 190.352 256.000 -0.399
227.919 276.378 256.000 233.553 -0.400
205.443 282.046 229.974 234.718 -0.400
152.547 266.527 182.168 240.442 -0.401
142.050 263.906 186.837 240.317 -0.401
61.491 260.408 105.754 236.989 -0.401
156.837 261.965 184.671 254.329 -0.402
246.149 188.498 256.000 176.406 -0.403
162.267 268.073 188.146 248.121 -0.404
169.197 262.344 192.787 248.498 -0.406
151.961 270.884 189.901 241.752 -0.406
248.686 164.046 256.000 159.150 -0.408
167.597 271.576 209.286 235.822 -0.409
62.257 265.043 103.471 231.221 -0.410
150.399 270.179 158.530 256.000 -0.410
246.997 191.985 256.000 167.285 -0.410
104.350 257.515 129.725 255.506 -0.410
185.411 273.280 213.785 246.414 -0.412
170.467 254.145 205.278 239.297 -0.414
3.775 265.261 42.627 225.463 -0.415
194.720 247.635 235.919 237.958 -0.415
215.916 255.925 253.715 245.623 -0.417
2.481 258.951 44.220 230.044 -0.417
76.775 270.711 112.428 232.387 -0.419
161.367 262.344 184.958 248.498 -0.420
185.848 259.187 230.660 224.214 -0.421
179.811 250.375 224.651 234.124 -0.422
133.630 258.756 170.992 250.234 -0.423
99.084 268.475 120.531 255.668 -0.424
103.411 266.527 133.033 240.442 -0.424
71.110 260.260 112.260 243.736 -0.426
3.148 233.838 49.008 219.315 -0.429
1.000 263.903 42.082 219.301 -0.431
177.793 280.562 213.915 225.497 -0.433
66.186 268.073 92.065 248.121 -0.433
157.918 269.495 164.356 256.000 -0.436
58.740 265.043 99.953 231.221 -0.437
100.396 261.965 128.230 254.329 -0.437
184.142 250.375 228.982 234.124 -0.438
1.000 229.866 46.349 226.496 -0.438
20.667 263.589 40.082 256.000 -0.440
1.767 237.011 50.846 214.887 -0.443
242.550 174.326 256.000 169.291 -0.445
219.869 270.711 255.521 232.387 -0.449
179.767 259.187 224.579 224.214 -0.449
171.391 245.225 208.805 244.041 -0.451
96.219 274.147 116.138 249.371 -0.454
6.453 248.997 38.886 228.705 -0.454
13.735 229.421 43.692 196.455 -0.456
1.000 221.231 45.201 200.539 -0.459
244.711 181.500 256.000 179.964 -0.463
87.752 266.527 117.373 240.442 -0.466
173.476 271.055 198.049 229.688 -0.467
163.727 263.181 189.208 256.000 -0.467
18.274 262.344 41.864 248.498 -0.469
168.903 260.777 201.291 234.097 -0.471
193.384 248.997 225.818 228.705 -0.472
216.143 271.055 240.716 229.688 -0.473
156.976 266.851 183.404 235.346 -0.474
184.360 249.869 219.585 234.247 -0.474
167.930 259.720 203.625 227.357 -0.475
242.474 238.581 256.000 222.104 -0.477
163.949 254.145 198.760 239.297 -0.479
173.922 265.261 212.774 225.463 -0.482
187.711 241.520 222.571 233.519 -0.483
237.037 259.720 256.000 227.357 -0.484
240.601 246.170 256.000 212.389 -0.486
100.114 272.195 124.174 241.608 -0.489
238.379 254.145 256.000 239.297 -0.490
239.858 246.255 256.000 218.054 -0.490
169.842 244.201 210.628 233.081 -0.491
240.659 260.777 256.000 234.097 -0.493
95.132 268.073 121.011 248.121 -0.493
9.789 251.955 40.753 216.493 -0.494
249.981 186.028 256.000 169.210 -0.495
190.429 263.903 232.155 219.301 -0.499
152.298 243.398 203.983 232.689 -0.501
1.000 234.232 44.510 218.706 -0.502
187.303 248.997 219.736 228.705 -0.503
152.514 275.238 183.118 221.633 -0.504
53.286 270.711 88.938 232.387 -0.504
239.625 232.415 256.000 213.432 -0.505
176.600 248.997 209.034 228.705 -0.508
170.225 272.926 190.694 236.595 -0.511
163.351 242.923 201.745 227.456 -0.511
157.197 279.422 193.832 213.577 -0.511
36.299 266.770 71.061 245.075 -0.511
76.967 257.020 95.039 244.633 -0.512
185.098 248.729 220.835 222.327 -0.513
132.322 269.571 168.487 220.467 -0.520
150.895 266.851 177.323 235.346 -0.522
162.843 260.064 187.458 224.658 -0.523
123.379 243.398 175.064 232.689 -0.525
39.631 272.195 63.691 241.608 -0.526
222.626 256.293 248.550 242.730 -0.526
205.279 247.635 246.477 237.958 -0.527
55.321 269.664 68.777 256.000 -0.530
131.963 265.261 170.815 225.463 -0.530
177.268 248.729 213.005 222.327 -0.531
13.581 225.929 41.485 188.733 -0.533
110.814 236.420 169.346 231.254 -0.533
221.633 229.866 256.000 226.496 -0.534
118.611 239.242 166.781 237.608 -0.535
21.966 270.711 57.619 232.387 -0.536
174.929 248.030 203.401 234.858 -0.536
251.185 238.100 256.000 197.495 -0.539
154.022 264.247 184.668 216.602 -0.539
249.376 234.620 256.000 197.483 -0.539
106.625 266.851 133.053 235.346 -0.540
155.662 276.777 191.552 223.469 -0.541
240.118 252.202 256.000 245.477 -0.541
186.138 240.531 218.549 232.242 -0.542
27.997 268.073 53.876 248.121 -0.543
137.079 236.420 195.610 231.254 -0.543
249.370 158.513 256.000 143.821 -0.545
95.958 245.930 150.472 227.366 -0.548
102.476 245.930 156.990 227.366 -0.548
245.453 260.064 256.000 224.658 -0.549
53.135 272.195 77.195 241.608 -0.550
210.005 250.588 230.015 238.588 -0.550
118.996 235.162 160.273 224.461 -0.552
118.272 257.020 136.344 244.633 -0.552
43.149 272.195 67.209 241.608 -0.553
146.529 235.010 187.776 232.180 -0.553
148.690 260.655 177.113 240.636 -0.554
169.438 248.729 205.175 222.327 -0.554
192.928 248.729 228.665 222.327 -0.555
136.082 265.461 171.433 231.383 -0.556
139.382 279.422 176.016 213.577 -0.558
143.229 269.481 181.801 227.077 -0.560
19.369 253.750 66.907 242.397 -0.561
55.484 268.073 81.362 248.121 -0.561
127.088 265.461 162.438 231.383 -0.562
126.097 239.242 174.267 237.608 -0.563
82.421 251.353 106.054 243.468 -0.564
114.708 245.013 156.455 217.571 -0.566
73.449 257.020 91.521 244.633 -0.568
121.762 257.884 135.262 252.613 -0.569
106.196 260.655 134.619 240.636 -0.569
110.612 240.531 143.022 232.242 -0.571
40.185 278.631 66.567 240.737 -0.571
116.457 234.457 154.828 230.993 -0.573
121.260 265.261 160.112 225.463 -0.573
147.876 232.866 198.670 221.110 -0.575
167.526 264.247 198.172 216.602 -0.576
232.429 235.010 256.000 232.180 -0.578
244.822 255.072 256.000 229.955 -0.579
122.336 269.571 158.501 220.467 -0.582
230.046 257.020 248.118 244.633 -0.583
156.282 255.072 182.756 229.955 -0.585
126.826 235.162 168.103 224.461 -0.587
233.426 114.784 256.000 109.114 -0.587
199.435 248.030 227.906 234.858 -0.588
155.523 235.010 196.770 232.180 -0.589
182.368 240.531 214.778 232.242 -0.589
215.716 250.375 256.000 234.124 -0.590
188.543 246.497 218.698 226.792 -0.590
185.025 246.497 215.180 226.792 -0.591
106.764 241.520 141.623 233.519 -0.592
