175.637 24.686 253.908 92.307 -0.990
30.846 21.763 78.486 80.206 -1.023
59.008 18.537 204.258 155.173 -1.052
1.000 76.952 70.531 247.350 -1.079
147.536 156.507 205.345 230.214 -1.083
161.184 155.840 242.001 256.000 -1.104
100.218 216.998 154.446 256.000 -1.105
74.972 171.064 140.386 256.000 -1.110
1.000 169.578 136.314 256.000 -1.119
121.855 207.955 176.937 256.000 -1.120
1.000 17.490 28.222 85.776 -1.121
204.457 27.457 256.000 183.767 -1.122
120.155 148.395 173.431 227.328 -1.122
1.000 1.000 100.610 209.252 -1.123
202.411 1.000 256.000 32.323 -1.127
47.702 6.645 256.000 256.000 -1.128
