198.187 136.472 233.215 229.329 -0.905
80.413 52.247 129.048 109.247 -0.941
96.378 66.333 136.707 143.823 -0.996
49.113 122.722 98.829 179.733 -1.011
7.748 76.226 94.129 199.896 -1.017
211.750 35.636 256.000 125.021 -1.041
94.079 37.264 183.467 215.704 -1.063
209.303 112.448 248.116 191.853 -1.102
165.962 84.098 221.468 157.837 -1.109
203.804 141.211 256.000 250.054 -1.117
166.489 12.214 218.214 107.960 -1.118
160.123 174.097 214.544 236.625 -1.152
89.583 208.022 128.101 256.000 -1.155
106.327 94.088 247.312 256.000 -1.155
1.936 223.381 53.928 256.000 -1.161
21.928 174.745 148.244 256.000 -1.187
1.000 51.771 251.637 256.000 -1.192
