9.380 121.360 78.662 161.531 -1.143
105.347 132.278 256.000 240.301 -1.148
132.556 28.328 256.000 119.350 -1.199
1.000 220.683 51.114 256.000 -1.232
14.767 216.955 96.964 256.000 -1.235
65.679 211.703 150.341 256.000 -1.242
1.000 191.015 61.686 236.819 -1.247
56.318 73.054 127.630 115.643 -1.269
74.372 124.031 140.608 160.242 -1.287
57.539 17.961 212.586 116.063 -1.288
1.000 176.502 98.771 247.612 -1.289
1.000 144.797 54.128 186.188 -1.301
189.000 108.763 238.281 153.157 -1.341
42.192 118.601 112.778 165.367 -1.346
