1573.850 571.950 1640.816 659.514 -0.922
1566.052 531.281 1665.862 677.569 -0.923
817.307 1086.970 1330.396 1785.680 -0.944
948.429 357.221 992.426 423.431 -0.950
744.076 361.359 810.938 449.606 -0.967
1710.828 490.986 1871.344 699.909 -0.971
1710.166 338.830 2106.590 869.587 -0.972
909.297 168.713 970.513 222.581 -0.973
693.607 867.923 972.015 1096.692 -0.977
2238.826 1768.184 2346.650 1824.496 -0.993
1421.158 538.983 1475.910 618.083 -0.995
160.486 1420.927 232.810 1564.346 -1.002
480.564 994.363 1173.079 1527.811 -1.004
828.306 358.286 913.793 421.697 -1.008
1784.824 1314.881 1840.702 1339.845 -1.011
1481.664 283.209 2314.031 933.188 -1.011
1197.708 245.751 1255.004 313.925 -1.014
2194.186 1318.774 2267.421 1459.229 -1.015
2164.568 1066.576 2272.645 1170.210 -1.020
586.675 575.509 658.296 639.280 -1.025
1.000 879.044 1623.916 1944.000 -1.026
1605.460 1580.778 1710.940 1648.169 -1.032
1430.493 995.268 2180.582 1878.285 -1.035
2197.448 1171.356 2250.382 1202.413 -1.035
193.176 623.901 243.813 709.444 -1.041
1068.950 561.449 1165.892 635.045 -1.042
1012.841 509.314 1067.923 585.705 -1.048
663.094 605.315 733.316 647.294 -1.051
438.953 363.030 505.387 466.727 -1.051
755.512 635.039 830.240 690.734 -1.052
960.152 352.328 1027.055 421.051 -1.052
474.787 618.920 1008.691 1034.957 -1.052
1387.164 552.664 1555.361 696.707 -1.053
1281.945 346.627 1337.532 386.437 -1.055
1341.563 487.219 1450.448 589.314 -1.055
542.482 543.957 631.282 607.275 -1.056
863.534 185.405 953.544 258.943 -1.058
1509.692 238.430 1551.625 274.996 -1.058
2563.267 345.601 2592.000 376.573 -1.058
213.588 645.191 295.137 695.839 -1.063
1394.435 254.024 1438.575 291.327 -1.064
2253.294 1537.399 2333.419 1685.382 -1.066
2492.606 1144.031 2539.415 1222.526 -1.067
1526.908 760.498 1955.696 1116.405 -1.070
678.779 204.246 766.035 286.610 -1.071
884.491 368.858 948.268 419.545 -1.071
1963.655 1865.253 2077.619 1936.624 -1.071
425.597 273.815 1590.326 1159.158 -1.072
323.630 348.720 413.959 438.289 -1.072
638.823 46.779 1187.429 488.327 -1.075
2515.083 1016.464 2571.351 1051.276 -1.075
1711.803 1887.207 1812.898 1929.037 -1.079
1.000 154.406 54.563 222.236 -1.080
2031.667 1707.008 2368.489 1940.520 -1.082
