1827.294 634.217 1880.044 703.031 -0.964
467.143 721.794 689.133 980.830 -0.972
1673.306 577.669 1718.897 605.879 -0.973
759.331 1000.975 815.790 1075.515 -0.994
981.006 1715.141 1126.699 1680.235 -0.994
1152.499 1105.725 1286.399 1102.044 -1.017
1575.754 1397.456 1655.346 1516.976 -1.017
1839.225 354.550 2058.056 645.527 -1.019
1.000 1116.449 143.938 1352.218 -1.019
1295.685 1493.986 1315.564 1577.167 -1.020
1641.735 578.292 1687.028 634.755 -1.020
866.959 1075.925 1306.907 1347.818 -1.020
1160.712 593.049 1290.482 608.259 -1.025
1140.586 986.787 1209.639 1101.636 -1.027
1729.151 472.134 1775.724 535.761 -1.028
1280.693 1549.756 1452.601 1533.453 -1.032
1317.345 305.576 1450.716 338.318 -1.036
1665.683 547.916 1704.745 602.438 -1.036
196.352 685.647 228.668 760.645 -1.037
1.000 1.000 2369.686 959.229 -1.040
2413.163 65.462 2592.000 118.695 -1.047
757.508 942.754 2592.000 1944.000 -1.050
1284.684 1559.198 1430.595 1529.490 -1.057
65.495 1057.004 1118.161 1636.591 -1.057
754.390 1860.779 920.461 1840.873 -1.062
1722.703 1834.533 1883.573 1798.063 -1.067
1271.784 1479.188 1423.676 1463.247 -1.070
25.729 1711.910 62.365 1815.042 -1.071
1239.753 1188.823 1377.924 1174.801 -1.071
1.000 1549.605 33.479 1694.161 -1.072
2528.235 350.385 2564.016 400.717 -1.073
1087.988 1097.287 1219.849 1091.858 -1.077
