1580.868 565.535 1669.470 658.901 -0.949
2244.229 1810.527 2327.490 1810.112 -0.978
5.627 996.328 130.434 1059.764 -0.978
216.614 1469.462 304.434 1504.358 -0.983
1933.441 858.326 2024.074 887.246 -0.987
1485.704 1211.110 1567.963 1233.155 -0.988
596.440 1078.698 1088.512 1383.408 -0.995
1642.269 580.014 1737.868 659.964 -1.001
1068.324 598.299 1166.659 640.828 -1.001
1097.580 575.183 1238.634 654.204 -1.002
6.059 233.965 134.707 309.364 -1.002
1360.138 1093.485 1471.058 1132.168 -1.010
1249.502 546.717 1517.024 662.699 -1.016
1732.113 578.974 1853.421 631.537 -1.017
