1116.144 592.677 1191.831 651.347 -0.893
1352.833 1101.618 1466.662 1175.357 -0.925
1575.455 1542.273 1672.041 1607.525 -0.926
1463.064 1398.362 1549.367 1461.100 -0.928
897.159 578.785 984.358 643.002 -0.954
1046.846 589.520 1196.965 697.241 -0.970
1254.136 1152.488 1347.414 1202.204 -0.978
1027.486 1077.544 1098.641 1121.520 -0.980
1602.039 615.151 1678.443 674.337 -0.981
389.310 646.081 1117.770 1163.407 -0.989
1274.663 1237.904 1340.709 1278.624 -0.990
1343.502 605.594 1424.169 665.162 -0.999
1576.066 592.443 1638.107 641.898 -1.001
1196.265 569.782 1251.840 646.027 -1.001
1141.940 226.964 1269.102 396.634 -1.003
954.392 1183.806 1008.626 1258.555 -1.006
1809.368 1027.475 1860.158 1092.009 -1.007
908.889 345.710 991.418 409.805 -1.008
2388.952 782.334 2423.099 826.170 -1.008
917.147 1158.337 956.608 1216.267 -1.008
813.764 290.503 872.721 335.840 -1.008
983.245 567.798 1204.935 721.995 -1.010
1920.463 1443.915 2000.755 1496.983 -1.011
1495.457 1289.468 1618.918 1451.123 -1.016
725.184 1335.044 787.504 1379.124 -1.017
1828.503 672.092 1910.454 732.739 -1.018
1096.021 1152.964 1184.103 1218.731 -1.020
1745.457 589.108 1799.348 629.665 -1.020
1295.097 1534.323 1369.623 1586.197 -1.020
1737.417 1197.385 1849.240 1276.459 -1.024
1653.224 593.335 1698.979 645.395 -1.028
792.920 535.692 871.763 636.920 -1.030
841.066 1452.397 1240.981 1754.421 -1.031
1328.430 337.303 1434.186 418.929 -1.031
858.204 1289.283 907.833 1346.746 -1.032
1669.444 572.233 1794.392 670.978 -1.034
2093.903 1375.866 2156.917 1458.187 -1.034
72.488 1745.760 144.131 1788.618 -1.034
559.411 1182.342 616.959 1258.925 -1.034
1961.126 1582.836 2044.898 1642.042 -1.036
1631.509 297.915 1684.788 361.960 -1.036
2330.825 1925.085 2379.788 1944.000 -1.037
1022.687 365.128 1120.053 444.089 -1.038
1408.920 547.074 1491.766 653.544 -1.038
595.578 170.976 2138.945 1944.000 -1.039
2531.558 1869.018 2592.000 1944.000 -1.046
437.094 394.591 548.458 477.151 -1.046
2432.303 1.000 2491.051 45.591 -1.049
2086.521 1200.782 2258.622 1411.783 -1.051
404.371 239.478 477.736 290.382 -1.056
2169.905 122.491 2242.750 186.037 -1.057
2222.117 1383.048 2320.939 1451.988 -1.058
26.295 579.952 105.900 633.486 -1.063
2242.314 1923.496 2277.544 1944.000 -1.065
478.376 567.849 550.109 623.589 -1.066
356.221 622.152 431.806 677.761 -1.069
547.341 1237.069 629.917 1296.099 -1.070
206.245 1314.480 283.447 1360.572 -1.070
1.000 959.778 788.907 1548.066 -1.070
185.588 1917.569 224.874 1944.000 -1.073
2542.042 669.949 2592.000 708.289 -1.076
2452.023 1166.379 2496.189 1220.014 -1.080
2426.357 1926.925 2474.470 1944.000 -1.082
2212.311 686.049 2264.897 766.521 -1.082
2574.771 640.365 2592.000 685.067 -1.085
28.806 1891.665 81.593 1944.000 -1.086
