1316.025 743.477 1393.618 804.886 -0.873
1484.702 1218.412 2267.903 1849.120 -0.895
1331.582 593.993 1393.573 644.292 -0.898
1191.688 1071.581 1273.904 1138.615 -0.931
273.639 1173.412 394.714 1254.181 -0.933
806.241 1115.687 878.454 1175.193 -0.933
374.957 1169.447 453.648 1232.741 -0.934
182.056 230.343 269.354 278.766 -0.945
1073.133 1167.623 1146.954 1232.784 -0.946
944.003 1165.408 942.818 1201.999 -0.947
935.803 749.734 1020.199 814.985 -0.948
503.647 754.237 582.702 812.235 -0.954
691.537 457.942 801.989 619.324 -0.955
1285.012 650.151 1358.458 708.771 -0.957
846.487 345.537 936.121 412.573 -0.958
1500.722 321.154 1590.251 379.501 -0.959
793.543 564.989 953.842 666.157 -0.959
1107.492 1067.643 1175.804 1129.250 -0.961
1101.332 771.736 1962.979 1250.417 -0.963
2095.217 599.690 2186.157 669.874 -0.963
1578.396 248.930 1844.876 394.691 -0.963
480.993 652.666 616.577 735.337 -0.964
1044.163 1180.503 1123.826 1250.456 -0.966
1395.032 1253.913 1482.022 1328.167 -0.966
1583.594 444.227 1680.168 514.759 -0.969
267.737 185.604 378.674 246.675 -0.969
543.586 581.187 668.417 652.878 -0.972
969.086 68.956 1224.372 203.418 -0.973
1175.161 567.879 1235.332 668.549 -0.973
2244.911 101.845 2301.843 147.783 -0.973
1821.982 650.150 1930.938 729.983 -0.973
2121.353 292.710 2231.209 365.725 -0.975
689.085 348.874 807.053 419.952 -0.976
1719.880 587.025 1818.718 652.704 -0.977
1227.597 1242.673 1309.783 1313.290 -0.977
1441.961 296.039 1515.801 394.387 -0.977
533.178 1556.093 606.057 1626.468 -0.979
942.245 1168.820 952.598 1213.432 -0.980
1243.773 1484.684 1383.385 1584.471 -0.980
1608.575 27.966 1686.390 79.913 -0.982
1983.885 662.429 2108.660 755.037 -0.982
824.607 1006.981 952.451 1098.787 -0.982
1680.447 616.728 1704.037 667.704 -0.982
1458.527 677.932 1568.439 758.264 -0.983
2582.503 1750.591 2549.935 1780.701 -0.984
865.528 912.101 878.456 954.128 -0.985
2051.558 165.769 2145.438 231.936 -0.986
276.217 1195.277 594.141 1391.643 -0.986
777.671 413.898 1052.139 577.281 -0.987
447.421 384.407 527.177 438.004 -0.987
279.061 575.284 387.267 647.360 -0.987
1161.846 1611.336 1236.669 1682.765 -0.987
1378.282 691.449 1450.688 750.488 -0.988
21.461 855.349 117.910 923.386 -0.989
1077.450 667.813 1184.898 746.200 -0.991
276.184 23.775 347.877 70.465 -0.991
530.866 506.786 1529.024 1809.778 -0.991
536.525 1844.511 652.494 1944.000 -0.994
1470.911 489.695 1565.872 559.528 -0.995
837.434 1698.373 1360.671 1944.000 -0.995
2448.507 1829.117 2528.508 1914.940 -0.995
1475.248 156.893 1565.662 216.215 -0.995
622.840 145.766 716.877 202.116 -0.995
2355.585 1504.010 2426.929 1576.361 -0.996
80.805 534.221 153.129 586.650 -0.997
273.679 384.129 371.216 445.066 -0.998
