1558.618 512.743 1657.966 544.524 -0.381
1115.082 201.554 1200.674 402.507 -0.425
79.855 21.028 2574.920 1667.225 -0.481
9.585 793.434 120.197 843.568 -0.502
2546.322 1884.330 2592.000 1944.000 -0.590
16.861 1612.860 139.082 1649.041 -0.660
873.073 1847.734 937.955 1941.582 -0.697
2523.747 1862.754 2592.000 1943.603 -0.780
9.625 837.717 98.037 875.584 -0.802
19.044 1733.783 168.464 1780.882 -0.820
736.092 1878.661 852.090 1894.716 -0.830
296.064 1786.471 393.831 1799.643 -0.833
927.421 1866.364 1058.524 1892.259 -0.847
3.444 614.841 47.788 678.816 -0.853
1405.361 1784.732 1455.366 1867.169 -0.854
2497.662 1662.796 2592.000 1656.131 -0.861
6.571 1115.969 57.419 1202.524 -0.864
2483.160 1853.182 2592.000 1857.542 -0.877
4.890 120.342 74.800 164.725 -0.878
2282.214 1868.156 2417.982 1882.476 -0.885
2416.545 1677.497 2578.330 1711.374 -0.886
7.044 1663.600 49.100 1742.863 -0.889
1647.140 1753.173 1777.676 1774.418 -0.897
1930.828 1695.373 1987.155 1766.342 -0.899
4.158 301.586 74.174 339.980 -0.907
8.336 1840.350 68.925 1944.000 -0.911
11.103 963.034 125.923 1009.765 -0.915
6.737 557.841 92.005 594.823 -0.915
2254.784 1678.609 2358.417 1672.401 -0.925
2500.046 1717.761 2592.000 1708.294 -0.927
3.988 1066.858 47.741 1135.815 -0.937
8.649 310.189 102.716 370.433 -0.940
2524.570 1722.578 2592.000 1807.355 -0.947
2496.783 1640.212 2592.000 1761.972 -0.948
3.944 1149.819 65.638 1312.489 -0.950
15.777 1332.789 109.011 1357.063 -0.951
4.054 154.444 88.939 208.528 -0.952
1.000 2.820 87.843 97.667 -0.954
1121.199 1649.065 1199.201 1746.558 -0.954
555.431 1762.415 661.925 1776.747 -0.960
14.830 1342.156 127.596 1386.898 -0.968
14.190 1562.332 113.792 1581.495 -0.974
7.758 1422.422 79.521 1531.544 -0.977
1949.263 1816.197 2007.661 1890.260 -0.978
2.624 162.291 88.900 262.564 -0.983
3.804 110.783 123.654 183.108 -0.984
5.117 646.796 45.152 715.734 -0.984
10.221 825.261 128.156 883.828 -0.988
388.486 1828.152 498.178 1846.629 -0.990
7.312 707.718 125.998 766.509 -0.992
4.882 282.569 99.112 334.952 -0.995
2279.488 1854.995 2392.372 1852.991 -0.999
13.816 1662.827 124.838 1686.019 -1.000
13.239 1022.837 100.419 1052.520 -1.003
5.318 438.801 77.144 469.864 -1.011
2499.980 1666.773 2592.000 1665.719 -1.014
2346.320 1832.347 2460.254 1832.315 -1.026
2490.483 1851.402 2592.000 1850.559 -1.027
2272.425 1838.741 2375.731 1836.578 -1.028
1598.645 1881.348 1720.859 1889.161 -1.029
1397.591 1760.548 1494.190 1764.537 -1.030
16.805 1690.483 120.292 1716.689 -1.030
2535.020 1851.502 2579.257 1862.606 -1.030
1215.534 1870.154 1266.271 1944.000 -1.033
1.000 74.836 132.906 152.241 -1.037
1303.564 1853.565 1413.252 1865.059 -1.037
17.950 1413.161 103.202 1432.889 -1.043
2.134 1.000 169.685 105.867 -1.043
16.655 1825.944 125.127 1847.755 -1.044
547.913 1685.956 592.970 1771.204 -1.045
1.000 900.089 47.401 1014.002 -1.046
1240.337 1883.348 1350.273 1890.808 -1.046
10.788 928.379 103.402 963.421 -1.051
802.172 1650.107 886.117 1768.468 -1.051
1647.090 1567.115 1799.813 1897.958 -1.055
2401.983 1704.979 2531.435 1717.335 -1.055
888.709 1759.733 1119.764 1842.691 -1.057
347.675 1793.216 489.873 1842.800 -1.059
559.797 1817.957 651.695 1938.955 -1.059
2245.904 1606.294 2348.216 1603.176 -1.061
734.850 1850.759 798.015 1942.529 -1.061
2034.654 1798.069 2091.929 1867.301 -1.063
2524.326 1769.813 2592.000 1850.332 -1.065
19.012 1671.608 132.557 1708.269 -1.067
192.614 1639.740 233.576 1723.187 -1.068
2500.607 1899.290 2592.000 1886.163 -1.070
1555.389 1895.190 1664.552 1892.817 -1.074
4.933 544.852 125.988 602.602 -1.077
1831.146 1855.285 1952.739 1861.467 -1.077
1289.176 1808.175 1384.466 1807.875 -1.079
1830.888 1627.159 1903.837 1710.037 -1.080
10.445 1623.497 73.506 1733.407 -1.083
1215.279 1872.984 1344.204 1889.677 -1.083
1277.299 1688.967 1378.591 1693.535 -1.085
424.051 1763.285 541.912 1782.836 -1.086
2499.846 1678.292 2592.000 1670.314 -1.087
257.675 1818.043 382.792 1848.243 -1.088
7.295 1750.780 52.028 1836.628 -1.089
1601.753 1895.552 1703.266 1890.134 -1.090
1262.720 1660.800 1320.445 1739.864 -1.092
211.678 1866.079 338.183 1896.299 -1.095
1592.292 1649.950 1671.101 1751.053 -1.098
32.751 748.050 92.469 820.341 -1.099
2262.043 1612.837 2365.618 1607.758 -1.102
9.123 1576.847 53.889 1666.584 -1.105
13.172 1012.131 143.924 1061.474 -1.105
19.221 1862.822 144.976 1899.005 -1.106
12.870 899.779 133.949 956.330 -1.107
1380.756 1859.953 1505.046 1868.843 -1.109
2017.032 1835.440 2135.737 1839.450 -1.110
19.226 1569.084 130.516 1606.313 -1.111
813.883 1776.956 1113.135 1898.493 -1.113
9.786 1768.549 131.672 1938.324 -1.115
7.312 467.397 77.159 503.582 -1.117
2466.771 1639.080 2569.706 1631.006 -1.117
1870.184 1770.042 2003.003 1793.839 -1.117
2497.599 1587.965 2592.000 1584.731 -1.118
477.035 1778.055 526.859 1869.640 -1.119
466.465 1782.537 579.794 1801.538 -1.122
953.729 1683.358 1178.250 1935.852 -1.123
127.077 1650.340 180.575 1743.924 -1.124
13.853 1507.669 132.752 1537.396 -1.126
1270.832 1871.294 1317.788 1944.000 -1.128
2295.269 1888.140 2420.629 1882.447 -1.129
1287.983 1798.976 1383.748 1800.661 -1.130
4.710 248.277 72.746 285.736 -1.130
754.687 1773.893 812.230 1863.506 -1.130
361.241 1624.891 417.087 1715.047 -1.131
10.819 655.549 124.910 718.933 -1.132
653.070 1770.431 755.125 1785.593 -1.133
520.692 1756.263 652.058 1788.981 -1.134
1780.753 1786.855 1830.145 1862.453 -1.137
2168.887 1792.818 2270.625 1788.918 -1.139
2501.402 1683.992 2592.000 1678.690 -1.141
1355.618 1789.069 1483.710 1809.744 -1.142
246.522 1676.172 334.956 1685.970 -1.142
10.389 632.878 92.180 663.394 -1.148
2496.789 1351.841 2592.000 1350.666 -1.150
1852.994 1463.762 2026.332 1903.076 -1.151
1210.125 1847.384 1339.915 1865.432 -1.152
1502.448 1720.881 1611.584 1726.466 -1.154
10.000 447.565 86.703 524.673 -1.155
6.076 1611.868 271.827 1932.290 -1.156
11.843 877.756 99.251 910.133 -1.162
774.892 1707.752 840.557 1798.844 -1.163
2550.947 1618.088 2586.548 1607.412 -1.163
1402.073 1813.286 1473.306 1922.385 -1.164
2026.548 1880.358 2086.256 1944.000 -1.166
277.946 1738.843 322.343 1815.717 -1.168
2455.059 1679.143 2528.912 1755.796 -1.168
671.946 1699.931 713.575 1780.629 -1.169
58.527 1153.138 98.503 1257.527 -1.169
1259.927 1886.515 1365.237 1884.936 -1.170
5.132 1094.519 153.429 1297.985 -1.170
2269.290 1844.067 2390.466 1849.328 -1.171
2551.345 1641.031 2587.396 1634.690 -1.171
2003.061 1753.445 2105.338 1749.963 -1.173
2553.667 1503.208 2588.043 1499.025 -1.175
2497.344 1604.995 2592.000 1600.306 -1.176
2244.271 1683.611 2398.538 1707.903 -1.178
1480.306 1795.662 1609.891 1820.322 -1.179
1398.415 1736.921 1448.034 1814.646 -1.180
407.376 1808.478 446.822 1890.513 -1.181
1275.820 1776.939 1327.733 1849.703 -1.181
420.278 1738.108 514.199 1747.337 -1.182
16.382 1540.416 113.377 1564.053 -1.182
2471.887 1665.286 2585.261 1885.275 -1.184
2501.619 1857.065 2592.000 1850.054 -1.189
2271.251 1851.744 2386.553 1852.023 -1.190
1342.468 1870.812 1442.952 1869.879 -1.191
1695.251 1835.084 1799.817 1831.565 -1.193
2393.940 1675.050 2453.481 1740.613 -1.194
1711.691 1699.381 1810.567 1694.464 -1.195
2017.179 1638.528 2078.286 1715.468 -1.195
719.095 1779.540 786.157 1879.730 -1.195
9.451 629.686 120.271 678.411 -1.197
263.257 1831.460 325.349 1941.355 -1.198
2276.725 1884.307 2404.602 1885.026 -1.199
252.673 1693.419 348.631 1713.904 -1.200
5.944 978.319 76.990 1076.223 -1.200
2489.837 1711.251 2592.000 1708.875 -1.201
1901.048 1745.090 2003.244 1744.023 -1.202
7.882 1033.867 70.810 1141.619 -1.203
2201.287 1644.630 2263.063 1705.538 -1.205
491.937 1702.262 545.918 1795.515 -1.205
32.386 1469.663 96.833 1575.008 -1.205
632.775 1685.795 724.098 1691.010 -1.207
2287.965 1860.779 2357.542 1944.000 -1.208
2388.646 1691.999 2492.926 1685.922 -1.208
1789.753 1651.836 1841.190 1724.945 -1.208
2403.049 1812.267 2484.193 1906.953 -1.208
695.362 1847.901 852.290 1901.673 -1.208
1626.935 1879.729 1728.043 1877.776 -1.209
1306.496 1666.626 1440.617 1694.183 -1.211
1211.937 1859.403 1368.377 1891.506 -1.211
1883.797 1518.021 1984.155 1514.487 -1.211
2278.657 1795.453 2393.004 1792.529 -1.212
2361.418 1790.341 2498.179 1800.989 -1.212
1266.529 1802.296 1376.476 1808.813 -1.212
2342.096 1700.469 2445.612 1699.003 -1.213
2065.838 1884.275 2187.123 1887.112 -1.213
885.131 1720.186 979.511 1723.776 -1.214
2061.980 1872.692 2172.601 1866.921 -1.215
1.000 1496.842 49.018 1608.593 -1.219
888.062 1722.307 1011.956 1742.883 -1.220
1475.998 1697.771 1534.846 1777.144 -1.220
304.572 1690.234 355.390 1785.259 -1.220
1973.192 1689.750 2081.555 1886.812 -1.221
2384.421 1639.249 2592.000 1721.260 -1.221
1445.395 1775.986 1551.285 1779.455 -1.222
605.832 1680.282 706.602 1695.423 -1.224
4.932 731.656 44.912 801.534 -1.224
2500.410 1890.015 2592.000 1884.086 -1.225
1483.607 1736.702 1596.044 1747.345 -1.226
2493.369 1856.663 2592.000 1849.591 -1.228
1178.568 1632.030 1239.366 1724.612 -1.228
699.904 1754.948 748.884 1837.593 -1.228
1437.701 1697.016 1494.416 1773.958 -1.228
1772.413 1734.069 1914.717 1758.921 -1.229
329.246 1751.556 435.073 1772.813 -1.229
2272.661 1722.622 2384.274 1724.265 -1.230
2070.539 1881.076 2180.804 1877.231 -1.230
301.445 1773.608 361.198 1867.746 -1.231
53.529 857.836 94.221 929.769 -1.232
3.759 257.457 129.683 323.583 -1.234
1.321 381.558 42.767 492.905 -1.235
8.868 595.387 126.188 648.035 -1.236
2501.294 1711.843 2592.000 1700.498 -1.237
745.978 1836.463 866.396 1855.049 -1.240
1399.311 1708.850 1474.843 1810.850 -1.240
1532.881 1709.524 1594.215 1797.535 -1.240
1660.559 1875.034 1716.218 1944.000 -1.241
1725.539 1773.825 1884.574 1801.937 -1.242
2366.650 1768.346 2438.118 1857.644 -1.245
596.932 1704.989 699.270 1724.016 -1.245
548.546 1688.167 649.858 1699.166 -1.247
1278.883 1832.217 1379.633 1834.254 -1.248
1348.230 1644.130 1405.222 1715.449 -1.248
15.710 1405.680 121.293 1438.662 -1.250
307.861 1864.682 434.926 1892.690 -1.251
726.084 1667.747 818.290 1678.605 -1.251
1852.166 1804.711 1960.043 1801.073 -1.252
2497.040 1690.977 2592.000 1687.770 -1.252
2489.693 1861.414 2592.000 1852.293 -1.252
2157.276 1832.342 2268.376 1831.407 -1.253
2258.075 1607.798 2592.000 1762.840 -1.254
13.031 863.016 130.350 919.549 -1.255
2459.184 1567.323 2563.719 1566.165 -1.255
2395.731 1627.295 2499.175 1625.189 -1.258
468.084 1678.846 600.314 1715.080 -1.259
543.424 1786.839 584.663 1868.326 -1.260
2092.012 1645.880 2155.885 1733.040 -1.260
1256.315 1817.929 1379.842 1833.593 -1.260
1406.518 1886.442 1506.601 1885.360 -1.262
600.223 1857.533 722.064 1877.766 -1.262
1607.956 1856.275 1675.001 1944.000 -1.263
390.861 1739.893 529.493 1781.342 -1.263
651.456 1781.669 759.578 1790.749 -1.264
2430.762 1833.107 2535.478 1826.728 -1.264
2178.207 1849.585 2235.462 1918.864 -1.265
634.519 1800.872 713.093 1922.930 -1.265
421.660 1743.707 472.168 1831.042 -1.266
587.214 1717.761 692.220 1731.403 -1.267
900.287 1714.019 959.501 1800.811 -1.269
1877.501 1809.035 1981.824 1805.851 -1.269
1001.327 1655.139 1139.330 1688.445 -1.270
8.225 518.400 97.175 559.921 -1.270
1655.154 1722.234 1757.070 1720.814 -1.270
1765.113 1885.398 1884.105 1887.076 -1.271
1785.959 1817.870 1846.049 1889.835 -1.272
315.314 1796.535 389.563 1927.991 -1.274
661.679 1825.108 768.325 1840.624 -1.275
1881.983 1523.336 1982.417 1521.021 -1.275
4.482 588.023 84.439 706.446 -1.276
1401.802 1798.793 1527.347 1820.326 -1.278
9.588 427.256 108.464 478.657 -1.278
16.036 1601.360 103.922 1620.750 -1.279
1512.230 1887.060 1628.986 1888.806 -1.279
2204.357 1710.214 2261.926 1782.333 -1.279
463.716 1684.388 507.695 1762.576 -1.280
1237.395 1743.049 1286.066 1819.494 -1.280
8.500 1359.449 57.914 1442.051 -1.280
705.689 1814.354 792.330 1944.000 -1.281
1881.064 1771.575 1988.824 1767.394 -1.281
2499.874 1841.040 2592.000 1836.334 -1.282
1825.578 1894.164 1936.916 1891.972 -1.282
2186.806 1669.886 2243.997 1741.251 -1.282
284.256 1653.656 362.298 1769.115 -1.282
5.070 385.012 85.707 420.927 -1.283
467.391 1679.882 558.944 1801.087 -1.283
1494.141 1709.552 1562.316 1792.905 -1.284
1200.191 1793.743 1298.689 1793.330 -1.285
1961.440 1528.749 2307.483 1940.541 -1.286
245.540 1799.114 349.993 1944.000 -1.287
2288.133 1885.346 2412.205 1880.696 -1.287
1704.275 1840.042 1805.389 1837.446 -1.287
1789.750 1761.213 1858.192 1852.032 -1.288
2474.511 1896.493 2588.770 1889.463 -1.290
2011.123 1896.141 2122.720 1893.576 -1.290
2425.383 1880.928 2460.583 1868.017 -1.291
2287.126 1858.000 2391.966 1851.337 -1.293
723.088 1634.398 799.213 1741.881 -1.295
1701.869 1700.020 1804.650 1696.162 -1.296
2152.516 1831.172 2264.343 1827.286 -1.296
37.970 1321.733 91.555 1415.013 -1.298
310.484 1838.075 497.407 1901.858 -1.298
5.753 349.445 106.121 404.793 -1.298
3.008 824.382 86.459 938.335 -1.300
828.739 1867.081 879.670 1944.000 -1.300
1269.181 1806.241 1383.476 1811.958 -1.301
1846.362 1816.819 1948.452 1813.472 -1.302
2494.167 1890.988 2592.000 1881.516 -1.303
2246.263 1611.054 2349.870 1609.009 -1.303
2326.677 1865.286 2399.933 1942.691 -1.305
10.174 1302.692 116.127 1326.789 -1.305
2301.572 1647.358 2405.646 1638.416 -1.305
2399.538 1868.127 2518.795 1865.463 -1.307
522.435 1693.303 599.060 1815.409 -1.307
2494.156 1275.872 2592.000 1272.447 -1.308
1553.936 1895.988 1659.480 1891.190 -1.309
2487.513 1565.947 2592.000 1564.466 -1.309
1573.892 1726.939 1627.182 1807.096 -1.310
365.117 1688.495 415.315 1772.446 -1.311
2437.527 1820.791 2539.312 1921.308 -1.311
2237.895 1868.848 2379.892 1890.100 -1.312
1537.555 1644.990 1636.032 1641.464 -1.313
868.536 1892.798 968.604 1891.079 -1.313
2373.937 1857.217 2481.734 1849.074 -1.314
2262.970 1838.382 2370.023 1837.721 -1.316
1665.098 1763.144 1776.577 1760.608 -1.316
1268.237 1786.276 1377.693 1805.286 -1.317
1995.432 1847.636 2098.381 1844.454 -1.317
455.548 1796.700 497.303 1875.673 -1.318
1799.858 1896.585 1904.726 1889.866 -1.318
468.053 1888.768 563.777 1897.696 -1.318
2276.421 1853.181 2397.324 1859.444 -1.319
1099.983 1634.402 1151.328 1703.409 -1.321
629.471 1668.361 705.388 1782.095 -1.321
677.761 1767.414 760.616 1899.512 -1.323
1416.064 1676.629 1555.317 1708.856 -1.324
560.402 1797.272 660.058 1806.445 -1.324
2499.506 1697.872 2592.000 1692.160 -1.325
1579.069 1871.678 1679.796 1869.510 -1.325
2465.257 1760.850 2576.845 1759.751 -1.326
1479.185 1779.073 1573.862 1898.628 -1.326
2482.763 9.374 2569.782 31.210 -1.328
2362.719 1699.131 2478.064 1696.113 -1.329
384.944 1713.550 453.949 1831.737 -1.330
524.213 1844.925 579.149 1944.000 -1.331
2303.142 1748.435 2375.512 1832.264 -1.331
1201.376 1784.899 1333.096 1807.149 -1.333
422.999 1739.737 515.703 1870.133 -1.334
1672.955 1551.313 2021.161 1940.018 -1.335
14.465 1304.205 141.126 1351.102 -1.336
1291.928 1774.297 1356.392 1884.246 -1.337
346.884 1704.589 453.569 1719.557 -1.338
10.838 755.603 145.442 829.469 -1.338
598.159 1775.129 718.762 1940.831 -1.338
2401.624 1529.529 2521.389 1525.400 -1.339
2497.708 1595.607 2592.000 1593.411 -1.340
2492.151 1863.437 2592.000 1858.310 -1.340
1521.990 1860.076 1633.336 1859.227 -1.341
2554.878 1508.134 2590.897 1506.777 -1.341
1604.154 1746.040 1657.267 1819.874 -1.341
1244.777 1832.083 1297.912 1904.778 -1.342
1320.850 1870.172 1457.535 1891.490 -1.342
2004.481 1746.700 2105.365 1743.454 -1.342
589.050 1668.725 638.009 1748.369 -1.342
2497.320 1502.734 2592.000 1498.166 -1.345
2550.517 1440.153 2586.286 1436.760 -1.345
375.026 1863.429 417.670 1944.000 -1.345
1497.185 1651.167 1562.402 1749.594 -1.346
1214.558 1810.813 1269.093 1889.365 -1.349
683.569 1623.591 832.620 1850.171 -1.349
6.298 386.607 138.302 461.075 -1.350
2415.499 1880.661 2450.352 1865.780 -1.351
2491.868 1753.733 2592.000 1748.712 -1.352
2476.681 1886.733 2589.974 1883.407 -1.352
305.255 1749.529 420.463 1925.765 -1.352
1291.511 1643.716 1342.407 1714.694 -1.354
2280.522 1848.616 2394.329 1853.387 -1.354
2307.391 1878.898 2420.591 1874.650 -1.355
33.007 1544.908 69.670 1629.200 -1.355
342.675 1689.799 385.325 1780.208 -1.355
1705.459 1824.944 1806.072 1822.358 -1.356
2501.753 1868.467 2592.000 1854.775 -1.357
1171.506 1748.426 1317.061 1781.647 -1.359
2371.375 1845.524 2490.635 1839.146 -1.361
1504.407 1886.214 1623.347 1885.167 -1.361
2229.948 1844.094 2413.750 1889.850 -1.363
2438.709 1734.881 2499.328 1807.348 -1.363
2360.944 1733.629 2420.649 1805.740 -1.365
2.797 803.457 137.633 967.021 -1.366
2500.493 1755.170 2592.000 1748.175 -1.366
8.063 1295.125 54.209 1379.268 -1.366
843.380 1725.237 904.305 1811.754 -1.367
12.267 1066.156 140.332 1116.117 -1.369
1514.748 1683.014 1660.626 1705.390 -1.369
970.388 1603.753 1516.689 1868.406 -1.369
1.000 482.431 30.822 558.955 -1.370
7.680 1139.166 142.906 1524.351 -1.371
1306.991 1841.678 1381.251 1934.940 -1.372
2060.621 1864.926 2164.486 1858.965 -1.372
2399.570 1875.839 2521.857 1873.882 -1.373
2489.857 1532.440 2592.000 1531.164 -1.374
2498.868 1804.178 2592.000 1796.732 -1.375
2261.453 1607.927 2363.615 1601.377 -1.376
1551.854 1820.747 1637.906 1937.985 -1.377
2065.667 1871.666 2173.886 1870.116 -1.377
1271.174 1893.258 1373.640 1891.276 -1.378
515.111 1630.258 588.828 1733.565 -1.378
1847.347 1848.734 1949.597 1846.282 -1.378
1501.456 1864.108 1600.018 1860.698 -1.379
2421.643 1716.943 2592.000 1944.000 -1.379
2.437 13.750 70.464 223.143 -1.382
1665.009 1793.579 1766.120 1788.932 -1.383
2326.284 1786.069 2397.085 1865.632 -1.384
1565.255 1684.161 1619.750 1759.695 -1.385
2395.853 1496.581 2430.047 1493.698 -1.386
2330.028 1798.926 2491.226 1824.830 -1.387
1776.833 1808.985 1877.724 1804.944 -1.389
2279.133 1796.831 2396.809 1794.898 -1.389
2280.552 1398.603 2315.527 1395.997 -1.389
2432.630 1872.779 2545.737 1864.931 -1.389
2374.265 1850.064 2479.778 1842.741 -1.389
1355.933 1830.074 1409.641 1919.703 -1.389
1475.295 1558.466 1677.969 1783.215 -1.391
539.021 1754.247 613.865 1854.550 -1.392
461.031 1865.642 554.790 1874.651 -1.392
2498.835 1646.112 2592.000 1637.653 -1.394
2551.093 1514.363 2589.021 1502.265 -1.394
783.132 1866.414 829.614 1944.000 -1.394
1.000 652.631 36.502 765.473 -1.395
1506.872 1737.791 1604.858 1734.445 -1.397
2245.827 1628.979 2285.629 1627.082 -1.398
9.904 493.253 118.421 553.075 -1.398
2377.728 1688.256 2412.227 1681.109 -1.399
2363.057 1815.264 2476.840 1811.790 -1.401
2252.137 1679.108 2367.118 1677.421 -1.402
2289.846 1795.938 2397.329 1791.606 -1.403
1236.907 1887.814 1342.280 1886.029 -1.403
2147.064 1829.950 2256.716 1824.734 -1.404
2481.973 1789.798 2592.000 1787.734 -1.405
473.303 1766.964 589.925 1940.162 -1.406
1899.394 1524.895 1997.854 1522.416 -1.407
1806.433 1721.521 1907.515 1717.319 -1.408
7.763 562.667 142.099 636.209 -1.408
1.909 375.906 61.141 531.062 -1.408
2390.417 1870.603 2503.588 1865.853 -1.410
638.451 1620.204 711.128 1718.032 -1.410
1607.858 1897.627 1713.188 1892.258 -1.411
6.069 913.534 90.603 1025.796 -1.412
2103.188 1574.604 2137.844 1571.233 -1.415
2497.066 1584.589 2592.000 1576.632 -1.415
2408.787 1870.752 2521.396 1867.458 -1.416
33.253 1549.249 104.381 1661.562 -1.418
1265.009 1863.227 1364.739 1860.155 -1.419
2497.126 1614.357 2592.000 1610.765 -1.419
716.443 1617.463 929.038 1936.459 -1.420
1281.217 1468.030 1719.132 1886.915 -1.421
2107.509 1852.162 2225.726 1851.144 -1.421
6.922 689.950 135.516 852.814 -1.421
226.523 1743.859 325.421 1758.453 -1.421
2251.955 1350.359 2352.368 1348.413 -1.422
2496.036 1474.211 2592.000 1465.338 -1.423
391.241 1708.847 509.430 1731.754 -1.424
1995.277 1896.360 2100.157 1890.719 -1.425
402.642 1796.783 499.740 1933.945 -1.429
2489.065 1814.911 2592.000 1813.788 -1.429
2383.599 1392.951 2423.172 1391.009 -1.429
2.495 284.567 90.548 397.748 -1.430
225.621 1676.250 338.161 1703.023 -1.430
2192.997 1622.847 2228.540 1620.294 -1.431
2494.156 1848.347 2592.000 1845.568 -1.431
1831.310 1895.340 1936.178 1888.398 -1.431
1579.970 1793.506 1687.128 1792.504 -1.433
1846.384 1857.047 1948.695 1855.140 -1.433
420.397 1732.857 511.016 1740.693 -1.433
2254.564 1677.757 2364.490 1674.938 -1.434
209.408 1688.191 342.841 1726.942 -1.434
1497.820 1808.857 1598.753 1807.687 -1.434
386.282 1647.608 444.658 1745.311 -1.434
2490.551 1691.061 2592.000 1685.298 -1.434
2486.273 1680.213 2592.000 1678.962 -1.435
2553.173 1359.589 2586.851 1357.019 -1.435
2252.396 1685.175 2358.745 1681.172 -1.436
2498.055 1763.025 2592.000 1758.402 -1.436
2493.905 1848.699 2592.000 1845.020 -1.437
2067.313 1889.210 2182.175 1885.160 -1.439
2279.639 1857.627 2388.906 1850.549 -1.439
2344.041 1817.080 2381.975 1802.184 -1.440
1813.667 1818.705 1916.238 1813.722 -1.440
316.336 1687.037 395.337 1810.318 -1.440
2413.078 1874.185 2520.226 1865.461 -1.440
1950.703 1.000 2017.852 24.176 -1.441
1791.112 1784.902 1892.436 1782.963 -1.444
2414.674 1709.644 2527.550 1706.774 -1.444
174.992 1804.108 418.141 1904.425 -1.444
2499.843 1731.225 2592.000 1725.869 -1.444
1762.204 1896.126 1879.272 1893.538 -1.445
2415.510 1671.109 2531.020 1669.412 -1.445
2142.778 1689.639 2246.872 1688.608 -1.445
2147.102 1880.269 2251.290 1874.728 -1.446
1675.564 1766.393 1779.748 1764.916 -1.447
2551.810 1686.953 2585.166 1680.093 -1.447
2292.642 1572.887 2395.577 1569.235 -1.447
2552.524 1578.310 2588.215 1565.747 -1.447
2486.483 1644.441 2592.000 1641.184 -1.448
1800.137 1895.113 1908.680 1892.977 -1.449
2475.218 1762.140 2579.943 1757.195 -1.449
1308.924 1894.123 1412.707 1892.977 -1.450
2043.029 1868.987 2074.238 1866.748 -1.450
2365.497 1571.583 2465.890 1569.325 -1.450
2561.968 1640.724 2592.000 1637.262 -1.451
552.309 1749.122 718.941 1800.815 -1.452
2499.629 1725.204 2592.000 1719.392 -1.452
2371.582 1636.473 2476.206 1632.951 -1.453
336.848 1657.204 472.656 1706.025 -1.453
1726.995 1683.509 1826.499 1681.717 -1.453
1254.907 1833.517 1357.138 1830.008 -1.454
2560.590 1504.433 2592.000 1499.047 -1.454
1797.249 1721.207 1899.589 1718.781 -1.456
2554.118 2.317 2592.000 29.486 -1.456
1649.468 1731.265 1750.542 1726.366 -1.456
2469.923 1718.003 2571.104 1710.181 -1.456
2499.919 1542.533 2592.000 1537.005 -1.457
2296.170 1786.546 2407.611 1784.490 -1.458
2271.602 1849.480 2378.263 1841.028 -1.458
2034.342 1796.351 2067.327 1792.679 -1.459
2476.442 1718.009 2579.631 1711.918 -1.459
2551.787 1305.324 2588.278 1303.241 -1.460
213.719 1739.280 412.809 1818.759 -1.461
183.876 1.000 256.006 32.598 -1.463
2024.942 1876.901 2060.046 1873.864 -1.463
2500.098 1651.697 2592.000 1649.463 -1.465
2486.030 1873.097 2592.000 1869.643 -1.465
2172.433 1861.927 2285.176 1860.280 -1.465
1525.707 1816.014 1622.902 1814.702 -1.465
2404.273 1893.773 2517.068 1882.074 -1.467
2313.305 1805.096 2425.952 1799.390 -1.471
2394.929 1637.636 2500.114 1631.992 -1.472
1820.877 1897.055 1928.174 1892.367 -1.473
2279.904 1887.848 2385.774 1883.160 -1.473
1801.284 1886.953 1904.278 1885.531 -1.474
2329.501 1590.854 2592.000 1936.543 -1.475
1.606 388.235 94.071 655.324 -1.475
2466.678 1777.553 2579.890 1773.325 -1.475
2399.156 1897.443 2513.976 1889.436 -1.476
2356.404 1746.626 2468.809 1741.866 -1.478
2475.035 1811.800 2586.525 1810.517 -1.478
2303.198 1864.443 2410.266 1858.268 -1.478
1374.721 1839.619 1472.355 1836.518 -1.479
2443.497 1604.093 2545.480 1601.924 -1.480
2305.848 1735.868 2422.695 1734.845 -1.480
7.883 1527.720 115.386 1693.554 -1.480
2544.660 1680.783 2584.125 1678.001 -1.480
1650.107 1799.920 1749.511 1798.773 -1.482
1852.570 1684.101 1951.805 1681.547 -1.483
2204.499 1770.376 2316.413 1765.785 -1.483
1731.609 1895.998 1840.900 1893.310 -1.486
2414.353 1761.320 2520.102 1754.209 -1.487
2460.291 1717.237 2566.562 1711.442 -1.487
2467.795 1796.073 2577.396 1788.565 -1.487
2495.303 1672.359 2535.197 1669.334 -1.488
2414.902 1853.255 2519.135 1851.002 -1.488
2492.213 1805.953 2592.000 1800.953 -1.489
1254.313 1804.770 1367.853 1944.000 -1.490
1722.315 1685.126 1828.909 1683.855 -1.491
2396.979 1747.680 2499.786 1739.895 -1.491
2498.400 1493.907 2592.000 1490.732 -1.491
2479.229 1414.569 2588.800 1411.962 -1.492
2273.193 1797.479 2383.671 1788.711 -1.492
2551.201 1242.240 2588.600 1238.387 -1.492
2209.241 1542.861 2245.705 1539.869 -1.492
600.625 1631.767 646.944 1705.074 -1.493
2427.880 1710.235 2531.672 1699.630 -1.493
2374.162 1707.975 2477.370 1702.869 -1.494
1689.058 1839.298 1790.001 1836.987 -1.495
2552.784 1603.351 2589.279 1595.921 -1.497
3.897 885.824 141.296 1060.491 -1.497
2488.196 1725.217 2592.000 1722.314 -1.498
2270.934 1885.290 2392.941 1882.905 -1.498
2088.737 6.151 2169.027 34.084 -1.499
2492.339 1839.665 2592.000 1835.297 -1.500
1580.666 1888.985 1681.160 1883.595 -1.500
2406.262 1892.533 2521.041 1881.526 -1.501
2489.150 1847.923 2592.000 1839.835 -1.503
440.978 1.000 488.779 39.340 -1.505
2491.844 1881.334 2592.000 1877.198 -1.506
2491.888 1864.418 2533.312 1859.444 -1.506
2510.820 1680.780 2550.208 1677.661 -1.507
1806.702 1894.673 1910.514 1890.046 -1.508
2018.565 1824.149 2124.710 1820.899 -1.508
2482.855 1897.249 2592.000 1890.038 -1.508
2279.879 1682.080 2395.534 1679.107 -1.509
2414.045 943.570 2507.997 942.569 -1.509
2300.028 1880.659 2416.563 1875.268 -1.509
605.435 1697.441 687.756 1823.449 -1.511
1.233 8.496 122.705 337.001 -1.511
1478.050 1737.760 1574.773 1735.211 -1.512
2011.145 1894.867 2119.503 1892.033 -1.512
2458.494 1711.660 2569.228 1703.324 -1.512
2394.784 1597.667 2500.595 1593.689 -1.514
2492.995 1772.439 2592.000 1763.941 -1.515
2373.707 1703.095 2483.487 1699.524 -1.516
2105.284 1690.155 2209.980 1688.507 -1.516
10.748 1477.588 187.790 1725.323 -1.516
2277.058 1447.066 2377.179 1444.495 -1.517
2154.531 1823.914 2265.851 1822.116 -1.517
2253.954 1366.127 2354.658 1362.186 -1.517
2463.782 1872.463 2498.477 1862.211 -1.517
1715.570 1823.655 1811.070 1820.360 -1.518
2073.506 1713.783 2178.125 1710.699 -1.518
5.300 1000.203 113.884 1135.913 -1.518
2488.788 1644.516 2592.000 1638.581 -1.518
1681.089 1770.188 1781.902 1768.003 -1.519
2551.275 1250.560 2589.745 1247.863 -1.519
1899.267 1673.552 2003.124 1672.107 -1.519
546.239 1683.329 660.875 1713.598 -1.519
2145.444 1835.514 2263.193 1832.911 -1.520
2418.445 1565.981 2523.747 1563.085 -1.522
2382.767 1796.224 2495.090 1790.437 -1.522
1405.771 1588.879 1499.803 1587.696 -1.523
2488.550 1876.967 2592.000 1874.995 -1.523
2545.284 1688.001 2583.277 1680.622 -1.524
2552.031 1783.666 2585.510 1774.842 -1.524
2492.069 1873.612 2592.000 1869.673 -1.524
1492.123 1807.982 1593.072 1806.513 -1.525
2364.216 1703.573 2477.515 1699.122 -1.525
1671.475 1763.533 1777.798 1760.110 -1.526
2323.160 1.000 2388.612 32.828 -1.526
1547.727 1895.330 1658.630 1893.772 -1.526
434.444 1677.000 482.366 1757.219 -1.528
2493.788 1744.732 2592.000 1741.793 -1.530
2373.342 1701.287 2478.832 1693.446 -1.530
504.483 1646.410 653.063 1697.174 -1.531
2399.262 1721.298 2437.546 1711.628 -1.531
1857.878 1822.240 1967.553 1820.138 -1.531
2554.548 1583.126 2586.789 1579.747 -1.531
2511.569 1664.764 2546.240 1654.409 -1.531
1882.342 1859.121 1994.594 1857.370 -1.532
2492.478 1718.449 2592.000 1716.804 -1.532
2390.377 1624.289 2500.342 1622.812 -1.532
2179.204 1783.424 2282.553 1782.062 -1.532
2389.955 1624.911 2497.700 1623.293 -1.533
348.852 1620.660 430.701 1748.135 -1.535
2551.015 1355.807 2590.086 1351.986 -1.535
1908.304 1715.007 2010.259 1709.863 -1.535
445.093 1667.726 553.159 1692.700 -1.535
2456.923 1375.641 2558.036 1371.775 -1.535
882.735 1684.522 995.586 1698.212 -1.536
2551.689 1597.359 2590.508 1581.144 -1.536
2042.803 1831.686 2078.474 1824.275 -1.537
2493.430 1895.052 2592.000 1891.007 -1.537
1395.705 1800.898 1498.066 1798.467 -1.539
1388.753 1873.816 1489.890 1870.187 -1.539
2389.889 1703.168 2500.343 1700.679 -1.539
225.317 1669.252 453.875 1930.473 -1.539
1555.641 1816.941 1655.352 1814.237 -1.539
1808.747 1713.160 1906.448 1711.953 -1.539
2406.945 1850.595 2511.299 1842.359 -1.539
2311.173 1780.207 2416.906 1775.385 -1.539
1648.323 1735.886 1754.668 1733.058 -1.539
2400.010 1892.197 2515.796 1883.127 -1.540
1900.733 1755.266 2002.996 1748.922 -1.540
2421.853 1703.997 2544.896 1701.865 -1.540
2406.122 1707.543 2508.897 1703.452 -1.540
1698.696 1895.835 1815.611 1894.306 -1.540
1910.133 1818.331 2014.021 1814.516 -1.540
444.366 1671.166 662.519 1933.802 -1.540
2551.862 1345.738 2588.390 1342.659 -1.541
2245.568 1677.150 2354.601 1675.301 -1.541
2503.217 1850.001 2592.000 1843.320 -1.541
2543.483 1506.465 2582.689 1494.919 -1.541
2417.729 1606.583 2450.947 1602.262 -1.541
2375.107 1648.428 2412.511 1640.788 -1.542
2306.927 1871.553 2416.552 1869.993 -1.542
2490.588 1728.060 2592.000 1725.341 -1.543
2471.995 1641.620 2579.407 1633.498 -1.543
2312.010 1879.703 2417.406 1873.244 -1.543
2071.327 1793.956 2180.496 1790.700 -1.544
2387.534 1502.199 2488.600 1496.949 -1.545
1099.696 1871.318 1259.455 1899.124 -1.545
2240.769 1825.994 2342.477 1819.673 -1.545
1556.834 1819.317 1662.066 1817.057 -1.547
2346.024 1727.520 2459.275 1725.945 -1.547
1751.144 1532.251 1846.944 1530.995 -1.547
1475.228 1855.044 1578.877 1853.471 -1.548
2164.126 1793.537 2269.669 1790.580 -1.548
1760.379 1787.301 1858.461 1781.782 -1.549
1838.688 1807.887 1940.673 1805.102 -1.549
2302.795 1786.904 2408.093 1781.009 -1.549
1839.202 1895.355 1943.825 1888.157 -1.549
2501.693 1873.117 2592.000 1867.455 -1.550
2322.462 1374.772 2423.486 1373.433 -1.550
1997.248 1857.895 2099.226 1853.283 -1.551
2342.827 1697.949 2456.021 1695.876 -1.551
2419.928 1636.057 2524.736 1631.850 -1.552
2349.039 1793.977 2458.452 1789.329 -1.552
2003.164 1669.072 2105.310 1666.117 -1.553
2500.527 1832.850 2592.000 1830.893 -1.553
2508.947 1658.250 2592.000 1654.172 -1.553
2487.710 1888.917 2592.000 1886.734 -1.553
2549.307 1484.539 2587.584 1471.721 -1.554
2432.948 1343.629 2534.613 1342.207 -1.555
2232.185 1.000 2272.184 23.664 -1.555
2177.361 1793.562 2282.934 1788.646 -1.557
1493.567 1868.793 1545.328 1944.000 -1.557
1269.081 1862.499 1373.412 1861.476 -1.557
2319.630 1644.667 2422.935 1639.348 -1.557
1604.312 1896.137 1714.870 1893.266 -1.558
2254.239 1499.079 2360.889 1494.758 -1.558
2450.234 1684.743 2557.943 1677.924 -1.558
1395.931 1649.984 1493.741 1648.395 -1.558
1931.016 1407.829 2027.291 1404.799 -1.558
2129.947 1676.128 2230.871 1672.355 -1.560
1130.218 1872.511 1228.054 1869.242 -1.560
1892.381 1767.929 1995.611 1764.243 -1.561
2404.416 1896.285 2512.449 1890.627 -1.561
2451.044 1398.864 2551.087 1396.151 -1.561
2451.651 1605.590 2555.837 1599.845 -1.561
1995.596 1795.474 2101.945 1790.655 -1.562
2501.744 1820.216 2592.000 1813.201 -1.562
2397.072 1762.871 2503.271 1755.964 -1.562
2419.865 1510.021 2517.994 1506.969 -1.562
2365.604 1896.706 2472.731 1888.928 -1.563
1649.392 1777.331 1755.319 1775.576 -1.563
1797.165 1641.522 1898.463 1640.309 -1.564
2490.557 1797.791 2592.000 1789.390 -1.564
2553.296 1621.638 2584.823 1615.140 -1.564
1968.862 1791.338 2003.937 1788.619 -1.565
2434.950 1866.618 2543.237 1856.972 -1.565
2464.778 1551.915 2568.409 1545.715 -1.566
1757.651 1894.007 1867.469 1890.754 -1.566
2205.518 1701.100 2312.484 1698.161 -1.566
2365.792 1509.500 2465.300 1505.151 -1.566
2209.949 1505.156 2247.932 1502.860 -1.566
2378.901 1517.198 2481.920 1516.148 -1.569
2245.847 1678.275 2353.181 1670.597 -1.569
2365.266 1708.828 2470.688 1704.263 -1.570
1154.073 1842.733 1205.971 1922.974 -1.570
2545.864 1717.883 2589.303 1711.677 -1.570
2403.756 1773.366 2512.244 1764.011 -1.571
2206.899 1771.918 2312.870 1765.328 -1.571
2410.209 1880.146 2520.029 1875.988 -1.572
2272.436 1835.132 2384.422 1944.000 -1.572
1613.538 1890.804 1723.031 1886.277 -1.573
2323.409 1894.911 2437.070 1890.908 -1.574
2371.306 1583.876 2480.470 1579.401 -1.574
2017.948 1897.837 2122.360 1891.759 -1.575
2498.267 1517.139 2592.000 1513.480 -1.575
2469.764 1636.910 2584.971 1632.679 -1.575
1740.428 1871.407 1850.933 1867.823 -1.575
2144.984 1752.144 2258.287 1749.303 -1.575
1726.159 1673.820 1828.263 1670.897 -1.576
2296.466 1882.086 2410.058 1876.799 -1.576
2477.542 1816.800 2584.253 1809.976 -1.576
2330.948 1781.287 2364.293 1774.359 -1.576
2050.580 1875.796 2082.287 1873.572 -1.577
2397.960 1897.362 2506.030 1887.766 -1.577
2334.918 1582.507 2436.150 1576.275 -1.578
1703.010 1736.831 1804.377 1735.381 -1.579
2068.374 1862.917 2168.389 1858.594 -1.580
2441.339 1281.081 2540.843 1279.259 -1.580
2096.501 1786.229 2204.835 1785.020 -1.580
1996.431 1809.265 2098.043 1806.362 -1.581
2475.516 1805.952 2586.469 1801.842 -1.581
1791.738 1896.551 1895.610 1890.330 -1.581
2270.593 1896.893 2378.905 1888.505 -1.581
326.177 1.000 378.497 26.430 -1.582
2423.003 1376.761 2462.791 1373.188 -1.583
2162.709 1792.505 2265.658 1788.912 -1.583
2334.547 1770.182 2440.328 1765.012 -1.583
2371.625 1698.249 2482.903 1695.298 -1.584
2287.223 1801.835 2391.490 1797.059 -1.584
2469.277 1729.890 2575.819 1726.729 -1.586
1570.700 1893.973 1672.033 1891.647 -1.586
1348.541 1894.501 1449.925 1892.437 -1.586
2274.944 1407.221 2377.221 1403.616 -1.586
2454.230 1874.357 2560.056 1866.510 -1.587
2483.597 1784.975 2592.000 1783.425 -1.587
2052.382 1872.647 2163.195 1867.411 -1.587
1766.900 1745.755 1866.491 1743.117 -1.588
2288.526 1573.070 2396.552 1571.249 -1.589
1852.033 1691.800 1955.724 1690.019 -1.589
635.983 1.000 691.976 25.066 -1.589
394.874 1623.188 480.188 1762.834 -1.589
2488.113 1176.503 2526.206 1174.206 -1.590
1907.561 1749.064 2013.245 1743.890 -1.590
2391.454 1394.609 2429.931 1389.710 -1.590
2370.563 1693.885 2481.490 1691.143 -1.590
2274.085 1885.938 2384.364 1883.354 -1.590
2416.007 1636.160 2526.191 1631.156 -1.590
2335.596 1646.013 2369.742 1642.086 -1.590
1664.774 1769.080 1766.361 1764.760 -1.591
1863.138 1809.003 1964.745 1807.303 -1.591
1823.934 1889.666 1925.982 1885.362 -1.592
919.249 1869.802 968.489 1944.000 -1.592
602.972 1.397 673.105 37.779 -1.592
938.704 1630.179 990.538 1707.245 -1.593
2560.458 1497.417 2592.000 1497.464 -1.594
1286.245 1817.684 1385.994 1815.060 -1.594
2410.298 1861.333 2518.934 1860.136 -1.595
2208.985 1.000 2249.342 34.789 -1.595
2475.566 1767.765 2581.742 1766.374 -1.595
2390.579 1710.772 2503.171 1707.362 -1.595
2501.196 1863.895 2541.632 1860.307 -1.596
1767.162 1895.582 1872.382 1891.843 -1.596
2065.573 1565.349 2592.000 1817.929 -1.596
2275.003 1801.102 2399.788 1799.811 -1.597
2279.580 1849.690 2385.092 1841.662 -1.597
2470.184 1815.058 2587.592 1811.381 -1.598
2060.246 1234.178 2158.746 1232.995 -1.598
2396.697 1706.998 2501.315 1703.339 -1.598
2254.320 1667.611 2357.619 1665.820 -1.598
2285.609 1610.392 2392.895 1608.523 -1.599
2274.136 1881.427 2386.386 1877.179 -1.599
2308.311 1739.459 2416.753 1738.059 -1.599
1713.831 1869.658 1814.299 1865.759 -1.599
2367.128 1592.104 2403.389 1587.495 -1.599
2500.301 1747.987 2592.000 1741.855 -1.599
2490.803 1899.982 2592.000 1888.464 -1.600
1694.736 1659.680 1794.476 1658.334 -1.600
2095.980 1594.391 2198.841 1592.841 -1.600
2496.536 1774.054 2592.000 1763.064 -1.601
1806.945 1810.925 1911.118 1804.465 -1.601
2137.155 1817.849 2244.714 1813.048 -1.602
2192.746 1694.932 2225.839 1693.284 -1.603
1764.067 1534.770 1861.893 1533.490 -1.603
2137.312 1646.430 2174.343 1644.037 -1.603
2303.179 1877.314 2410.050 1865.594 -1.603
1823.011 1714.891 1924.856 1711.278 -1.604
2388.523 1773.984 2495.589 1768.999 -1.604
1650.383 1862.209 1753.118 1858.228 -1.604
2503.892 1605.140 2592.000 1601.362 -1.604
2438.193 1625.429 2475.605 1614.934 -1.604
2252.045 1831.230 2367.958 1832.697 -1.604
2489.932 1584.184 2592.000 1580.027 -1.604
1215.819 1754.020 1312.588 1751.588 -1.605
2327.571 1789.297 2443.348 1788.114 -1.605
2080.704 1652.098 2185.518 1648.962 -1.605
2486.048 1180.208 2583.858 1179.091 -1.605
2491.072 1797.694 2592.000 1794.064 -1.606
1816.666 1896.011 1925.599 1892.993 -1.606
2543.226 1357.470 2583.910 1345.650 -1.606
634.157 1752.335 785.931 1935.717 -1.606
2033.426 1876.053 2073.472 1873.971 -1.606
1768.306 1754.530 1868.354 1751.563 -1.608
2414.009 1670.678 2528.114 1667.081 -1.608
544.089 1653.805 714.002 1713.046 -1.609
2436.542 1460.231 2535.072 1457.611 -1.609
2553.595 1518.044 2592.000 1516.206 -1.610
2406.403 1866.664 2527.495 1864.038 -1.610
2495.225 1510.244 2592.000 1506.797 -1.611
6.065 537.175 147.387 731.044 -1.611
1784.417 1809.240 1881.630 1804.530 -1.611
2033.824 1852.265 2140.868 1842.047 -1.612
2398.348 1661.065 2506.060 1655.502 -1.612
2339.821 1850.051 2453.462 1840.124 -1.613
1317.083 1895.088 1418.641 1894.046 -1.614
2324.374 1533.593 2428.280 1530.153 -1.614
1563.815 1895.208 1672.842 1893.925 -1.614
2325.274 1485.585 2426.958 1481.673 -1.614
1733.194 1615.288 1833.588 1613.156 -1.614
2553.444 1337.458 2589.448 1334.680 -1.614
1998.986 1886.531 2099.098 1884.364 -1.615
2501.509 1794.212 2592.000 1788.770 -1.615
2170.610 1818.181 2273.306 1814.000 -1.615
2241.080 1632.338 2277.114 1626.596 -1.616
2456.881 1454.025 2559.364 1450.653 -1.616
2327.469 1738.517 2431.423 1731.541 -1.616
2551.620 1488.748 2586.213 1485.294 -1.616
2384.725 1846.698 2494.186 1837.712 -1.616
2347.741 1691.086 2451.739 1688.959 -1.616
2431.756 1669.084 2544.912 1664.663 -1.617
2305.718 1878.990 2412.698 1875.280 -1.617
2113.644 1752.512 2217.570 1750.780 -1.618
837.538 1856.016 933.509 1854.442 -1.618
2333.449 1779.082 2438.519 1775.785 -1.618
2550.369 1546.651 2586.847 1532.911 -1.618
2379.991 1700.069 2485.268 1696.223 -1.619
2495.998 1353.175 2532.701 1349.835 -1.620
2376.314 1809.587 2486.065 1806.006 -1.620
1747.610 1.000 1784.982 34.167 -1.620
2548.541 1650.021 2585.919 1640.281 -1.621
2311.064 1526.238 2417.761 1523.942 -1.621
2545.239 1580.422 2586.209 1566.665 -1.621
1538.061 1894.952 1645.835 1893.015 -1.621
2474.940 1780.429 2586.155 1776.615 -1.621
2474.216 1579.952 2579.657 1578.813 -1.621
2353.749 1816.491 2388.933 1807.901 -1.621
2330.633 1798.900 2444.171 1792.126 -1.622
2333.378 1642.722 2437.591 1638.020 -1.623
2551.572 1563.760 2590.695 1553.606 -1.624
1840.791 1817.672 1944.134 1811.023 -1.624
2239.355 1604.395 2339.427 1600.198 -1.624
2279.297 1787.922 2384.069 1782.035 -1.624
2331.190 1609.891 2437.611 1607.488 -1.624
2465.209 1637.894 2575.177 1629.634 -1.624
1166.892 1.000 1222.361 22.601 -1.625
1925.415 1865.777 2027.848 1860.080 -1.625
1358.070 1689.380 1453.956 1687.111 -1.626
1823.218 1816.372 1924.255 1812.015 -1.626
2496.425 1637.553 2592.000 1636.166 -1.626
2217.280 1809.943 2320.790 1803.447 -1.626
2552.203 1519.460 2587.167 1514.607 -1.626
2139.704 1769.949 2246.805 1767.212 -1.626
1342.369 1846.364 1444.961 1845.157 -1.626
2308.792 1878.236 2423.837 1874.313 -1.627
844.717 1.000 912.187 28.896 -1.627
1868.571 1689.496 1971.119 1685.817 -1.627
2388.269 1702.795 2503.975 1693.953 -1.628
1320.006 1682.772 1415.434 1681.073 -1.628
2376.935 1592.640 2412.833 1585.704 -1.628
2333.226 1494.991 2430.830 1490.829 -1.628
2347.472 1691.638 2455.480 1690.357 -1.629
2074.980 1722.801 2176.940 1720.466 -1.629
1373.739 1800.566 1474.041 1795.944 -1.630
2418.556 1603.444 2522.620 1600.524 -1.630
1484.220 1872.361 1585.257 1870.113 -1.631
1688.901 1823.330 1793.926 1821.525 -1.631
2018.444 1827.030 2129.880 1824.308 -1.632
2545.782 1674.190 2585.494 1668.436 -1.632
2384.983 1855.049 2493.523 1847.840 -1.632
2067.888 1801.283 2171.033 1795.404 -1.632
2348.758 1526.444 2451.593 1522.969 -1.632
2374.286 1820.346 2484.180 1815.927 -1.633
1845.423 1897.068 1952.849 1892.138 -1.633
1592.887 1895.538 1699.773 1890.934 -1.634
959.755 1.000 1043.815 36.039 -1.634
2407.301 1868.928 2523.571 1865.759 -1.634
2430.492 1699.432 2531.620 1695.888 -1.634
2499.577 1778.929 2592.000 1776.105 -1.634
2240.661 1881.789 2348.198 1874.673 -1.634
2287.097 1895.997 2398.195 1888.839 -1.634
2001.603 1644.986 2103.440 1642.837 -1.635
2075.180 1690.043 2177.612 1688.715 -1.635
2418.854 1555.415 2520.530 1553.875 -1.635
1814.033 1896.683 1917.745 1889.891 -1.636
23.585 1503.383 769.029 1899.153 -1.636
2390.381 1633.906 2497.756 1632.121 -1.636
2292.632 1611.858 2396.656 1605.586 -1.636
2388.932 1730.821 2493.404 1727.408 -1.636
1415.452 1832.767 1512.938 1829.678 -1.637
2295.076 1786.993 2402.666 1782.031 -1.637
1478.325 1808.963 1578.378 1807.448 -1.637
2484.755 1844.999 2592.000 1843.782 -1.638
2320.169 1896.528 2426.552 1887.235 -1.638
2409.036 1.000 2446.889 23.568 -1.639
2364.273 1634.522 2470.587 1632.114 -1.639
1917.929 1888.885 2021.809 1884.297 -1.639
2297.834 1736.374 2410.827 1733.011 -1.640
2464.020 1743.522 2498.468 1731.433 -1.640
1609.877 1879.315 1713.823 1878.098 -1.640
1609.642 1890.560 1711.219 1885.109 -1.640
2372.773 1675.681 2476.848 1671.011 -1.640
2410.249 1882.813 2522.848 1874.349 -1.640
2551.731 1329.967 2589.532 1323.366 -1.641
2511.399 1673.145 2547.316 1664.806 -1.641
2338.569 1548.884 2442.358 1547.507 -1.641
1705.799 1658.429 1813.205 1654.770 -1.641
1782.127 1802.946 1891.760 1801.753 -1.641
1548.994 1878.886 1648.463 1877.796 -1.641
2415.086 1601.965 2452.903 1593.728 -1.642
1720.062 1873.402 1822.073 1869.840 -1.643
2473.991 1500.225 2580.358 1498.719 -1.643
2350.953 1724.848 2456.201 1718.929 -1.643
2368.969 1.000 2406.495 37.059 -1.644
1784.080 1893.717 1887.582 1889.563 -1.644
1547.341 1850.733 1647.570 1846.743 -1.645
1272.904 1823.587 1370.209 1821.870 -1.645
1844.853 1862.492 1949.606 1861.205 -1.645
2549.332 1711.862 2584.787 1707.574 -1.646
2484.802 1890.682 2592.000 1883.422 -1.646
2428.263 1842.399 2536.910 1833.852 -1.646
2381.499 1744.546 2492.230 1740.269 -1.646
2144.867 1897.428 2253.364 1889.702 -1.646
2398.291 1774.132 2502.355 1763.845 -1.646
2315.860 1690.842 2429.145 1686.023 -1.646
2467.362 1721.724 2574.820 1718.255 -1.646
2051.751 1864.300 2164.225 1859.347 -1.647
2455.797 1847.499 2489.503 1835.891 -1.647
2415.509 1433.886 2519.198 1427.275 -1.647
2484.206 1541.322 2589.016 1537.410 -1.648
2441.475 1754.904 2553.913 1749.986 -1.648
2364.386 1635.935 2472.878 1631.635 -1.648
1724.937 1541.345 1826.767 1539.496 -1.648
2163.338 1832.652 2272.973 1823.923 -1.648
2033.132 1877.243 2068.121 1871.949 -1.649
2326.552 1746.196 2432.517 1743.784 -1.649
2550.554 1676.749 2587.808 1660.375 -1.649
2404.046 1826.007 2512.438 1820.960 -1.649
1860.183 1548.806 1959.244 1547.624 -1.649
2028.189 1835.388 2131.643 1828.342 -1.649
1532.762 1815.123 1632.564 1813.852 -1.650
1692.267 1894.928 1809.988 1891.858 -1.650
2440.059 1441.081 2541.484 1439.380 -1.650
1883.677 1708.484 1992.141 1707.360 -1.650
2490.856 1761.145 2592.000 1758.231 -1.651
2164.814 1870.081 2277.570 1865.268 -1.651
1795.573 1841.247 1908.629 1839.794 -1.651
2482.183 1690.752 2588.183 1685.602 -1.652
2216.238 1576.280 2251.577 1568.795 -1.652
2417.325 1615.159 2453.113 1607.767 -1.652
1863.015 1760.504 1962.426 1759.190 -1.652
1895.157 1821.426 1999.952 1817.205 -1.653
2271.475 1897.990 2385.247 1889.247 -1.653
2552.086 1436.223 2589.681 1427.322 -1.653
2293.975 1580.291 2395.230 1578.081 -1.654
2289.739 1788.196 2407.015 1786.336 -1.654
1476.889 1839.931 1578.209 1834.898 -1.655
1697.342 1728.926 1795.785 1727.373 -1.655
2489.322 1579.948 2592.000 1576.236 -1.655
867.647 1685.594 1033.320 1730.189 -1.655
2497.050 1615.167 2530.292 1612.916 -1.656
2342.764 1659.949 2446.098 1654.834 -1.656
290.079 1.000 364.771 33.328 -1.656
1710.335 1840.785 1812.810 1837.921 -1.656
1299.675 1870.569 1411.107 1866.527 -1.657
2337.598 1818.421 2459.707 1816.842 -1.657
2436.611 1714.747 2541.113 1712.240 -1.657
1763.326 1896.237 1876.207 1893.711 -1.657
719.378 1450.061 1074.365 1937.833 -1.658
2277.875 1608.663 2388.140 1607.266 -1.658
2283.275 1503.308 2384.059 1501.866 -1.658
1381.617 1863.557 1484.860 1862.215 -1.658
2146.341 1872.369 2262.117 1869.575 -1.658
2291.377 1800.930 2400.148 1799.253 -1.658
2546.655 1799.408 2584.046 1791.699 -1.659
2155.845 1849.461 2259.035 1843.579 -1.659
2559.481 1056.655 2592.000 1058.964 -1.659
2342.912 1844.262 2458.639 1838.204 -1.660
1215.231 1827.712 1290.948 1936.451 -1.660
2448.818 1345.187 2548.367 1342.036 -1.660
2554.941 1603.735 2591.673 1600.350 -1.660
1846.467 1682.384 1945.618 1680.554 -1.660
2388.079 1747.057 2496.578 1740.712 -1.660
2394.367 1327.020 2494.993 1324.368 -1.660
2324.440 1646.554 2429.428 1642.751 -1.661
2294.100 1574.883 2402.862 1572.816 -1.661
2422.073 1707.516 2535.572 1695.136 -1.661
2217.501 1638.668 2252.017 1637.013 -1.662
2395.352 1625.793 2507.674 1624.369 -1.662
2094.352 1794.927 2203.920 1791.103 -1.662
2476.415 1891.317 2586.074 1881.744 -1.662
2277.450 1526.241 2376.687 1525.033 -1.662
2444.664 1643.873 2547.794 1641.084 -1.663
1749.637 1830.059 1856.184 1828.776 -1.663
1853.759 1809.864 1956.936 1807.002 -1.663
2249.583 1824.335 2352.286 1818.816 -1.663
1876.427 1816.054 1982.411 1814.258 -1.664
2489.740 1624.982 2525.742 1617.878 -1.665
2408.506 1858.057 2527.840 1856.182 -1.665
2075.000 1792.006 2177.303 1790.065 -1.665
2432.820 1839.114 2546.422 1833.807 -1.665
2473.646 1501.196 2576.095 1499.480 -1.665
1883.633 1823.874 1992.659 1818.780 -1.666
2211.741 1599.786 2321.394 1597.270 -1.666
2205.162 1762.040 2314.688 1760.643 -1.666
2026.937 1840.187 2131.532 1836.372 -1.666
1963.929 1894.372 2070.705 1890.484 -1.666
2167.129 1798.488 2274.056 1795.658 -1.666
2292.035 1878.254 2410.756 1877.250 -1.667
1793.834 1846.767 1896.973 1845.343 -1.667
2553.886 1706.353 2590.270 1693.838 -1.667
2277.137 1532.109 2377.003 1529.643 -1.668
2159.211 1598.951 2261.589 1594.935 -1.668
2507.155 1899.435 2592.000 1887.219 -1.668
1890.780 1519.816 1990.711 1516.560 -1.669
2248.365 1631.257 2286.614 1626.690 -1.669
2285.628 1676.660 2391.996 1672.198 -1.670
2389.776 1704.878 2494.982 1692.845 -1.670
2208.860 1650.483 2310.912 1647.607 -1.670
2357.275 1623.301 2460.600 1617.951 -1.670
2388.023 1901.411 2496.940 1889.294 -1.671
2113.507 1813.155 2146.958 1811.280 -1.671
2491.331 1890.071 2592.000 1886.608 -1.671
1734.423 1895.829 1841.483 1892.987 -1.672
1697.423 1892.838 1798.868 1891.234 -1.672
1263.371 1889.317 1361.898 1887.200 -1.672
2329.330 1549.482 2434.901 1546.389 -1.672
2047.807 1870.186 2162.267 1868.240 -1.672
2386.316 1.000 2426.841 39.682 -1.673
2332.805 1676.449 2435.463 1672.932 -1.673
1843.965 1804.476 1948.434 1803.108 -1.673
1884.776 1747.461 1987.132 1742.164 -1.673
2443.365 1627.181 2547.244 1624.721 -1.674
2467.086 1511.677 2567.983 1507.360 -1.674
2295.850 1772.828 2398.720 1764.950 -1.674
2301.332 1860.141 2408.535 1857.394 -1.674
2126.768 1851.226 2245.748 1848.877 -1.675
1602.283 1886.967 1718.225 1884.045 -1.675
2433.665 1661.682 2548.258 1659.859 -1.676
2320.357 1780.238 2420.663 1772.989 -1.676
2394.180 1615.149 2426.676 1605.713 -1.676
2236.699 1610.412 2345.186 1606.175 -1.676
2341.873 1706.222 2443.325 1702.559 -1.676
2489.090 1755.948 2592.000 1750.375 -1.677
2493.397 1685.312 2592.000 1677.934 -1.677
2257.566 1875.454 2289.925 1869.666 -1.677
2366.902 1416.215 2480.085 1415.146 -1.678
2484.652 1897.582 2592.000 1886.800 -1.678
1674.367 1.000 1762.434 37.443 -1.678
2475.344 1691.742 2584.306 1685.222 -1.678
2374.968 1866.919 2499.273 1860.041 -1.678
2496.870 1438.998 2592.000 1437.447 -1.679
2551.666 1219.227 2588.978 1214.997 -1.679
2153.540 1862.808 2263.819 1860.103 -1.679
2192.050 1827.775 2297.513 1818.742 -1.679
2458.065 1701.068 2570.507 1697.568 -1.680
2477.314 1722.954 2580.803 1718.112 -1.680
2455.441 1406.194 2556.742 1405.152 -1.680
2214.111 1423.575 2592.000 1935.604 -1.680
2367.892 1853.656 2477.341 1851.117 -1.680
2555.687 1794.364 2592.000 1785.404 -1.680
1737.011 1872.862 1840.645 1868.481 -1.680
2458.219 1727.519 2568.615 1723.876 -1.680
1882.301 1627.104 1989.266 1625.841 -1.680
2466.204 1659.350 2575.537 1654.398 -1.681
635.883 1.000 718.338 36.042 -1.681
2297.553 1599.355 2332.650 1598.059 -1.681
1261.755 1832.766 1361.729 1831.582 -1.682
2411.748 1699.020 2518.479 1692.573 -1.682
2420.914 1709.133 2527.632 1700.579 -1.682
2309.128 1614.557 2411.354 1607.749 -1.682
2074.002 1884.403 2179.914 1875.167 -1.682
2418.291 1871.008 2452.214 1863.282 -1.682
2029.250 1836.764 2135.498 1834.083 -1.683
2270.737 1524.087 2372.034 1522.635 -1.683
2168.603 1634.557 2270.631 1632.297 -1.683
2367.056 1824.347 2404.254 1823.066 -1.683
1160.670 3.743 1235.466 35.195 -1.683
2322.234 1754.656 2433.909 1749.357 -1.684
2414.446 1866.425 2520.739 1860.704 -1.684
2501.819 1709.424 2592.000 1706.442 -1.684
1752.370 1880.523 1854.160 1879.159 -1.685
2358.663 1652.753 2396.293 1650.032 -1.685
2547.071 1817.221 2585.479 1805.992 -1.685
241.922 1.000 288.982 38.350 -1.686
2161.237 1857.159 2197.148 1846.285 -1.686
1634.532 1858.449 1734.597 1853.687 -1.686
2205.931 1597.782 2310.624 1592.756 -1.686
1713.107 1883.653 1813.467 1874.075 -1.686
1923.120 1.000 1960.518 33.093 -1.686
2020.044 1837.777 2129.647 1835.731 -1.687
2271.846 1741.819 2386.310 1739.145 -1.687
1927.544 1724.632 1963.707 1722.946 -1.687
2412.290 1674.843 2517.190 1672.217 -1.687
2377.818 1615.768 2414.380 1611.993 -1.687
2153.679 1817.496 2262.167 1811.707 -1.687
1743.157 1792.311 1845.255 1789.838 -1.688
2454.442 1845.690 2559.236 1832.900 -1.688
2335.538 1653.427 2370.491 1650.532 -1.688
2398.457 1849.960 2507.088 1844.070 -1.688
2077.139 1624.958 2184.133 1623.639 -1.688
2064.873 1877.235 2176.230 1875.770 -1.688
2303.779 1794.444 2408.411 1788.671 -1.688
803.146 1.000 871.358 28.270 -1.689
2466.746 1686.501 2571.983 1676.253 -1.689
2425.144 1863.585 2466.073 1859.618 -1.689
2411.800 1635.659 2516.851 1629.064 -1.689
1891.958 1707.522 1993.379 1705.032 -1.689
2253.602 1898.804 2369.099 1890.363 -1.689
2558.939 1601.540 2592.000 1595.861 -1.689
2547.129 1758.459 2585.228 1750.322 -1.691
1821.602 1.000 1881.264 32.399 -1.691
2020.144 1768.277 2127.185 1766.117 -1.691
2147.618 1873.977 2257.747 1867.640 -1.691
2280.057 1883.475 2387.671 1876.196 -1.691
1532.529 1847.630 1632.484 1846.623 -1.691
2321.432 1646.443 2356.067 1642.191 -1.691
2068.842 1862.394 2181.098 1861.266 -1.691
2374.252 1796.857 2486.688 1791.890 -1.692
2385.722 1753.277 2419.914 1742.068 -1.692
2200.982 1527.210 2236.955 1524.593 -1.692
2275.084 1845.728 2381.935 1841.924 -1.692
2483.121 1615.768 2587.537 1606.795 -1.693
2472.195 1401.155 2509.394 1396.652 -1.693
2286.863 1599.259 2322.039 1596.342 -1.693
2398.533 1726.683 2434.426 1718.764 -1.693
2420.790 1821.409 2523.893 1811.163 -1.693
1856.426 1852.935 1968.701 1849.713 -1.694
2557.251 1774.880 2592.000 1767.836 -1.694
2425.663 1733.385 2533.646 1729.373 -1.694
2199.610 1623.932 2236.779 1616.577 -1.695
2271.919 1796.140 2379.493 1789.515 -1.695
2469.465 1781.005 2576.974 1771.647 -1.695
2324.708 1423.878 2425.912 1417.868 -1.695
2457.399 1.000 2534.515 29.542 -1.695
2521.496 1610.612 2560.057 1607.942 -1.695
2401.627 1881.883 2514.736 1875.937 -1.695
2491.145 1181.726 2592.000 1180.522 -1.695
2511.473 1809.704 2547.503 1795.663 -1.695
1617.603 1881.609 1720.066 1876.758 -1.695
2301.595 1526.388 2402.460 1521.792 -1.695
2327.150 1776.730 2364.009 1771.682 -1.696
2494.674 1866.780 2531.963 1858.350 -1.696
2545.500 1750.367 2585.294 1740.016 -1.697
2260.646 1830.357 2377.682 1826.816 -1.697
2347.606 1501.745 2453.291 1495.844 -1.697
