768.391 1011.432 814.766 1073.636 -0.926
846.977 907.912 889.652 962.183 -0.927
613.186 1058.351 647.115 1151.837 -0.933
1502.868 284.956 1571.758 319.165 -0.946
1025.360 113.139 1101.799 142.541 -0.973
1823.206 650.096 1877.980 714.022 -0.975
701.968 849.914 808.486 936.516 -0.979
1733.394 1164.759 1769.340 1262.902 -0.980
719.038 439.910 797.295 532.853 -0.987
313.662 387.384 409.291 448.370 -0.989
1277.569 513.995 1366.873 567.838 -0.989
839.340 1021.082 951.371 1083.146 -0.992
655.977 3.636 728.036 33.172 -0.993
729.211 1017.810 835.129 1080.623 -0.994
286.612 1251.535 376.516 1296.944 -0.997
1493.298 287.428 1619.874 371.982 -0.997
482.214 737.699 733.816 1006.358 -0.997
2002.019 490.336 2070.849 567.816 -0.998
1392.671 488.335 1438.732 550.307 -0.999
1179.253 559.103 1268.442 653.817 -1.000
1260.473 1009.885 1379.707 1109.681 -1.000
1127.849 541.192 1171.688 593.134 -1.004
2186.371 1167.109 2214.000 1221.448 -1.005
2486.299 270.568 2592.000 345.825 -1.005
300.509 1455.395 410.872 1514.574 -1.006
1430.430 1143.939 1467.039 1230.189 -1.007
2394.606 462.737 2436.658 520.837 -1.011
1390.517 152.255 1574.145 285.876 -1.013
1807.742 616.394 1880.620 713.989 -1.015
1682.974 501.587 1725.671 551.904 -1.016
1270.768 1258.928 1317.954 1331.328 -1.019
