47.306 1148.967 167.524 1392.672 -0.859
730.715 462.999 798.886 599.398 -0.917
1254.363 222.561 1344.152 387.095 -0.927
196.352 708.707 243.485 787.276 -0.931
877.327 1102.825 1071.867 1438.937 -0.945
1027.091 204.089 1091.114 342.832 -0.946
617.410 1169.031 884.690 1690.163 -0.949
2092.305 1511.520 2147.400 1585.346 -0.950
918.489 1561.881 1004.745 1703.662 -0.967
1946.806 420.576 2494.331 1243.015 -0.968
2018.319 1342.311 2162.632 1570.282 -0.969
1868.247 786.301 1911.216 851.736 -0.975
1874.127 847.762 1940.270 970.142 -0.978
586.230 779.517 707.479 1000.251 -0.981
1237.048 1284.770 1541.985 1878.819 -0.981
2215.769 1206.399 2269.017 1348.278 -0.986
1111.920 192.382 1204.032 389.167 -0.992
2021.481 273.595 2065.148 370.170 -0.993
1942.811 1616.542 2013.954 1733.564 -1.004
844.108 878.649 902.033 1051.472 -1.006
902.927 1448.187 996.736 1745.570 -1.008
2082.983 1567.983 2145.436 1655.278 -1.009
1891.155 564.268 1938.927 639.083 -1.012
1788.264 829.468 1840.377 908.495 -1.015
2236.599 387.490 2592.000 1803.533 -1.022
1519.674 1465.846 1582.465 1564.298 -1.030
1224.651 314.009 1269.145 385.944 -1.037
905.939 872.020 951.515 950.207 -1.037
2480.362 37.295 2592.000 359.797 -1.037
1088.348 162.013 1200.269 676.917 -1.039
1089.886 1144.847 1272.126 1722.993 -1.039
888.937 843.499 961.255 1094.319 -1.040
419.415 951.071 474.967 1045.225 -1.044
967.464 499.330 1014.528 579.891 -1.044
483.690 756.906 611.107 991.155 -1.044
16.426 1.000 280.844 890.233 -1.045
216.475 1136.018 294.249 1427.201 -1.049
1494.465 782.464 1650.850 1039.729 -1.049
1221.302 228.209 1287.193 399.937 -1.049
1861.587 914.771 1938.097 1029.235 -1.052
432.100 750.606 711.461 1659.956 -1.053
1017.782 436.949 1089.075 582.373 -1.053
2059.050 281.921 2103.128 357.827 -1.054
2054.907 223.652 2119.025 353.837 -1.055
1862.501 381.353 2009.895 656.760 -1.056
1856.764 777.762 1924.481 951.077 -1.060
2196.815 1436.710 2267.241 1646.526 -1.061
1929.822 1360.204 1994.055 1442.099 -1.061
1998.959 1334.808 2121.799 1743.111 -1.063
1771.161 823.239 1847.868 933.267 -1.064
1178.690 549.649 1243.267 772.798 -1.065
2200.621 1301.600 2270.415 1468.772 -1.066
362.064 362.629 400.320 432.018 -1.068
1887.365 1617.366 2012.767 1800.573 -1.069
146.196 1103.035 192.785 1181.851 -1.071
445.580 40.771 486.319 126.102 -1.071
1844.290 763.324 1945.333 1091.163 -1.074
420.895 518.163 476.062 635.433 -1.076
1799.230 498.520 1866.933 625.367 -1.076
396.400 1140.096 456.160 1248.165 -1.076
2159.523 1531.431 2211.359 1585.824 -1.078
756.281 880.322 812.413 973.334 -1.079
786.069 867.998 1093.144 1866.968 -1.079
998.720 160.043 1125.598 588.068 -1.080
1887.645 1036.532 1947.347 1147.143 -1.080
971.648 92.781 1012.014 171.081 -1.083
1509.625 424.680 1867.201 1151.048 -1.084
2120.704 1493.863 2220.365 1774.162 -1.090
293.929 1275.347 342.252 1361.752 -1.091
1192.898 178.567 1232.761 256.446 -1.091
1067.928 1773.392 1133.080 1869.629 -1.092
1189.731 185.163 1238.316 323.471 -1.092
2022.899 1.000 2070.570 62.145 -1.093
713.850 876.316 767.829 1057.149 -1.095
2099.486 1307.747 2244.936 1825.070 -1.095
1835.538 47.102 2289.209 1065.198 -1.096
141.245 1169.798 210.496 1413.380 -1.096
202.912 1118.922 425.013 1552.556 -1.101
942.041 333.657 984.829 401.411 -1.102
1989.325 1837.860 2069.356 1929.624 -1.103
182.402 1632.919 253.193 1735.211 -1.104
695.335 542.467 735.785 622.894 -1.104
963.772 664.551 1211.555 1089.608 -1.104
1983.825 1296.474 2189.819 1935.330 -1.105
1506.925 837.290 1889.706 1566.310 -1.105
1426.718 388.946 1563.090 631.942 -1.105
134.434 1074.177 242.867 1461.121 -1.105
1.000 1031.554 199.846 1724.901 -1.106
2184.296 1847.552 2236.275 1910.682 -1.108
1939.955 1484.184 2019.098 1602.455 -1.108
947.100 215.763 1018.016 333.943 -1.110
1019.541 424.669 1187.907 733.495 -1.110
1368.827 174.564 1414.901 285.464 -1.111
1326.590 216.396 1379.097 323.885 -1.111
2122.087 1.000 2161.960 54.068 -1.120
1182.392 139.147 1279.731 332.017 -1.121
1990.879 1.000 2028.588 61.779 -1.121
265.593 189.606 309.858 270.721 -1.122
724.144 303.555 792.554 417.485 -1.123
1546.466 1585.514 1604.215 1657.194 -1.125
1476.862 990.021 1519.833 1054.752 -1.126
1595.797 1535.354 1676.868 1660.892 -1.126
1023.489 173.341 1218.881 754.928 -1.128
2164.304 1245.989 2220.725 1338.774 -1.128
1779.193 1.000 2592.000 1262.522 -1.129
15.853 1.000 610.434 1606.486 -1.130
1195.138 123.239 1345.661 454.119 -1.130
1361.789 974.447 1443.377 1108.132 -1.133
1.000 134.170 28.650 261.632 -1.136
1605.352 1637.239 1678.640 1881.031 -1.138
1.000 735.867 23.960 866.664 -1.138
725.721 763.600 792.971 882.495 -1.139
1169.158 252.513 1303.176 667.007 -1.139
1331.658 135.748 1410.382 269.446 -1.141
1520.892 1501.651 1595.715 1693.483 -1.141
1440.748 144.586 1597.188 657.886 -1.142
1241.119 65.959 1445.730 863.174 -1.144
620.636 454.370 669.194 600.601 -1.145
1558.163 165.302 1726.826 678.708 -1.145
1360.096 63.931 1642.102 1136.690 -1.146
2564.887 1753.353 2592.000 1893.603 -1.147
1647.833 1308.953 1839.307 1944.000 -1.148
721.167 464.314 817.799 741.482 -1.150
652.936 453.012 710.477 641.280 -1.150
1189.293 1024.438 1233.211 1156.434 -1.152
599.616 457.858 703.253 775.319 -1.153
716.859 639.572 854.309 1110.583 -1.153
622.651 338.641 1032.407 1944.000 -1.154
1074.785 626.095 1529.850 1514.856 -1.158
1439.181 802.781 1978.088 1850.044 -1.160
1154.356 1763.085 1246.509 1888.406 -1.161
848.864 1.000 991.140 201.345 -1.165
238.554 233.699 959.681 1725.684 -1.165
1148.723 1.000 1191.751 52.641 -1.166
