1.000 1736.999 156.560 1794.826 -0.984
2266.917 1624.557 2592.000 1614.446 -1.010
2313.295 1366.441 2592.000 1337.156 -1.018
6.451 4.446 151.448 46.530 -1.022
2294.607 1730.223 2592.000 1710.063 -1.024
1732.665 1417.121 2103.884 1427.522 -1.030
2236.380 1610.110 2575.302 1578.163 -1.031
747.480 521.925 1016.881 561.102 -1.037
1.000 760.173 163.354 807.310 -1.038
2103.462 1362.121 2442.344 1335.202 -1.041
1601.379 687.758 1882.687 675.938 -1.041
1483.272 756.909 1784.179 758.286 -1.044
1624.193 1173.990 2592.000 1426.572 -1.047
1104.912 887.198 1329.693 891.819 -1.048
1543.107 687.255 1805.647 677.275 -1.048
2347.012 1642.671 2592.000 1608.268 -1.051
1467.457 795.706 1726.973 784.097 -1.054
4.324 945.041 423.763 1070.679 -1.055
2306.905 1009.753 2592.000 983.920 -1.055
2252.589 1570.637 2592.000 1568.528 -1.056
241.857 88.343 376.897 119.113 -1.059
2236.070 79.950 2592.000 75.892 -1.059
846.430 648.438 1157.485 703.919 -1.060
1533.848 801.311 1798.184 785.139 -1.061
1.000 1526.602 124.935 1578.326 -1.063
1496.955 136.334 1808.916 138.936 -1.064
1570.100 1151.887 1934.383 1161.874 -1.065
1820.389 942.138 2592.000 1106.733 -1.065
1685.198 1598.820 2008.064 1596.161 -1.067
1.000 1458.113 184.404 1519.919 -1.067
1.000 1859.847 145.873 1918.642 -1.068
483.007 906.581 734.809 957.333 -1.068
127.066 390.252 276.479 430.636 -1.069
1571.504 906.983 1883.600 911.776 -1.070
415.908 389.534 571.931 416.791 -1.070
1757.764 1425.742 2097.030 1417.045 -1.071
267.903 379.448 589.205 460.374 -1.073
