1120.133 1165.354 1178.050 1207.778 -0.903
2483.680 1244.228 2529.772 1300.069 -0.923
899.134 1136.860 957.348 1179.517 -0.935
2091.785 127.711 2188.320 175.698 -0.944
2020.245 917.951 2097.248 984.176 -0.948
2156.280 880.924 2217.237 925.740 -0.953
2529.822 1897.149 2573.869 1932.841 -0.963
604.098 768.610 660.693 811.297 -0.965
1133.596 939.343 1198.835 991.088 -0.967
2470.427 142.428 2525.191 192.679 -0.970
1983.007 1232.310 2069.663 1307.805 -0.970
374.354 60.859 436.233 107.945 -0.971
7.049 166.649 95.554 217.386 -0.973
2190.837 817.764 2295.004 898.499 -0.976
310.266 2.802 367.220 46.634 -0.977
2202.165 522.517 2247.627 574.067 -0.978
650.912 1375.924 708.989 1426.878 -0.979
39.866 1619.897 107.956 1672.976 -0.979
2475.003 378.543 2535.915 431.198 -0.983
93.750 558.371 181.960 593.266 -0.983
2487.724 1090.761 2533.890 1140.200 -0.983
990.437 1183.238 1084.069 1235.498 -0.984
1395.530 1400.291 1459.365 1448.440 -0.985
23.493 628.223 116.791 684.793 -0.986
2466.882 742.703 2545.956 806.886 -0.989
116.547 431.278 247.255 505.696 -0.989
1865.677 1701.269 1919.610 1753.931 -0.989
140.905 308.011 252.252 359.452 -0.991
37.949 1463.429 145.731 1538.276 -0.991
1090.390 1263.186 1137.184 1300.447 -0.991
1919.177 1609.593 1963.041 1654.159 -0.991
2086.946 1808.473 2150.074 1941.106 -0.992
1124.758 1191.253 1176.512 1228.176 -0.992
2294.992 142.548 2335.344 189.108 -0.992
530.326 1359.180 621.138 1428.663 -0.993
938.214 1228.816 972.092 1313.563 -0.993
505.114 654.190 574.399 698.688 -0.994
2444.586 1345.760 2505.252 1394.276 -0.995
217.149 1760.802 261.743 1816.519 -0.996
946.337 1155.522 1057.584 1232.443 -0.996
2484.585 1008.058 2539.362 1059.376 -0.997
460.799 265.898 540.454 316.797 -0.998
1684.910 1895.452 1713.081 1942.591 -0.999
2453.316 1273.760 2528.142 1325.867 -0.999
1351.150 1299.891 1428.976 1363.660 -0.999
9.698 871.926 53.070 949.246 -1.000
2523.711 1732.808 2579.425 1775.865 -1.001
1046.872 970.393 1115.569 1020.994 -1.001
23.088 1096.517 100.165 1151.269 -1.003
861.889 96.540 947.587 155.751 -1.003
467.899 2.816 536.807 53.473 -1.003
3.031 8.235 68.514 55.602 -1.003
2225.268 1193.740 2245.971 1239.948 -1.004
1789.182 1504.892 1852.057 1565.680 -1.004
356.116 832.024 406.326 872.977 -1.005
1010.400 3.608 1113.699 62.836 -1.005
27.620 711.560 142.022 770.885 -1.005
1347.010 1864.854 1441.338 1934.108 -1.005
1807.102 1805.775 1880.362 1873.085 -1.006
1942.713 1488.413 2001.218 1532.954 -1.006
1021.847 654.762 1349.157 827.546 -1.006
735.185 1552.988 770.924 1595.014 -1.007
1304.561 570.737 1403.639 637.875 -1.007
2022.119 123.384 2109.852 180.900 -1.007
1779.436 1719.486 1846.449 1785.480 -1.007
1099.973 1193.737 1177.022 1248.310 -1.008
2398.914 1569.672 2442.202 1621.773 -1.008
1760.602 1343.986 1794.777 1387.135 -1.008
1.000 255.836 103.249 300.368 -1.009
2524.679 1796.043 2580.728 1837.917 -1.010
12.007 824.231 72.085 863.457 -1.010
2456.572 1302.789 2522.422 1372.575 -1.011
888.823 676.910 1004.119 750.607 -1.011
1502.895 476.673 1808.395 671.799 -1.011
2224.821 939.474 2277.236 999.078 -1.011
33.746 1520.405 118.889 1583.517 -1.011
2375.232 1254.202 2426.502 1299.708 -1.012
134.720 774.932 191.943 820.939 -1.013
2077.725 606.904 2182.654 670.820 -1.013
17.710 740.200 107.892 796.714 -1.013
792.939 437.395 856.084 490.979 -1.014
267.813 1621.198 344.859 1688.946 -1.014
994.464 1446.357 1039.631 1495.664 -1.014
1376.656 583.298 1459.658 655.093 -1.015
2287.483 1445.984 2354.668 1511.668 -1.015
434.115 669.222 557.710 732.528 -1.015
127.513 1882.376 171.054 1926.799 -1.015
2473.109 7.152 2540.557 59.638 -1.015
527.968 1481.938 604.710 1546.364 -1.015
340.724 1427.852 384.788 1489.240 -1.016
195.448 1672.328 233.116 1720.128 -1.016
2469.155 441.587 2531.079 501.317 -1.016
778.597 104.114 878.774 149.163 -1.016
1568.187 1660.705 1614.107 1713.713 -1.016
196.859 1.000 305.107 38.169 -1.017
724.544 85.093 799.982 132.273 -1.017
873.107 751.210 978.726 815.456 -1.017
1592.159 1749.951 1617.634 1798.849 -1.017
2480.503 1118.540 2527.069 1172.089 -1.018
512.636 809.129 580.653 860.431 -1.018
571.345 1335.139 622.479 1378.297 -1.018
1348.714 1669.852 1412.378 1730.780 -1.018
1241.565 243.006 2205.633 746.373 -1.018
1910.996 905.492 2019.819 971.089 -1.019
596.173 1.000 647.385 56.185 -1.019
2438.483 1209.290 2530.817 1282.516 -1.019
1628.981 974.378 1697.155 1015.207 -1.020
2447.038 385.437 2573.204 441.252 -1.021
2058.563 1141.743 2113.905 1183.653 -1.021
514.853 283.969 590.012 325.514 -1.021
97.231 301.240 175.422 341.223 -1.021
1384.004 191.714 1469.289 243.916 -1.021
429.276 829.013 493.504 881.518 -1.021
2270.719 114.438 2340.684 171.283 -1.022
1334.789 1457.020 1417.553 1525.181 -1.022
2495.888 1569.142 2513.224 1624.304 -1.023
2503.463 1887.830 2533.629 1939.890 -1.023
77.546 1420.328 120.691 1460.713 -1.023
1275.853 1331.344 1422.981 1410.410 -1.023
1045.283 1166.786 1100.923 1209.779 -1.023
1773.481 1495.862 1807.571 1548.790 -1.023
159.108 1755.907 199.046 1799.665 -1.023
2277.659 693.833 2359.803 756.243 -1.024
384.078 1819.424 444.547 1871.772 -1.024
833.521 734.896 932.725 802.926 -1.024
483.717 1244.553 553.456 1300.558 -1.025
11.736 962.625 95.439 1015.364 -1.025
495.261 843.383 693.925 967.921 -1.025
5.906 776.931 114.523 839.282 -1.025
1652.270 1866.082 1727.506 1937.441 -1.025
11.362 502.955 94.695 558.699 -1.025
1879.794 158.792 1950.027 219.105 -1.026
116.492 1780.293 145.851 1826.255 -1.026
1525.696 1696.832 1554.361 1746.280 -1.026
86.697 14.592 201.886 74.317 -1.027
94.097 691.901 218.649 761.564 -1.027
271.384 707.381 396.706 774.136 -1.027
579.256 1865.874 657.025 1932.639 -1.028
211.261 11.350 305.626 67.824 -1.028
698.680 1714.668 755.338 1767.473 -1.028
2135.819 902.935 2232.075 975.801 -1.028
1876.247 1316.877 1902.715 1369.550 -1.028
628.459 5.770 709.548 42.773 -1.028
2111.739 1071.931 2184.783 1131.168 -1.028
609.313 757.428 676.153 825.306 -1.028
2372.764 824.563 2454.747 877.260 -1.029
44.167 328.018 115.438 376.663 -1.029
1130.610 1798.303 1336.853 1938.341 -1.029
2162.001 31.017 2319.371 123.748 -1.029
2486.012 559.216 2535.906 609.875 -1.030
1529.392 1626.892 1553.063 1669.519 -1.030
1479.201 1379.407 1602.995 1468.528 -1.030
1155.322 1175.075 1192.238 1252.226 -1.030
19.096 822.437 121.162 892.247 -1.030
2329.276 1378.669 2372.199 1430.257 -1.031
879.659 442.896 958.391 494.695 -1.031
2491.800 1790.010 2580.473 1858.423 -1.031
19.109 1022.081 80.459 1072.920 -1.031
2250.097 1315.788 2303.405 1358.690 -1.031
1726.873 1010.699 1814.132 1079.778 -1.031
750.669 1868.611 791.798 1911.012 -1.032
1645.102 805.323 1781.787 877.263 -1.032
2229.893 390.060 2297.846 436.539 -1.032
2427.073 882.362 2510.769 948.146 -1.032
278.178 510.705 356.452 557.328 -1.032
226.994 1320.003 279.394 1363.430 -1.032
1974.451 944.606 2049.778 1013.232 -1.033
1096.669 1161.135 1142.556 1218.428 -1.033
2185.425 1210.766 2225.131 1240.851 -1.033
425.829 1252.530 503.742 1294.501 -1.033
1543.895 775.913 1610.400 826.766 -1.034
2472.274 1547.131 2541.735 1619.091 -1.034
933.038 975.792 1014.761 1035.417 -1.034
2312.096 1248.750 2368.152 1323.705 -1.034
2286.896 1190.871 2384.139 1266.745 -1.034
1943.920 4.107 2013.284 66.080 -1.034
1838.884 1499.871 1881.521 1547.574 -1.034
39.267 1007.199 143.305 1080.464 -1.034
1749.591 1767.752 1839.461 1834.786 -1.035
1685.393 1336.965 1752.655 1397.432 -1.035
196.550 391.866 268.106 436.207 -1.035
1210.055 1052.991 1320.246 1145.615 -1.035
599.219 778.872 666.323 879.270 -1.035
1381.924 1274.584 1499.487 1342.917 -1.035
1966.525 732.377 2089.010 806.352 -1.036
463.343 31.725 545.743 76.972 -1.036
2287.315 207.547 2345.336 257.636 -1.036
2490.702 862.248 2528.243 906.976 -1.036
2190.941 113.632 2292.094 182.232 -1.036
935.485 711.013 1062.558 775.614 -1.036
149.239 566.684 220.444 611.990 -1.036
647.604 1558.575 693.469 1605.566 -1.036
878.291 532.916 943.712 574.377 -1.036
2523.820 1153.129 2581.880 1263.450 -1.037
785.962 1482.447 827.871 1524.530 -1.037
130.515 1088.915 1322.005 1683.299 -1.037
280.468 222.079 350.551 267.338 -1.037
2444.127 590.151 2513.805 651.599 -1.037
1552.350 929.558 1634.684 1006.421 -1.038
2267.730 1497.632 2306.991 1545.855 -1.038
1394.952 1342.012 1480.002 1412.804 -1.038
875.444 818.791 936.522 862.714 -1.038
2388.698 1041.160 2483.938 1116.007 -1.038
2293.834 307.467 2369.085 357.913 -1.039
891.850 1.000 965.052 40.497 -1.039
10.490 212.341 97.812 271.355 -1.039
2244.393 1751.742 2317.125 1832.314 -1.039
2460.668 1478.448 2528.822 1537.102 -1.039
218.109 1557.715 880.270 1944.000 -1.039
921.218 811.799 1011.121 885.477 -1.040
1676.551 852.297 1753.361 908.571 -1.040
2469.189 99.728 2530.448 148.952 -1.040
2053.579 192.553 2130.537 245.854 -1.040
2478.568 948.405 2554.619 1004.908 -1.040
1093.486 1003.307 1140.569 1051.903 -1.041
7.057 623.074 71.396 716.002 -1.041
1541.410 148.986 1630.267 236.601 -1.041
245.544 5.461 362.524 72.415 -1.041
1762.095 734.707 1848.206 794.756 -1.041
1857.482 1762.620 1896.347 1811.677 -1.042
312.061 124.267 411.287 186.794 -1.042
1550.481 1643.104 1616.941 1697.337 -1.042
2086.015 892.337 2146.984 935.591 -1.042
2413.714 1877.551 2439.694 1931.324 -1.043
2510.666 1024.833 2575.504 1139.648 -1.043
209.236 755.371 303.446 822.102 -1.043
2361.260 1509.394 2411.323 1543.110 -1.043
943.715 12.396 1013.961 56.934 -1.043
165.973 796.062 220.494 882.618 -1.043
1437.863 726.084 1506.214 778.363 -1.044
1054.789 586.231 1143.220 645.007 -1.044
148.972 601.158 229.461 666.577 -1.044
1659.689 1447.643 1778.008 1508.051 -1.044
2199.806 390.008 2286.771 465.870 -1.044
1511.905 889.544 1573.839 949.665 -1.045
143.973 1000.493 204.903 1045.613 -1.045
1862.809 1590.720 1892.848 1638.938 -1.045
1101.266 4.779 1170.739 46.326 -1.045
791.225 441.096 901.266 506.888 -1.045
20.602 1386.272 51.827 1469.120 -1.046
1817.182 1650.917 1859.886 1682.399 -1.046
2126.940 1074.261 2233.431 1140.036 -1.046
148.811 869.600 230.708 916.026 -1.046
779.371 231.637 835.553 308.034 -1.046
1509.301 922.957 1586.930 982.803 -1.047
1174.448 899.971 1234.365 951.795 -1.047
976.231 1806.004 1006.197 1849.980 -1.047
792.845 182.082 852.643 236.026 -1.047
350.801 914.928 393.544 962.880 -1.047
1615.062 723.626 1675.901 784.845 -1.047
1493.141 773.813 1573.439 836.090 -1.047
2310.897 795.349 2374.723 892.583 -1.047
2454.255 1174.205 2543.431 1234.386 -1.047
552.127 462.570 612.945 512.478 -1.047
2108.732 795.417 2188.456 866.232 -1.048
2255.243 150.683 2308.696 200.874 -1.048
863.083 43.985 923.936 92.655 -1.048
2455.039 473.426 2545.105 543.749 -1.048
1.659 429.156 82.784 473.937 -1.048
372.498 1.000 456.467 49.472 -1.049
26.649 73.447 137.870 136.513 -1.049
2370.851 743.498 2422.859 795.451 -1.049
1180.777 1739.852 1247.404 1814.142 -1.049
2286.495 1486.126 2343.920 1546.000 -1.049
2207.614 1670.949 2257.531 1788.223 -1.049
2525.615 1860.173 2573.596 1894.474 -1.049
791.148 492.961 846.876 535.277 -1.049
2403.808 1851.109 2575.613 1944.000 -1.049
1055.532 436.406 1144.846 483.694 -1.049
1710.255 779.311 1760.764 824.274 -1.049
215.788 254.410 590.919 465.564 -1.049
2234.471 1725.446 2557.300 1929.095 -1.049
1239.085 1744.426 1509.035 1914.283 -1.049
2270.608 610.307 2328.851 657.789 -1.050
2460.408 342.858 2519.222 398.210 -1.050
572.798 774.161 623.921 820.046 -1.050
2169.352 1099.570 2253.149 1164.741 -1.050
1364.537 1409.418 1499.838 1483.332 -1.050
418.818 55.189 491.434 105.634 -1.050
2466.605 573.070 2548.623 630.082 -1.050
322.994 951.194 389.600 993.817 -1.050
1237.335 805.989 1321.579 850.143 -1.051
2232.024 560.662 2330.021 630.244 -1.051
2410.591 1317.480 2460.260 1369.455 -1.051
2297.061 510.464 2414.485 589.786 -1.052
1046.343 1699.042 1105.423 1740.378 -1.052
2533.228 5.692 2577.607 47.853 -1.052
2335.546 1.255 2411.841 46.560 -1.052
2301.441 1320.173 2333.183 1365.373 -1.052
1929.551 962.974 1980.113 1003.627 -1.053
175.058 1691.234 222.312 1738.056 -1.053
1660.793 1072.194 1709.601 1120.221 -1.053
2196.065 1166.437 2227.566 1252.446 -1.053
1120.906 19.728 1226.102 80.249 -1.053
1732.032 1616.850 1819.992 1690.099 -1.053
1933.336 1026.110 1975.128 1085.980 -1.053
2312.965 1542.782 2334.367 1589.282 -1.054
131.528 202.255 212.740 248.119 -1.054
2338.513 1018.335 2379.236 1064.841 -1.054
1560.433 1742.708 1597.471 1788.350 -1.054
1708.992 147.287 1835.841 217.611 -1.054
1389.772 1635.086 1492.194 1700.535 -1.054
1429.150 74.187 1500.451 120.410 -1.054
1426.102 218.076 1489.610 261.524 -1.054
1371.183 14.195 1470.900 77.766 -1.054
1551.418 821.386 1645.303 884.197 -1.054
1.000 16.323 130.186 85.539 -1.055
2367.278 1285.126 2415.056 1338.016 -1.055
1643.491 1789.986 1719.385 1871.458 -1.055
1945.450 849.531 2045.072 918.693 -1.055
1642.488 26.960 1725.395 77.592 -1.055
1512.912 1013.170 1567.604 1059.308 -1.055
2444.679 1382.035 2478.852 1438.660 -1.055
2475.380 1677.385 2537.137 1754.254 -1.055
834.334 652.144 917.813 703.834 -1.055
21.071 932.347 82.496 976.748 -1.056
1.000 1860.350 96.360 1938.575 -1.056
1382.178 780.958 1459.292 842.287 -1.056
45.059 1789.556 162.622 1860.511 -1.056
476.705 457.360 544.720 513.882 -1.056
1877.885 6.259 1947.846 54.185 -1.056
1549.407 1687.646 1643.152 1764.685 -1.056
2164.114 778.227 2215.690 824.413 -1.056
2206.145 287.847 2317.412 361.123 -1.056
7.529 302.090 115.527 362.374 -1.057
2228.391 707.776 2325.594 784.109 -1.057
2454.222 40.940 2548.531 103.312 -1.057
2003.143 796.677 2055.961 850.080 -1.057
405.302 898.291 482.321 956.425 -1.057
2220.110 451.223 2317.396 515.340 -1.057
395.099 815.392 447.622 858.390 -1.058
686.681 41.316 766.025 88.251 -1.058
542.154 6.312 654.918 61.753 -1.058
1297.213 1613.415 1389.431 1688.672 -1.058
1407.842 1011.442 1481.738 1072.631 -1.058
66.848 1732.814 113.795 1772.119 -1.058
1676.848 1561.886 1701.783 1609.758 -1.058
1932.279 1390.465 1991.819 1436.767 -1.058
2343.987 1352.417 2413.237 1415.794 -1.059
188.060 1723.762 247.124 1777.339 -1.059
32.503 1723.978 153.751 1791.545 -1.059
2042.747 861.999 2089.814 910.485 -1.059
2380.743 1386.768 2420.241 1437.991 -1.059
305.780 795.742 389.449 836.825 -1.060
1928.310 785.794 1971.477 835.473 -1.060
2425.786 845.006 2537.639 913.687 -1.060
2176.723 990.609 2256.896 1055.983 -1.060
2283.232 1007.385 2350.133 1067.026 -1.060
212.024 822.882 295.647 892.967 -1.060
2328.819 1409.808 2362.718 1451.890 -1.060
92.912 735.372 200.103 801.605 -1.060
2220.116 1199.086 2262.766 1243.513 -1.060
1489.064 1715.110 1538.519 1775.681 -1.061
2142.554 6.780 2218.737 62.611 -1.061
764.029 719.536 862.091 791.636 -1.061
2305.253 10.713 2488.182 111.342 -1.062
1534.428 1866.996 1623.559 1944.000 -1.062
1266.864 1593.247 1461.595 1751.403 -1.062
1954.798 201.828 2032.636 255.016 -1.062
2360.884 1332.129 2443.722 1390.078 -1.062
2378.892 86.859 2592.000 336.891 -1.062
325.751 83.430 414.347 140.798 -1.062
2453.562 1493.961 2554.575 1578.118 -1.062
2380.706 1192.933 2433.805 1251.484 -1.062
2429.821 1367.596 2533.958 1448.232 -1.062
633.830 733.565 701.004 785.567 -1.062
709.935 10.503 801.713 75.468 -1.063
2180.033 636.371 2244.180 734.045 -1.063
13.309 457.005 83.089 502.331 -1.063
1861.600 1330.411 1990.808 1419.386 -1.063
1680.054 1674.566 1750.417 1728.843 -1.063
2045.911 814.175 2126.671 870.106 -1.063
1673.908 1698.046 1739.112 1760.174 -1.063
151.722 350.378 221.001 394.888 -1.063
1817.177 1370.430 1864.207 1418.994 -1.063
37.548 171.484 178.020 237.168 -1.063
1094.616 462.347 1182.806 511.713 -1.063
2240.821 203.097 2310.359 249.650 -1.063
1371.448 953.710 1446.793 996.029 -1.063
1156.285 80.856 1232.656 126.394 -1.063
19.584 576.678 127.245 643.298 -1.063
43.044 1689.132 80.588 1732.967 -1.064
1725.528 922.778 1793.828 970.128 -1.064
89.238 852.444 201.381 915.068 -1.064
2026.475 219.714 2100.214 263.562 -1.064
1987.785 982.706 2070.416 1052.148 -1.065
1345.734 1315.713 1493.772 1410.438 -1.065
2531.434 882.501 2576.867 956.475 -1.065
1982.076 1025.394 2029.822 1076.218 -1.065
2485.773 543.606 2553.533 588.939 -1.065
511.454 130.321 580.590 172.133 -1.065
85.602 631.034 160.236 699.831 -1.065
1105.687 886.596 1164.710 931.802 -1.066
413.541 788.044 505.476 843.909 -1.066
2079.564 841.003 2218.003 909.775 -1.066
441.739 719.839 504.399 766.776 -1.066
2362.163 385.297 2435.407 430.168 -1.067
1427.685 747.191 1518.123 799.693 -1.067
2404.391 1638.098 2468.974 1712.761 -1.068
171.673 2.053 241.196 55.046 -1.068
308.852 6.218 428.410 62.032 -1.068
19.077 1473.434 66.031 1579.118 -1.068
917.107 1842.086 938.079 1890.206 -1.068
2299.036 1361.640 2334.572 1424.542 -1.068
142.317 8.045 607.413 249.720 -1.068
2244.755 1399.005 2322.004 1464.630 -1.068
2177.820 1674.090 2205.496 1731.313 -1.069
2189.544 777.264 2247.593 831.431 -1.069
1253.846 8.176 1348.599 50.949 -1.069
1986.556 151.964 2041.870 198.291 -1.069
1591.799 149.138 1696.485 210.793 -1.069
1503.006 1000.977 1589.166 1060.556 -1.069
605.393 8.525 771.551 93.262 -1.069
41.502 365.666 104.013 409.726 -1.069
2323.609 919.996 2406.545 991.302 -1.070
1878.674 1470.974 1949.573 1515.108 -1.070
15.994 342.899 131.990 397.666 -1.070
368.596 784.050 454.701 842.576 -1.070
1381.354 1268.263 1569.940 1369.688 -1.070
1703.272 1290.464 1782.831 1360.041 -1.070
2438.967 933.155 2503.326 988.468 -1.070
1336.856 792.784 1401.412 846.231 -1.071
379.680 830.376 458.300 875.994 -1.071
768.696 651.449 871.905 720.487 -1.071
1165.077 948.626 1225.569 998.720 -1.071
2432.427 8.953 2558.025 74.547 -1.071
1741.320 1072.630 1783.659 1114.985 -1.072
39.250 1550.684 214.747 1660.348 -1.072
751.525 819.933 826.382 867.239 -1.072
1.000 1049.851 102.974 1130.595 -1.072
1712.529 1780.987 1772.855 1829.571 -1.072
1249.652 933.145 1305.800 980.330 -1.072
290.903 818.640 358.506 869.830 -1.072
971.758 810.480 1056.547 863.207 -1.072
1874.974 1661.049 1927.411 1706.265 -1.072
1776.301 177.612 1886.402 240.236 -1.072
2391.216 1282.407 2550.330 1393.195 -1.072
1745.864 896.095 1796.319 942.786 -1.072
1674.362 1524.919 1728.582 1570.504 -1.073
68.822 1348.683 142.641 1391.886 -1.073
1111.455 828.578 1216.495 895.625 -1.073
1893.676 1884.232 1936.673 1914.262 -1.073
1421.298 814.340 1492.881 873.922 -1.073
2211.165 957.570 2300.921 1018.331 -1.073
945.735 874.698 1069.729 952.347 -1.073
1162.199 494.561 1217.383 575.684 -1.073
2213.306 177.213 2315.885 243.204 -1.073
177.860 1816.433 233.848 1872.644 -1.074
2438.523 997.687 2554.829 1079.827 -1.074
1033.935 1813.169 1073.385 1867.095 -1.074
139.377 1679.377 207.607 1736.700 -1.074
28.894 115.839 130.700 168.582 -1.074
40.653 1661.995 76.786 1719.031 -1.074
756.907 15.690 857.620 75.737 -1.074
2237.332 884.250 2304.417 941.872 -1.075
1694.409 766.582 1818.290 850.833 -1.075
2326.619 262.486 2387.346 310.463 -1.075
2463.955 802.500 2528.323 859.261 -1.075
9.933 402.488 67.412 447.453 -1.075
2293.462 1678.655 2329.051 1730.051 -1.075
2499.723 1596.123 2574.644 1652.594 -1.075
1027.906 1763.732 1048.686 1812.101 -1.075
2351.286 847.129 2526.023 980.739 -1.076
2076.954 723.943 2174.706 791.782 -1.076
2354.740 1433.796 2409.476 1499.233 -1.076
1451.849 1.000 1532.789 38.895 -1.076
2304.400 1030.831 2385.736 1086.121 -1.076
313.056 657.681 597.361 806.572 -1.076
92.287 589.159 195.310 637.432 -1.076
289.346 896.358 374.596 955.485 -1.076
1958.049 134.243 2091.047 204.155 -1.076
1210.288 1.000 1310.626 53.150 -1.076
61.948 969.837 149.646 1025.364 -1.076
2316.076 747.625 2436.281 826.962 -1.077
705.631 656.183 767.386 700.485 -1.077
2532.226 1350.091 2575.632 1442.998 -1.077
2395.773 761.378 2482.814 829.101 -1.078
678.854 124.178 763.775 191.378 -1.078
2259.667 395.645 2374.464 472.901 -1.078
556.766 770.943 640.213 835.652 -1.078
1601.702 907.572 1655.572 949.899 -1.078
6.850 259.750 161.211 343.528 -1.078
37.917 446.845 109.802 493.581 -1.078
2017.452 1037.786 2102.835 1104.177 -1.078
83.320 992.386 185.538 1065.881 -1.078
17.785 1156.610 92.498 1199.831 -1.078
310.030 471.965 367.886 522.945 -1.079
38.200 1680.244 123.313 1740.815 -1.079
31.461 1393.797 145.980 1452.636 -1.079
1345.423 829.759 1418.772 885.421 -1.079
2081.497 1750.540 2351.908 1911.937 -1.079
1287.625 1483.769 1530.055 1637.251 -1.079
1667.264 1483.413 1732.146 1554.254 -1.079
1751.644 1727.489 1803.357 1784.060 -1.079
138.122 1824.147 216.619 1884.367 -1.079
605.673 97.343 700.941 152.572 -1.080
1.000 1437.110 625.931 1944.000 -1.080
2318.178 1318.000 2420.932 1398.264 -1.080
1857.548 1726.792 1931.706 1798.093 -1.080
2445.226 1096.977 2506.567 1167.115 -1.080
256.842 683.187 340.846 722.691 -1.080
86.016 111.749 196.089 171.449 -1.080
1118.013 999.429 1198.261 1063.750 -1.080
1700.315 1770.554 1727.757 1814.860 -1.081
1324.167 736.542 1400.054 792.958 -1.081
82.528 1264.017 112.924 1340.737 -1.081
786.590 536.986 847.968 583.639 -1.081
1381.744 819.326 1487.634 897.051 -1.081
856.527 48.960 989.116 118.030 -1.081
235.668 612.161 300.742 654.718 -1.081
234.709 505.081 319.889 557.983 -1.081
997.868 319.970 1074.867 362.111 -1.081
1639.232 919.769 1694.579 974.944 -1.082
1584.289 1513.040 1639.168 1567.144 -1.082
2413.813 1507.262 2487.657 1573.316 -1.082
723.323 815.421 809.170 884.268 -1.082
1873.232 1653.614 1967.727 1715.484 -1.082
1497.869 1614.238 1554.636 1668.821 -1.082
376.676 497.000 461.033 554.529 -1.082
142.897 785.240 245.090 842.704 -1.082
2092.296 180.159 2162.592 230.765 -1.082
2505.382 1423.907 2538.483 1469.597 -1.082
768.697 758.969 1442.681 1203.946 -1.082
16.504 540.243 142.256 608.122 -1.083
957.927 38.636 1017.080 89.265 -1.083
655.029 282.472 717.740 323.282 -1.083
146.666 394.555 204.786 438.306 -1.083
1652.726 1775.977 1776.218 1883.104 -1.083
1590.754 1546.094 1641.631 1596.457 -1.083
2446.372 547.833 2496.308 599.299 -1.083
1558.826 1528.411 1636.004 1591.531 -1.083
570.920 249.519 630.504 289.121 -1.084
885.095 213.121 1052.399 301.378 -1.084
1118.897 423.127 1165.693 468.542 -1.084
1874.315 1790.429 1967.666 1868.964 -1.084
2467.617 1133.606 2548.402 1201.137 -1.084
888.626 1842.629 1013.725 1934.009 -1.084
20.154 859.028 202.229 964.443 -1.084
2289.317 1091.015 2335.333 1141.270 -1.084
2260.600 228.599 2322.002 276.332 -1.084
2513.993 601.005 2579.451 699.540 -1.085
1593.522 814.723 1794.870 930.815 -1.085
66.744 472.311 153.991 523.407 -1.085
24.383 376.478 118.355 432.154 -1.085
1812.675 1137.417 1877.784 1187.188 -1.086
1497.390 1828.779 1563.631 1897.651 -1.086
238.518 937.571 308.306 984.634 -1.086
999.380 1847.281 1077.854 1921.856 -1.086
553.826 500.197 629.773 561.385 -1.086
1162.284 605.586 1217.809 647.614 -1.086
2405.147 1474.649 2485.028 1534.965 -1.086
65.844 936.651 211.349 1002.617 -1.086
1766.409 1218.036 1815.944 1253.074 -1.086
817.692 26.025 907.130 79.346 -1.087
555.298 964.413 639.230 1024.035 -1.087
1438.963 1121.177 1491.667 1161.284 -1.087
1012.212 115.798 1093.244 159.485 -1.087
1845.677 1707.443 1870.080 1766.131 -1.087
224.194 643.341 321.774 711.726 -1.087
1283.136 184.880 1395.759 241.087 -1.087
1078.683 1861.135 1109.506 1906.189 -1.088
2243.699 1622.526 2365.715 1691.556 -1.088
1622.439 1571.646 1764.528 1681.846 -1.088
577.045 147.628 658.749 204.431 -1.088
1852.835 17.097 1910.508 60.019 -1.088
2203.080 531.244 2286.828 607.195 -1.088
2379.888 1009.396 2453.891 1066.630 -1.088
2484.530 705.499 2527.184 753.364 -1.088
2232.912 777.159 2338.861 852.562 -1.088
265.474 542.142 367.709 602.560 -1.089
18.619 965.583 161.561 1060.158 -1.089
2359.135 1675.531 2501.572 1758.192 -1.089
1873.965 1582.720 1915.012 1636.548 -1.089
1641.585 154.112 1766.983 230.359 -1.089
370.758 786.220 508.157 868.047 -1.089
255.587 741.136 335.467 798.130 -1.089
2535.463 421.344 2574.475 482.374 -1.089
103.167 400.654 181.165 445.688 -1.089
721.639 258.112 792.317 302.218 -1.090
1509.341 86.141 1651.160 168.853 -1.090
2381.324 440.772 2441.734 488.101 -1.090
1588.439 1418.067 1645.720 1470.965 -1.090
1941.816 1141.073 2040.509 1235.684 -1.090
366.218 545.290 431.448 596.317 -1.090
2167.094 248.913 2255.333 359.837 -1.091
280.368 789.934 336.751 833.489 -1.091
1339.019 1284.626 1379.304 1328.582 -1.091
1037.604 3.625 1200.035 81.147 -1.091
2547.821 1650.982 2571.021 1740.333 -1.091
1680.062 209.426 1778.163 261.262 -1.091
783.723 658.415 1084.020 825.063 -1.091
1922.545 1587.010 1992.762 1655.121 -1.091
560.800 719.415 661.801 775.398 -1.092
625.706 245.486 713.460 298.815 -1.092
57.114 85.557 187.143 154.808 -1.092
1039.104 158.488 1092.245 201.739 -1.092
95.324 1431.266 1238.174 1944.000 -1.092
2313.149 609.707 2371.714 656.190 -1.092
307.529 586.546 368.085 632.996 -1.093
2332.781 1386.083 2428.664 1456.377 -1.093
2439.959 449.034 2554.590 513.405 -1.093
714.484 691.676 819.377 762.854 -1.093
293.501 959.823 385.385 1012.788 -1.093
2347.265 1154.516 2410.346 1212.575 -1.093
682.595 183.655 797.157 246.044 -1.093
1925.117 1409.145 1968.581 1464.157 -1.093
1926.847 1009.786 1992.702 1073.312 -1.093
1772.968 1675.292 1855.298 1734.407 -1.094
420.803 956.575 475.744 996.231 -1.094
2339.850 1063.671 2400.760 1110.427 -1.094
1569.395 1448.424 1620.557 1551.589 -1.094
483.822 446.853 586.513 508.368 -1.094
2467.776 624.582 2530.429 684.839 -1.094
1312.120 56.684 1400.769 105.653 -1.094
2054.450 1262.786 2101.958 1307.936 -1.094
1939.260 788.126 2027.573 868.117 -1.094
647.429 358.073 715.237 405.296 -1.094
1467.106 18.345 1558.037 75.434 -1.094
2276.519 266.976 2326.698 314.400 -1.095
2276.057 1494.529 2355.122 1570.809 -1.095
1807.938 1623.462 1835.060 1672.753 -1.095
646.913 72.988 771.779 143.655 -1.095
2304.033 1081.619 2362.516 1141.756 -1.095
2051.228 86.668 2099.374 133.277 -1.095
940.718 1.540 1085.264 78.313 -1.095
29.322 1273.806 101.176 1317.881 -1.095
2347.798 595.678 2422.461 673.174 -1.095
628.402 600.943 1005.262 805.337 -1.095
2402.921 1027.986 2551.510 1124.830 -1.095
2050.387 957.134 2085.061 1018.900 -1.095
676.126 372.654 759.430 425.507 -1.095
2337.722 300.524 2417.456 358.025 -1.095
1849.123 1208.806 1956.089 1294.528 -1.095
2450.158 1413.311 2549.746 1489.969 -1.096
2052.482 1006.216 2104.655 1056.700 -1.096
1861.571 196.187 1932.205 238.780 -1.096
2171.576 743.162 2263.855 827.219 -1.096
2130.750 1615.935 2165.510 1666.071 -1.096
1529.581 890.486 1627.502 948.538 -1.096
1072.060 75.714 1144.613 118.518 -1.096
2149.210 953.185 2198.133 1006.075 -1.096
1801.019 1361.610 1883.070 1408.812 -1.097
1899.801 1515.885 1948.484 1570.513 -1.097
1185.833 34.170 1265.286 91.848 -1.097
2118.493 763.763 2216.042 825.801 -1.097
1865.655 926.159 1918.712 966.434 -1.097
1900.711 1755.246 1998.542 1819.312 -1.097
1459.151 1867.279 1532.130 1935.007 -1.097
2322.171 1532.848 2401.329 1607.685 -1.097
2428.923 966.324 2482.691 1011.874 -1.097
602.781 73.715 664.702 114.495 -1.097
1897.159 955.185 2217.524 1142.680 -1.097
2455.852 683.050 2542.078 741.551 -1.097
1587.544 764.277 1705.909 835.002 -1.097
1818.128 935.488 1897.995 995.387 -1.097
107.605 806.111 204.672 867.708 -1.098
1888.064 744.041 1955.725 800.617 -1.098
1999.985 1798.864 2065.384 1847.176 -1.098
154.360 385.871 241.681 426.588 -1.098
1904.670 732.452 2592.000 1104.078 -1.098
1410.044 134.987 1476.156 177.716 -1.098
2236.286 512.723 2332.471 572.250 -1.098
2276.350 162.511 2346.363 212.989 -1.098
84.528 1266.070 152.637 1318.229 -1.098
1181.999 234.882 1256.991 325.819 -1.098
1627.464 1139.684 1662.601 1180.012 -1.098
1677.297 985.659 1803.797 1052.716 -1.098
2316.429 344.597 2371.185 394.998 -1.098
1657.608 95.739 1752.188 154.402 -1.099
2373.224 1151.621 2457.044 1221.851 -1.099
863.271 267.623 937.081 323.887 -1.099
2200.713 601.797 2267.041 655.559 -1.099
2200.182 1.000 2427.036 129.301 -1.099
1003.829 432.958 1070.124 473.690 -1.099
2153.629 1573.883 2192.921 1673.939 -1.099
732.336 235.894 858.930 309.129 -1.099
506.239 786.249 582.509 827.959 -1.099
2240.021 657.767 2315.194 713.300 -1.100
201.142 541.565 271.867 599.019 -1.100
1391.301 955.126 1500.827 1028.734 -1.100
187.892 546.480 317.454 611.021 -1.100
2109.034 1709.582 2138.328 1759.395 -1.100
711.164 776.903 747.272 845.349 -1.100
344.997 883.761 403.651 929.560 -1.100
1218.035 136.641 1316.244 199.581 -1.100
1966.564 1894.745 2017.245 1932.310 -1.100
2493.777 1642.055 2516.840 1699.378 -1.101
1849.088 1654.363 1892.548 1704.566 -1.101
1.000 411.394 290.027 765.634 -1.101
636.417 162.689 732.150 215.976 -1.101
599.688 275.864 711.816 328.612 -1.101
1641.573 999.683 1674.345 1046.516 -1.101
2197.368 1644.922 2248.935 1685.660 -1.101
2360.171 687.220 2409.182 731.312 -1.101
2302.960 1261.524 2401.910 1337.238 -1.101
1721.140 1.000 1799.660 44.835 -1.102
449.298 548.102 550.034 608.444 -1.102
1604.474 1.000 1736.296 79.244 -1.102
2200.225 488.927 2296.546 554.374 -1.102
868.776 6.629 991.863 78.315 -1.102
1537.448 6.203 1602.940 49.437 -1.102
972.080 12.909 1188.951 123.233 -1.102
1615.725 1820.984 1631.216 1867.258 -1.102
1854.395 1440.253 1989.891 1537.969 -1.102
2226.694 1195.313 2343.550 1265.146 -1.103
1868.358 871.973 1928.925 920.652 -1.103
1406.974 720.239 1458.054 774.551 -1.103
1529.027 49.069 1627.282 88.723 -1.103
262.940 863.999 347.564 928.052 -1.103
1417.430 1076.435 1512.675 1132.373 -1.103
2102.029 1178.976 2146.595 1230.414 -1.103
1170.497 348.143 1239.687 399.775 -1.103
1879.942 135.159 1951.096 180.938 -1.103
1704.804 902.516 1782.253 977.480 -1.104
543.264 535.002 645.465 614.827 -1.104
1598.577 1345.479 1647.978 1389.371 -1.104
2448.199 534.274 2546.003 605.930 -1.104
2142.548 1126.812 2233.506 1196.865 -1.104
2047.188 1177.448 2097.170 1228.828 -1.104
1375.937 167.661 1518.076 246.085 -1.104
1504.213 1638.979 1583.171 1695.070 -1.104
1886.383 1840.163 1978.981 1915.242 -1.104
2537.288 341.108 2581.715 409.028 -1.104
1503.083 1050.690 1584.281 1103.104 -1.105
1453.819 1095.442 1575.983 1180.027 -1.105
2334.114 145.813 2404.390 196.042 -1.105
152.323 892.588 294.006 961.389 -1.105
2236.616 1465.619 2266.264 1513.855 -1.105
2497.821 1245.482 2577.083 1359.945 -1.105
2042.562 41.171 2179.762 122.445 -1.105
2356.855 1236.699 2406.566 1288.711 -1.105
1544.356 135.275 1941.971 346.806 -1.106
5.656 275.531 224.451 384.249 -1.106
1662.874 915.401 1733.003 961.208 -1.106
1238.351 47.025 1326.894 96.189 -1.106
2366.200 1480.607 2436.394 1547.742 -1.106
1181.720 1016.925 1965.143 1440.551 -1.106
21.382 1087.187 84.084 1201.710 -1.106
1834.698 1648.556 1913.429 1720.061 -1.107
1757.740 1491.251 1775.818 1539.839 -1.107
2015.508 1647.811 2055.341 1699.546 -1.107
1779.212 1606.965 1971.176 1734.231 -1.107
505.664 771.466 669.542 849.783 -1.107
1818.244 1492.922 1897.765 1559.624 -1.107
608.056 474.013 682.920 522.672 -1.107
2290.493 450.125 2398.401 523.205 -1.107
1615.150 1851.990 1691.305 1914.102 -1.107
1941.382 1232.679 1990.619 1284.638 -1.107
2373.441 473.493 2434.734 521.622 -1.107
2209.222 1065.222 2293.262 1145.706 -1.107
222.332 958.192 293.520 1005.050 -1.107
789.466 299.746 899.721 364.756 -1.108
1573.403 957.995 1696.433 1024.518 -1.108
1.751 355.313 58.726 431.677 -1.108
2261.811 241.562 2365.155 320.898 -1.108
5.685 1.000 295.060 122.133 -1.108
1685.188 87.593 1812.764 149.393 -1.108
655.158 356.138 770.274 439.001 -1.108
2133.658 1675.123 2225.634 1754.768 -1.108
1714.812 1871.824 1783.999 1940.073 -1.108
2279.541 1322.551 2326.618 1374.890 -1.108
1108.155 1431.107 1659.496 1797.075 -1.108
692.683 455.130 784.404 524.940 -1.108
833.194 493.909 898.761 541.561 -1.109
2335.011 673.627 2398.089 722.046 -1.109
2204.550 74.378 2527.850 297.810 -1.109
2263.529 1689.864 2325.617 1742.975 -1.109
2237.629 1550.606 2290.052 1622.338 -1.109
2119.412 1652.495 2149.295 1748.099 -1.109
2315.842 1417.281 2372.083 1495.184 -1.110
2364.647 340.915 2552.062 456.503 -1.110
1154.178 179.510 1233.496 233.437 -1.110
2372.911 493.312 2443.911 550.284 -1.110
2396.586 1123.691 2486.015 1185.295 -1.110
1527.714 853.850 1583.836 901.313 -1.110
1648.014 881.616 1818.105 981.807 -1.110
1490.413 871.720 1554.349 923.306 -1.110
2235.315 1516.373 2363.626 1613.341 -1.111
2284.525 621.023 2426.625 680.375 -1.111
97.696 371.238 196.280 420.261 -1.111
2005.357 24.751 2054.605 68.631 -1.111
1018.702 472.105 1092.956 516.621 -1.111
1973.793 1133.827 2103.605 1231.873 -1.111
283.674 467.535 376.239 533.643 -1.111
1653.249 1614.173 1809.014 1723.557 -1.111
30.470 1307.304 156.013 1394.990 -1.111
727.816 571.015 778.636 617.988 -1.111
1818.885 717.767 1994.012 826.989 -1.112
2005.314 1602.875 2052.477 1661.484 -1.112
1.000 136.473 116.398 214.223 -1.112
1110.799 486.369 1186.648 535.887 -1.112
1172.446 301.264 1268.058 370.900 -1.112
1664.136 734.189 1731.640 781.485 -1.113
2406.070 1117.410 2555.424 1224.457 -1.113
311.663 871.086 386.473 922.588 -1.113
1448.016 776.280 1530.678 825.448 -1.113
2495.205 537.845 2579.799 642.868 -1.113
1770.314 46.501 1850.557 97.525 -1.113
2033.318 1348.993 2080.687 1453.530 -1.113
1563.411 711.659 1652.972 784.155 -1.113
142.620 355.445 253.649 435.381 -1.113
2055.394 1897.353 2074.807 1941.797 -1.114
804.607 1.000 875.073 40.117 -1.114
2133.727 195.987 2186.577 243.976 -1.114
1319.721 1886.574 1385.569 1944.000 -1.114
751.212 149.385 843.446 205.172 -1.114
855.909 292.027 957.681 352.926 -1.114
72.034 1072.492 145.756 1117.491 -1.114
1684.282 32.827 1797.320 100.918 -1.114
1422.310 870.443 1469.116 927.699 -1.114
1630.517 1433.916 1712.663 1519.598 -1.114
962.853 269.204 1012.196 341.837 -1.114
474.881 955.830 537.206 1004.445 -1.115
1059.195 476.760 1183.747 569.246 -1.115
1057.956 426.384 1122.319 524.600 -1.115
2001.474 1747.634 2051.121 1786.407 -1.115
27.062 761.374 611.768 1094.243 -1.115
793.503 92.313 939.076 150.631 -1.115
2250.425 1358.750 2316.726 1422.324 -1.115
56.126 216.616 149.350 264.154 -1.115
1479.243 762.103 1616.568 835.387 -1.115
2332.269 1623.627 2407.627 1690.035 -1.115
21.765 1204.200 59.333 1245.637 -1.116
2462.945 1625.616 2508.178 1676.313 -1.116
1.163 191.358 123.764 278.198 -1.116
2153.677 1639.085 2325.012 1772.461 -1.116
917.944 898.280 2301.788 1631.714 -1.117
1435.510 1895.109 1451.306 1939.354 -1.117
674.759 1.000 884.964 106.288 -1.117
1498.565 1.000 1583.102 47.644 -1.117
769.339 364.161 813.463 427.220 -1.118
2409.277 1437.234 2447.143 1487.846 -1.118
590.958 248.382 640.161 316.445 -1.118
447.681 886.070 1744.103 1875.622 -1.118
1278.576 31.470 1386.546 87.154 -1.118
4.243 207.941 312.327 382.124 -1.119
1170.195 1.000 1352.614 82.499 -1.119
791.968 577.634 1203.658 832.603 -1.120
1716.537 720.139 1812.605 782.434 -1.120
574.009 442.477 651.501 491.049 -1.120
1902.525 68.536 2026.580 140.393 -1.120
727.199 286.097 815.609 330.894 -1.121
2372.658 1087.990 2446.870 1151.784 -1.121
539.080 491.087 666.860 566.597 -1.122
1025.086 503.604 1086.894 544.939 -1.122
1780.095 92.555 1864.254 147.652 -1.122
466.622 493.615 528.530 535.168 -1.122
1698.495 1568.883 2050.065 1765.452 -1.123
2426.439 559.219 2558.771 632.279 -1.123
2518.657 673.130 2571.265 753.961 -1.123
1791.915 1895.457 1837.750 1944.000 -1.123
2010.391 196.928 2102.336 251.144 -1.123
1000.428 443.109 1079.233 496.203 -1.123
1053.127 546.788 1111.698 598.776 -1.123
606.213 353.718 689.342 403.165 -1.123
1467.226 46.732 1593.034 118.931 -1.123
1334.185 7.160 1404.546 45.265 -1.124
2105.708 166.819 2198.697 216.969 -1.124
761.513 123.537 820.308 164.599 -1.124
1753.177 1824.763 1812.742 1877.625 -1.124
2287.938 1380.570 2385.712 1460.378 -1.124
569.950 303.741 656.912 341.247 -1.124
904.198 487.087 969.638 530.926 -1.124
579.878 327.014 678.774 377.556 -1.125
648.679 810.107 731.531 860.225 -1.125
1815.930 1853.350 1840.022 1901.537 -1.125
2252.272 1324.173 2410.079 1434.481 -1.125
2349.682 1245.237 2453.404 1307.827 -1.125
134.596 369.296 729.586 665.796 -1.125
1998.349 73.167 2102.401 135.541 -1.125
2019.165 1884.722 2036.197 1944.000 -1.125
31.187 1203.454 157.503 1285.010 -1.126
783.348 486.632 885.199 545.349 -1.126
2356.181 1517.144 2429.902 1596.421 -1.126
1510.047 1.000 1623.300 66.629 -1.126
919.028 509.197 982.307 552.333 -1.126
797.505 141.414 880.675 182.621 -1.127
136.723 146.363 792.681 488.217 -1.127
2376.659 1587.071 2396.410 1635.746 -1.127
2337.014 1100.986 2417.803 1159.184 -1.127
2435.411 1583.311 2500.199 1643.155 -1.127
