1091.642 1143.036 1233.896 1372.350 -0.843
2195.617 615.947 2246.891 672.332 -0.870
1932.759 570.702 1994.608 654.072 -0.895
200.162 691.990 245.269 762.488 -0.932
2094.316 1632.923 2162.557 1700.734 -0.940
2081.331 1877.547 2136.431 1930.147 -0.972
360.736 358.900 415.792 442.433 -0.979
1272.408 287.193 1340.437 384.307 -0.985
221.667 1224.220 278.601 1298.680 -0.991
1896.027 512.342 1999.386 664.900 -0.993
790.188 1379.619 847.680 1453.542 -0.996
1729.488 1722.404 1790.293 1793.785 -0.997
1014.283 625.699 1364.908 742.214 -1.003
2043.133 1420.348 2094.318 1473.224 -1.011
1010.943 514.583 1072.357 579.533 -1.012
1339.394 1318.097 1726.720 1902.684 -1.016
101.244 103.399 159.751 200.666 -1.017
897.526 1725.502 1106.086 1794.292 -1.020
2002.765 1819.874 2093.651 1926.652 -1.022
1001.120 216.609 1143.266 433.252 -1.023
880.894 1121.909 970.595 1243.721 -1.023
276.835 710.582 324.932 781.361 -1.024
64.421 1158.280 168.577 1333.946 -1.031
933.330 1232.638 1002.474 1324.851 -1.036
1157.288 334.580 1203.397 394.710 -1.038
990.794 1253.222 1046.230 1320.992 -1.045
918.230 585.446 960.483 640.040 -1.047
1922.532 429.978 2059.696 660.997 -1.048
486.773 479.583 540.641 555.245 -1.048
580.173 1416.513 634.096 1484.954 -1.050
2045.349 1365.057 2124.402 1460.852 -1.054
1687.902 543.667 1760.248 653.564 -1.055
1787.251 813.226 1855.489 898.619 -1.060
623.203 1082.655 1131.171 1351.840 -1.060
2200.371 170.216 2252.409 231.189 -1.062
267.056 386.093 314.791 460.435 -1.066
1868.262 803.630 1920.063 870.746 -1.067
2035.478 1720.454 2087.143 1760.906 -1.068
802.955 1354.983 1136.561 1836.697 -1.073
1640.094 923.068 1693.871 984.671 -1.074
2096.904 1683.769 2151.490 1729.072 -1.074
1783.833 933.331 1838.090 999.548 -1.074
586.949 372.548 630.514 436.273 -1.075
2040.034 585.131 2110.600 677.258 -1.075
1770.889 173.853 1819.453 253.185 -1.076
1353.884 579.929 1414.254 644.111 -1.078
2007.327 1628.351 2089.575 1722.145 -1.079
2042.785 1431.675 2126.271 1527.317 -1.079
2512.829 431.189 2550.326 277.377 -1.080
1122.694 267.118 1206.029 409.263 -1.082
114.309 511.795 736.657 1630.674 -1.083
2487.276 559.042 2562.403 428.126 -1.084
807.897 1047.825 1279.141 1899.465 -1.085
1580.519 591.422 1779.947 590.592 -1.085
2009.614 175.661 2080.541 196.778 -1.085
1193.336 577.107 1242.042 641.572 -1.086
2487.624 549.166 2565.079 419.001 -1.086
128.569 414.958 169.649 484.691 -1.086
425.121 297.253 468.494 371.909 -1.087
11.841 345.206 2310.722 1707.771 -1.088
1578.026 682.310 1641.726 610.802 -1.090
2516.925 1169.509 2574.807 1035.876 -1.092
2241.952 1859.960 2313.039 1923.637 -1.092
1651.835 636.787 1841.745 629.745 -1.092
2463.872 302.607 2561.427 182.659 -1.092
2496.323 1825.512 2565.906 1904.368 -1.092
1092.550 162.513 1161.076 129.055 -1.093
934.021 1672.389 999.664 1668.471 -1.094
1205.004 561.071 1290.392 531.292 -1.095
258.096 188.697 429.661 272.646 -1.095
1447.280 1703.161 1502.514 1656.904 -1.097
2380.739 1817.303 2445.129 1899.076 -1.098
2026.692 1755.732 2101.726 1826.796 -1.099
2302.728 1188.990 2349.161 1066.091 -1.099
664.231 1646.801 654.291 1750.390 -1.099
1681.216 1676.055 1730.022 1605.106 -1.100
2421.385 1558.890 2480.003 1441.247 -1.100
1956.243 309.895 2013.764 371.070 -1.101
969.497 120.018 1011.748 181.592 -1.101
1797.519 1183.163 1848.317 1097.030 -1.102
1195.941 262.314 1241.229 332.536 -1.102
257.619 35.568 335.100 61.677 -1.102
2179.862 18.996 2269.921 159.647 -1.103
794.197 164.998 855.629 145.742 -1.103
1363.585 1535.626 1491.630 1530.737 -1.104
2474.579 1870.701 2535.481 1925.867 -1.105
2543.138 117.709 2592.000 196.236 -1.105
1547.805 319.977 1607.517 245.889 -1.108
2452.938 554.682 2501.076 612.981 -1.109
2467.214 1821.770 2560.447 1931.757 -1.110
2506.380 31.430 2557.556 97.055 -1.111
1195.525 180.839 1273.876 294.585 -1.113
1440.850 305.836 1542.643 257.388 -1.113
2395.109 177.426 2445.524 32.719 -1.114
811.563 1408.097 874.556 1406.810 -1.115
433.984 31.671 515.912 160.696 -1.115
574.661 63.120 623.521 153.236 -1.116
2483.927 828.017 2543.211 692.537 -1.116
1957.788 249.450 2004.951 312.384 -1.116
2472.073 104.182 2559.249 126.231 -1.117
2546.810 1806.177 2582.457 1670.435 -1.117
890.783 1913.000 955.099 1912.220 -1.118
2385.632 1196.971 2467.687 1299.463 -1.119
1645.875 651.500 1849.257 643.783 -1.119
1461.021 317.690 1512.629 249.352 -1.120
305.654 269.483 410.994 309.848 -1.120
1990.816 43.769 2053.543 141.537 -1.121
1687.631 1531.016 1807.542 1500.002 -1.121
2261.333 1701.207 2310.460 1750.572 -1.121
2525.334 2009.607 2585.681 1889.356 -1.122
2459.053 683.198 2509.289 744.383 -1.122
2083.972 1877.265 2324.807 1888.566 -1.122
2485.051 19.834 2537.901 101.373 -1.122
