2094.087 22.058 2576.800 156.178 -0.924
1970.754 1201.826 2176.890 1241.540 -0.930
1.055 232.096 96.362 284.271 -0.936
1.000 1729.239 177.035 1784.861 -0.938
1.000 260.896 102.618 311.057 -0.939
1170.303 662.708 1327.860 747.797 -0.940
1031.668 590.712 1179.702 667.351 -0.945
2414.953 1440.227 2591.062 1506.307 -0.947
2440.529 473.656 2543.257 540.597 -0.948
963.598 360.300 2075.525 732.121 -0.949
1.000 1892.385 182.921 1944.000 -0.949
1.941 19.531 125.640 106.364 -0.958
295.103 457.052 406.058 492.461 -0.962
1628.294 293.774 1744.764 372.417 -0.962
834.545 63.517 945.051 136.798 -0.965
617.650 1080.301 753.754 1132.383 -0.965
5.880 1516.032 906.673 1718.262 -0.970
1357.244 1723.562 1575.062 1815.814 -0.971
2289.669 1915.833 2450.128 1944.000 -0.973
183.835 295.275 292.176 357.889 -0.975
2183.987 335.864 2346.211 434.121 -0.976
1.000 307.901 111.445 366.887 -0.976
2400.788 484.151 2542.707 566.185 -0.978
1600.482 1229.866 1735.575 1284.358 -0.978
2394.725 1739.389 2592.000 1849.360 -0.979
2444.933 1275.317 2583.162 1330.996 -0.979
1334.642 1510.406 1492.207 1571.581 -0.981
1312.939 887.790 1489.544 982.439 -0.981
1101.227 900.251 1257.262 962.888 -0.982
2038.383 306.140 2541.963 630.112 -0.982
544.021 889.625 721.670 988.779 -0.983
2396.526 1048.356 2576.744 1150.129 -0.983
1.000 674.160 118.082 722.391 -0.984
2125.119 874.854 2268.191 944.096 -0.984
828.221 653.384 942.078 697.331 -0.984
1.000 715.108 166.420 793.746 -0.984
2447.197 898.618 2562.997 964.296 -0.984
1.000 888.205 130.362 941.161 -0.985
861.875 1746.451 1047.765 1808.333 -0.985
1.000 1858.343 190.482 1910.010 -0.987
1043.869 1564.589 1195.052 1615.056 -0.988
2410.181 1891.095 2592.000 1944.000 -0.988
720.590 425.697 911.045 538.545 -0.989
2413.100 1563.312 2592.000 1643.110 -0.989
382.421 109.169 501.020 182.940 -0.989
1.000 1769.570 189.466 1823.931 -0.989
1956.086 1237.393 2152.990 1327.384 -0.990
1.000 1429.851 1038.449 1944.000 -0.991
584.525 271.032 681.729 324.224 -0.991
2428.708 632.660 2551.051 706.894 -0.991
949.512 890.694 1098.510 957.162 -0.992
2204.812 1423.863 2392.851 1506.985 -0.992
266.861 264.133 391.273 327.812 -0.994
1787.956 1909.742 1956.171 1944.000 -0.995
1594.314 1914.456 1777.869 1944.000 -0.995
1.000 476.906 165.148 569.099 -0.995
927.102 836.933 1065.480 893.177 -0.995
1957.072 88.365 2024.135 131.499 -0.995
2439.960 849.010 2561.738 910.395 -0.996
1081.377 754.765 1756.068 1169.435 -0.996
585.149 639.704 754.813 743.555 -0.997
990.760 776.118 1118.374 835.575 -0.997
2434.954 1829.817 2592.000 1893.975 -0.997
1.000 1382.297 154.318 1442.922 -0.997
1338.498 1411.755 1492.195 1466.670 -0.998
2122.301 1804.228 2306.847 1880.970 -0.998
1.000 150.188 115.880 211.329 -0.998
1663.693 257.159 1773.919 322.012 -1.000
2422.089 1009.783 2565.501 1079.754 -1.002
1633.569 1334.543 1769.849 1384.609 -1.002
1.000 197.459 146.635 273.633 -1.003
2077.233 1662.553 2592.000 1943.283 -1.003
1084.795 1440.731 1249.119 1500.984 -1.004
1846.468 1608.240 2033.131 1678.901 -1.006
1001.566 105.845 1081.307 159.389 -1.006
1346.348 1435.186 1523.191 1506.652 -1.006
2062.951 240.699 2163.633 316.320 -1.007
1.000 772.140 175.406 849.553 -1.007
947.887 1859.106 1131.241 1919.497 -1.008
1562.138 1369.730 1733.190 1407.839 -1.008
989.952 1721.533 1183.884 1792.220 -1.008
2423.025 1519.751 2592.000 1593.035 -1.008
2205.549 635.310 2305.912 706.433 -1.008
965.946 1787.319 1130.545 1844.295 -1.009
261.094 414.568 718.706 664.583 -1.009
2454.306 1635.361 2592.000 1682.648 -1.009
2382.047 1341.243 2514.853 1405.167 -1.009
2419.713 768.895 2563.924 843.135 -1.010
2363.319 1534.045 2547.821 1621.835 -1.010
1.000 1086.654 148.151 1154.693 -1.010
1.000 1024.459 181.852 1096.013 -1.010
2269.240 1245.531 2426.334 1318.361 -1.011
1459.079 1647.918 1650.637 1728.215 -1.011
869.823 197.567 947.173 242.629 -1.012
2214.088 1344.260 2361.841 1405.433 -1.013
850.125 801.609 981.345 866.156 -1.013
1.000 1345.027 153.087 1397.575 -1.013
463.113 1390.637 617.411 1442.928 -1.013
832.190 250.057 956.397 332.985 -1.014
1699.732 1854.044 1894.908 1933.692 -1.015
989.873 44.639 1073.701 90.838 -1.015
2400.318 1135.971 2577.068 1231.062 -1.015
1955.485 125.556 2050.034 181.731 -1.015
682.345 648.197 1614.957 899.502 -1.015
1629.213 1455.169 1797.284 1525.125 -1.015
1005.171 151.162 1078.707 207.803 -1.016
805.595 357.815 900.274 406.334 -1.017
2418.042 717.248 2560.186 807.137 -1.018
2425.820 1343.974 2584.737 1427.493 -1.018
1739.780 87.462 1882.309 177.675 -1.018
524.952 257.554 680.832 342.434 -1.019
1190.403 1774.953 1371.043 1839.544 -1.019
1273.029 1567.975 1434.352 1625.347 -1.020
1.000 847.769 164.364 907.762 -1.020
1930.699 794.989 2037.114 855.436 -1.020
900.684 216.804 990.100 268.514 -1.020
1884.372 998.092 2068.548 1083.092 -1.020
1740.575 289.991 1887.364 377.306 -1.020
2082.618 1374.920 2592.000 1644.290 -1.021
593.113 1202.393 797.690 1291.147 -1.021
2122.259 1061.378 2278.667 1126.211 -1.021
1.000 103.820 114.053 165.489 -1.022
1764.019 1642.556 1978.814 1736.543 -1.023
1.000 599.813 111.187 645.382 -1.023
784.224 90.533 879.658 148.019 -1.023
8.157 364.373 117.796 414.652 -1.023
1375.314 1173.262 1511.682 1233.276 -1.024
321.713 875.956 454.481 937.014 -1.024
834.766 1048.014 958.422 1099.598 -1.025
1803.317 1161.653 1958.051 1239.235 -1.025
2254.614 941.086 2361.866 991.188 -1.025
1629.852 1689.090 1812.293 1761.875 -1.025
1610.532 156.745 1705.751 212.951 -1.026
667.711 552.331 1490.133 1115.412 -1.026
2342.901 1230.796 2486.735 1293.580 -1.026
1264.805 1703.083 1443.588 1772.495 -1.027
1554.570 1481.258 1697.830 1538.525 -1.027
2002.857 1066.454 2173.263 1159.705 -1.027
1654.914 1621.089 1822.697 1681.861 -1.027
189.104 182.427 340.973 265.500 -1.028
908.034 1182.506 1020.325 1213.303 -1.028
1506.420 1547.848 1666.672 1605.291 -1.028
217.388 72.787 306.326 130.344 -1.028
1.000 927.438 165.942 998.403 -1.028
1875.306 121.708 1944.189 182.701 -1.029
2447.466 681.480 2551.687 739.170 -1.029
1469.273 104.639 1546.256 162.469 -1.029
743.379 1292.280 894.715 1356.668 -1.029
2418.464 183.225 2529.775 253.281 -1.029
1.000 425.662 175.074 500.012 -1.030
667.500 300.374 754.425 346.991 -1.031
1592.957 107.097 1670.311 163.514 -1.031
1.000 974.857 175.161 1063.421 -1.031
655.328 124.054 766.203 196.597 -1.031
1641.809 1196.402 1767.628 1245.643 -1.032
66.527 1321.016 141.942 1342.296 -1.033
1712.685 830.654 1824.827 887.713 -1.033
1012.857 1404.618 1158.180 1453.305 -1.033
2088.231 996.206 2205.806 1041.145 -1.033
1679.119 1354.786 1826.674 1412.486 -1.033
2234.103 607.236 2350.814 678.096 -1.033
95.353 629.493 218.021 681.387 -1.034
239.714 843.126 358.081 897.536 -1.034
2199.304 61.132 2532.835 253.924 -1.034
711.381 315.520 809.813 370.226 -1.034
178.931 357.559 273.542 401.028 -1.034
923.220 1199.117 1096.588 1272.892 -1.035
1346.878 1916.179 1542.034 1944.000 -1.035
1816.517 1751.314 1977.314 1814.549 -1.035
5.763 1.000 130.730 37.836 -1.035
380.948 840.512 499.070 887.551 -1.036
2020.583 1004.721 2135.117 1066.418 -1.036
979.485 317.084 1064.323 364.177 -1.037
254.274 118.031 365.051 183.305 -1.037
1626.738 1162.278 1767.017 1217.732 -1.037
691.591 14.606 759.898 69.881 -1.037
664.447 1098.113 809.896 1164.487 -1.037
1875.465 278.437 1985.635 344.648 -1.038
1404.968 1859.538 1583.204 1923.404 -1.038
479.795 1345.782 698.496 1426.216 -1.038
317.571 941.750 472.488 1014.161 -1.038
313.425 1309.192 481.577 1369.086 -1.038
657.534 1372.851 809.063 1426.713 -1.038
1963.730 901.150 2131.575 933.375 -1.038
335.152 650.163 512.291 732.824 -1.039
1012.843 1472.140 1172.836 1533.338 -1.039
926.063 160.271 1001.380 213.740 -1.039
2381.478 954.657 2559.120 1043.175 -1.039
408.527 1108.727 554.600 1165.810 -1.040
2351.918 841.664 2483.345 924.723 -1.040
2302.752 785.001 2590.607 846.859 -1.040
609.483 137.544 705.530 201.762 -1.040
2036.194 499.095 2558.633 771.343 -1.040
1033.316 1286.042 1227.331 1379.557 -1.040
917.228 23.616 997.831 74.379 -1.040
328.365 778.539 444.589 832.258 -1.041
1.000 1163.449 195.158 1242.231 -1.041
1454.908 1874.965 1662.750 1944.000 -1.041
964.823 96.311 1060.450 163.413 -1.041
305.341 199.801 690.157 436.092 -1.041
1784.387 241.899 1871.089 303.350 -1.041
2411.539 877.716 2543.782 937.487 -1.042
705.614 1130.149 1243.479 1396.582 -1.042
2445.787 1233.130 2592.000 1290.829 -1.042
87.221 990.470 261.817 1077.920 -1.042
1281.627 1169.398 1433.657 1240.274 -1.042
1246.445 1834.003 1411.176 1882.938 -1.043
2320.769 820.810 2432.524 877.258 -1.043
1325.978 1375.398 1531.022 1462.313 -1.043
1847.771 735.735 1975.542 784.845 -1.043
1265.279 1269.738 1411.743 1327.253 -1.043
494.666 65.064 573.562 111.611 -1.043
815.799 92.599 939.313 172.844 -1.043
1026.024 1907.677 1200.813 1944.000 -1.043
1722.392 1204.343 1873.612 1270.105 -1.044
886.466 439.521 996.895 496.522 -1.044
1.000 1083.664 1436.163 1843.102 -1.044
250.275 661.906 371.637 708.031 -1.045
1701.854 1049.008 1826.110 1102.145 -1.045
248.208 691.945 376.379 755.567 -1.045
39.287 554.313 215.426 639.213 -1.045
1558.888 1144.533 1702.177 1204.657 -1.045
435.780 51.270 534.846 118.066 -1.046
1567.311 262.964 1641.443 311.123 -1.046
519.949 653.042 633.377 699.410 -1.046
1853.378 1379.773 2033.383 1459.435 -1.046
1374.312 199.796 1515.712 285.107 -1.047
1950.917 813.505 2084.450 873.591 -1.047
1641.726 99.127 1743.265 181.143 -1.047
94.408 56.659 199.600 110.629 -1.047
1689.039 1153.140 1908.460 1266.438 -1.047
503.843 671.543 637.627 732.601 -1.048
2281.633 1326.640 2414.007 1395.441 -1.048
1544.362 1705.645 1699.911 1755.131 -1.048
530.570 82.578 640.751 128.381 -1.048
2392.991 1232.764 2582.447 1329.020 -1.048
1879.330 1345.256 2029.677 1406.007 -1.048
1694.363 3.008 1756.968 55.351 -1.048
2232.315 283.146 2312.666 326.904 -1.049
131.167 271.664 249.588 343.106 -1.049
2203.409 970.933 2374.335 1056.008 -1.049
1237.091 1905.997 1412.670 1944.000 -1.050
162.108 471.481 310.907 546.025 -1.050
1717.820 187.762 1788.064 240.132 -1.050
1195.365 1576.468 1694.723 1812.481 -1.050
1.000 680.328 251.721 815.770 -1.050
1532.106 92.693 1630.486 164.224 -1.050
543.495 734.262 695.951 803.354 -1.051
822.830 514.552 921.705 568.518 -1.051
927.090 45.697 1014.670 98.810 -1.051
1.000 593.653 162.087 667.916 -1.052
226.370 248.044 339.254 305.362 -1.052
189.706 926.302 320.629 974.669 -1.052
2082.250 909.864 2222.747 987.259 -1.052
2164.343 787.053 2307.102 874.144 -1.052
153.549 73.877 240.198 129.646 -1.052
71.406 250.535 175.006 302.907 -1.052
656.342 80.516 745.044 129.007 -1.052
67.416 341.839 189.366 410.394 -1.052
1694.562 1809.887 1852.615 1860.555 -1.053
2224.648 1286.211 2366.654 1346.522 -1.053
2218.999 1137.611 2589.163 1351.924 -1.054
679.764 375.405 776.329 422.994 -1.054
733.397 215.632 845.028 287.160 -1.055
807.784 300.487 897.045 358.736 -1.055
489.678 860.401 623.151 925.476 -1.055
1555.536 1377.602 1719.236 1439.780 -1.055
765.096 383.028 1061.658 583.521 -1.055
546.616 135.025 649.402 189.562 -1.055
1133.376 34.667 1236.042 105.826 -1.056
1938.331 894.047 2062.401 960.075 -1.056
1.000 648.718 106.434 690.601 -1.056
381.202 141.921 512.425 223.521 -1.056
2115.576 1004.546 2259.470 1080.117 -1.056
2067.214 848.181 2192.545 926.696 -1.057
1054.213 80.447 1138.177 127.965 -1.057
412.446 882.960 534.710 925.015 -1.057
2025.432 798.315 2144.584 858.292 -1.057
1571.832 1822.601 1796.407 1911.057 -1.057
2008.175 157.706 2075.543 208.914 -1.058
340.969 910.063 497.922 978.474 -1.058
923.892 271.079 1005.705 313.563 -1.058
1869.634 799.255 1990.787 858.197 -1.058
1261.691 249.635 1352.652 310.618 -1.058
729.209 280.936 812.153 334.075 -1.058
1530.918 1418.888 1689.563 1485.936 -1.059
1911.112 757.926 2035.558 822.578 -1.059
2354.596 827.575 2562.713 966.981 -1.059
739.438 47.512 820.859 104.418 -1.059
2006.409 834.079 2120.544 898.230 -1.060
112.678 952.873 258.621 1013.676 -1.060
175.632 20.507 254.430 69.939 -1.060
644.149 225.081 796.880 315.600 -1.060
1714.267 1456.979 2042.235 1632.786 -1.060
1873.810 1772.898 2032.611 1831.890 -1.060
1636.501 188.383 1905.654 366.565 -1.060
675.426 186.088 763.191 242.874 -1.060
1668.737 1758.457 1879.312 1843.282 -1.060
2133.666 840.376 2242.698 898.708 -1.061
1532.995 159.552 1639.119 238.205 -1.061
1319.159 241.589 2576.074 631.775 -1.061
1488.120 1783.771 1659.805 1850.315 -1.061
480.930 842.692 721.415 970.186 -1.062
1856.855 1713.231 2037.093 1784.765 -1.062
2219.365 840.096 2360.148 909.991 -1.062
138.283 781.988 323.500 866.385 -1.062
1838.077 1862.324 2015.367 1923.210 -1.063
1949.022 79.475 2274.162 270.586 -1.064
1601.152 1595.663 1812.254 1692.107 -1.064
1472.420 1385.556 1700.572 1489.163 -1.064
470.811 640.311 643.714 744.107 -1.064
26.163 120.671 165.172 208.192 -1.065
1213.004 1171.046 1844.931 1468.615 -1.065
253.063 625.619 533.017 782.055 -1.065
2231.166 1047.891 2353.297 1111.515 -1.065
755.052 140.828 841.659 196.966 -1.065
1420.998 8.050 1492.252 51.676 -1.065
359.410 693.134 2147.510 1802.546 -1.065
1414.124 42.453 1487.815 95.586 -1.066
1238.975 129.660 1661.324 409.725 -1.066
1628.385 20.603 1703.036 65.222 -1.066
484.817 112.919 579.045 168.610 -1.067
712.177 201.611 934.071 342.087 -1.068
189.399 55.683 277.510 110.540 -1.068
1192.948 1881.709 1421.482 1944.000 -1.068
598.432 5.524 706.834 63.088 -1.069
1000.213 1883.707 1181.259 1938.549 -1.069
142.481 136.862 232.131 186.972 -1.069
163.263 601.324 305.502 668.560 -1.069
334.857 41.873 422.424 102.267 -1.069
70.417 2.919 181.915 69.084 -1.070
1695.158 141.980 1770.695 205.025 -1.070
1.000 225.352 421.818 446.355 -1.071
1840.677 6.083 1933.870 75.679 -1.071
1371.481 24.633 1433.790 65.009 -1.071
1796.430 53.175 1857.656 103.750 -1.071
2312.591 1096.127 2448.703 1158.678 -1.071
1913.354 1839.110 2092.011 1901.755 -1.071
198.800 16.259 303.156 80.143 -1.072
1278.910 27.325 1349.303 82.641 -1.072
147.541 526.532 299.323 598.849 -1.072
1666.193 129.127 1789.191 216.138 -1.072
2112.387 1130.769 2238.448 1182.457 -1.073
294.283 58.381 377.104 113.113 -1.074
806.329 136.128 904.524 208.043 -1.074
1894.859 1877.441 2065.274 1944.000 -1.074
2272.895 920.045 2405.445 981.464 -1.074
2153.617 889.154 2321.267 972.679 -1.075
1362.430 35.098 1435.566 90.806 -1.075
206.860 969.444 337.878 1032.387 -1.075
1614.117 41.727 1689.412 95.653 -1.075
2302.120 955.397 2421.823 1005.273 -1.075
1826.640 1822.881 2036.774 1901.706 -1.076
784.887 21.406 865.699 78.259 -1.077
1041.927 26.418 1116.787 81.893 -1.078
1624.837 1.000 2592.000 287.653 -1.078
1781.699 1796.045 1940.222 1855.366 -1.078
830.520 1764.049 1249.447 1944.000 -1.078
281.778 50.695 406.694 130.092 -1.079
1538.365 37.884 1611.492 89.246 -1.080
751.838 96.576 871.780 174.481 -1.080
543.389 49.312 633.390 111.221 -1.080
437.871 113.714 564.128 198.262 -1.080
1054.698 36.870 1150.798 96.368 -1.081
1555.337 13.943 1620.319 66.183 -1.081
1415.279 19.223 1504.043 73.697 -1.082
368.599 22.566 482.483 99.767 -1.083
483.439 91.196 625.556 180.745 -1.083
605.466 84.684 717.901 160.377 -1.083
1790.034 1852.001 2040.143 1944.000 -1.084
1095.576 59.932 1207.390 138.326 -1.084
2105.949 745.143 2213.583 800.791 -1.085
103.602 85.803 248.719 180.168 -1.085
2325.099 1021.824 2474.929 1091.476 -1.086
1192.358 1854.556 1360.002 1907.394 -1.086
753.418 8.007 825.973 47.003 -1.087
2248.451 872.201 2421.049 946.389 -1.087
377.584 67.966 484.133 137.425 -1.087
127.380 168.187 261.253 248.528 -1.087
147.369 643.689 261.262 692.100 -1.088
2124.532 1062.183 2380.244 1185.010 -1.089
2083.660 1231.843 2592.000 1498.261 -1.090
685.707 93.809 810.080 172.195 -1.090
2148.670 945.214 2295.989 1022.781 -1.090
1125.041 161.027 1209.378 205.828 -1.090
880.883 207.996 1012.457 289.581 -1.090
333.163 134.854 418.028 177.548 -1.090
140.229 879.443 332.979 951.847 -1.091
1344.557 1881.493 1513.553 1944.000 -1.091
1390.634 9.072 1647.536 161.918 -1.091
1324.527 70.759 1403.895 122.236 -1.092
1297.528 33.023 1395.862 90.214 -1.092
1206.951 92.154 1286.064 155.481 -1.093
1072.015 11.536 1181.771 88.120 -1.094
1186.773 71.648 1276.807 116.660 -1.094
1217.427 28.152 1297.549 87.032 -1.095
623.285 333.483 764.989 397.928 -1.095
150.351 427.063 250.063 486.317 -1.095
637.843 368.549 794.116 447.933 -1.096
1.000 852.275 207.610 943.704 -1.096
2330.027 1623.732 2474.544 1676.899 -1.096
329.359 9.680 408.745 58.509 -1.096
736.246 180.313 1099.520 446.057 -1.096
2276.433 805.970 2435.475 889.458 -1.097
320.579 92.695 618.538 259.371 -1.098
2191.025 748.875 2295.019 799.150 -1.098
2399.411 1621.812 2592.000 1692.989 -1.098
1460.520 1814.470 1642.483 1883.181 -1.098
1.000 48.260 227.106 171.450 -1.099
417.086 213.542 2133.491 711.244 -1.099
1246.300 74.467 1330.033 134.059 -1.099
1019.262 14.386 1086.399 55.023 -1.100
604.847 44.637 682.960 94.347 -1.100
701.761 18.705 839.421 101.019 -1.100
886.030 72.483 1106.111 198.130 -1.101
2096.306 803.288 2219.678 865.808 -1.101
464.115 23.186 537.288 73.798 -1.101
1769.712 553.297 2399.752 958.834 -1.101
5.213 712.832 376.008 926.689 -1.101
1690.774 1626.090 2361.498 1944.000 -1.102
632.499 43.564 738.697 101.974 -1.102
1.000 417.036 278.826 539.330 -1.102
186.415 1022.761 355.845 1099.246 -1.103
1337.916 1767.301 1579.939 1871.151 -1.104
512.713 4.198 588.641 49.954 -1.105
1059.055 158.560 1131.565 216.146 -1.105
2059.017 953.559 2239.516 1042.264 -1.105
117.053 947.746 315.228 1038.369 -1.107
575.703 43.624 700.264 115.844 -1.107
2.607 159.317 175.192 251.437 -1.107
810.903 6.463 916.076 81.546 -1.107
1323.737 23.792 1445.178 97.737 -1.108
93.056 508.025 252.160 582.012 -1.109
1109.701 1680.349 1694.711 1944.000 -1.110
2085.998 1187.339 2235.354 1250.048 -1.111
1130.935 1.000 1220.765 68.024 -1.112
1103.878 156.131 1237.787 236.542 -1.112
258.561 22.880 358.003 82.937 -1.113
1.000 629.575 165.301 710.088 -1.114
1853.858 1172.090 2592.000 1652.077 -1.115
58.737 912.895 235.224 990.346 -1.116
1167.553 13.714 1486.488 182.395 -1.116
2323.885 930.664 2454.758 995.349 -1.116
1.000 852.696 259.997 1006.529 -1.117
229.432 929.019 373.080 993.105 -1.117
642.605 153.883 788.910 236.369 -1.119
2336.382 1003.651 2575.351 1136.787 -1.119
1.000 675.659 748.712 1067.983 -1.119
1.000 470.999 266.026 623.512 -1.120
592.678 101.792 826.533 236.111 -1.121
163.591 39.159 300.258 126.114 -1.121
1941.512 714.417 2577.981 1084.843 -1.122
206.087 139.396 312.255 199.233 -1.124
769.108 129.578 919.910 228.310 -1.125
1370.002 206.792 2592.000 1007.484 -1.128
989.646 8.321 1058.705 60.283 -1.129
267.061 1047.339 416.289 1113.573 -1.131
1.000 78.226 368.752 277.256 -1.131
896.668 6.492 1069.137 108.051 -1.135
1.000 426.046 466.519 645.800 -1.135
298.351 1.090 464.390 50.981 -1.135
760.274 40.761 901.421 131.582 -1.135
535.737 12.648 652.299 93.851 -1.136
432.113 1.342 555.699 75.442 -1.137
1618.217 1405.009 2592.000 1944.000 -1.138
148.604 2.774 227.158 43.558 -1.140
1100.202 115.471 1178.265 165.540 -1.144
1486.625 49.167 1759.532 205.285 -1.145
108.015 1053.872 268.083 1111.241 -1.146
1024.790 33.362 1154.727 122.345 -1.148
64.309 615.088 235.226 702.559 -1.150
3.761 133.628 786.775 621.543 -1.150
477.299 29.172 575.639 107.493 -1.158
36.450 245.814 2592.000 1762.077 -1.158
570.123 38.015 906.845 229.407 -1.159
1096.662 87.592 1232.483 183.479 -1.164
1028.491 53.889 1197.613 169.111 -1.175
1429.352 19.603 1898.055 381.429 -1.178
837.081 26.362 1269.776 259.585 -1.179
282.238 6.198 405.334 90.997 -1.180
230.205 30.728 366.493 109.257 -1.181
366.075 9.010 550.648 113.307 -1.182
151.664 4.106 408.582 147.119 -1.184
513.867 1.000 989.164 327.302 -1.197
