1224.861 1041.103 1379.901 1166.038 -1.005
1.000 1185.511 213.114 1418.994 -1.031
1799.318 655.703 1917.975 746.186 -1.046
1299.352 680.835 1993.602 1291.241 -1.056
1.000 354.534 911.455 1345.066 -1.057
670.650 91.804 1189.468 492.500 -1.064
1.000 711.490 1347.962 1944.000 -1.064
527.491 1.000 632.239 48.128 -1.070
34.267 1.000 1132.544 512.326 -1.071
2410.432 4.427 2581.956 124.661 -1.079
877.661 97.618 1438.455 570.091 -1.079
1298.420 583.029 1433.271 681.606 -1.081
1816.740 1.000 2592.000 623.563 -1.083
1374.474 551.047 1491.446 644.416 -1.084
1413.406 69.033 1602.379 206.118 -1.092
1711.557 1183.551 2262.273 1628.678 -1.096
1775.968 1416.403 2592.000 1944.000 -1.098
1003.902 613.475 2121.859 1538.756 -1.100
1680.246 458.516 2075.848 751.603 -1.106
1551.155 1.000 1669.210 50.696 -1.106
1354.077 485.077 1577.118 653.560 -1.110
1705.811 1.000 1856.982 67.565 -1.110
244.301 688.023 2592.000 1944.000 -1.113
1481.715 315.864 1593.406 399.866 -1.113
1320.541 1.000 1853.492 242.046 -1.117
1645.071 277.505 1826.445 422.475 -1.120
1208.070 1.000 1328.783 53.415 -1.124
1064.121 1.000 1768.841 328.219 -1.129
1446.710 290.503 1621.954 409.717 -1.132
799.125 1.000 1731.998 642.104 -1.133
1386.114 225.138 2221.859 793.383 -1.145
1374.085 1.000 2592.000 803.406 -1.157
1.000 1.000 1826.382 1166.332 -1.168
