1477.621 784.259 1862.310 1117.123 -0.870
478.440 717.006 760.018 1088.666 -0.905
1828.275 667.975 1892.034 719.766 -0.977
1495.638 1423.295 1547.404 1451.474 -0.998
1561.006 260.957 1676.125 369.027 -1.025
863.402 1674.874 1079.085 1944.000 -1.026
1402.982 542.472 1492.561 648.686 -1.031
1097.138 1539.657 1199.449 1737.676 -1.039
1540.575 1354.563 1621.072 1523.171 -1.045
1470.689 1326.432 1559.120 1499.117 -1.046
1170.229 553.567 1234.099 630.490 -1.046
1420.413 768.730 1940.961 1330.090 -1.047
1179.624 1178.934 1556.028 1658.954 -1.048
224.992 1150.365 285.261 1191.214 -1.049
1.000 1181.538 30.164 1324.363 -1.050
1.000 27.804 15.148 92.353 -1.053
1325.663 1019.474 1451.769 1189.057 -1.053
1092.067 575.172 1162.574 668.307 -1.054
1988.252 251.546 2120.683 409.578 -1.057
2307.981 1817.648 2380.232 1944.000 -1.058
67.039 1093.580 339.696 1490.827 -1.059
1202.448 258.370 1265.266 320.573 -1.061
1009.792 196.009 1141.167 332.707 -1.061
1781.018 483.876 1847.854 558.162 -1.062
41.319 474.922 2299.523 1944.000 -1.064
2520.420 121.424 2592.000 197.102 -1.071
1.000 1.000 33.772 68.343 -1.071
1193.453 146.322 1401.321 372.760 -1.073
1.000 1699.843 13.709 1892.361 -1.074
1.000 1203.163 52.115 1354.071 -1.076
950.683 1.000 1178.237 226.305 -1.078
804.283 329.993 859.530 411.434 -1.080
2349.008 1.000 2438.752 29.750 -1.082
2532.798 1284.077 2592.000 1407.995 -1.082
1433.204 1.000 1708.259 264.386 -1.084
1.000 705.869 19.591 807.963 -1.085
1549.093 402.405 1645.003 502.476 -1.085
1.000 535.750 21.614 623.106 -1.085
1851.239 295.367 1938.310 374.281 -1.089
2091.577 1.000 2179.520 46.591 -1.089
2178.315 1.000 2280.455 66.324 -1.090
955.045 95.669 1161.822 367.018 -1.091
2536.256 66.772 2592.000 125.273 -1.094
1066.439 1.000 1416.281 350.940 -1.095
2548.178 1511.021 2592.000 1634.105 -1.095
2525.012 293.001 2592.000 364.031 -1.097
1.000 376.079 11.834 454.894 -1.099
2555.924 1786.437 2592.000 1935.209 -1.099
1.000 451.151 13.463 542.672 -1.099
757.502 363.411 821.063 440.483 -1.100
1.000 139.217 9.600 203.130 -1.102
730.507 335.836 798.871 417.053 -1.104
1.000 1510.736 15.440 1649.876 -1.104
1.000 254.229 17.196 345.323 -1.108
2544.107 1169.221 2592.000 1294.110 -1.108
522.492 1.000 597.900 70.447 -1.108
2541.722 1575.049 2592.000 1741.872 -1.109
1.000 1073.699 15.934 1192.621 -1.109
2359.441 1849.255 2405.936 1944.000 -1.111
2527.152 719.850 2592.000 832.459 -1.111
1.000 315.717 18.639 430.194 -1.112
2061.198 357.336 2592.000 1944.000 -1.112
1811.252 1.000 1918.406 68.057 -1.113
2.464 1.000 79.223 68.415 -1.113
828.699 1.000 894.142 37.370 -1.114
1964.345 1.000 2049.982 49.222 -1.115
1905.905 369.823 1997.780 464.895 -1.115
1.000 923.533 59.549 1242.265 -1.115
1.000 467.866 26.301 548.260 -1.115
262.064 1.000 569.235 315.981 -1.116
2505.169 1.000 2592.000 32.019 -1.118
2313.578 1.000 2402.899 41.655 -1.118
1.000 90.348 14.737 158.215 -1.119
1.000 415.429 18.377 512.595 -1.119
1538.960 231.641 1756.942 431.651 -1.119
1.000 851.510 5.819 962.616 -1.119
2238.985 7.146 2325.925 66.333 -1.119
1.000 615.153 38.429 749.708 -1.119
1.000 48.843 75.053 361.249 -1.120
1.000 776.234 9.203 876.279 -1.120
2026.750 1.000 2126.624 46.286 -1.120
2415.445 52.329 2592.000 362.069 -1.122
1.000 1520.397 39.946 1697.165 -1.122
1945.751 247.711 2025.826 335.958 -1.123
1.000 1405.621 10.988 1550.444 -1.124
1.000 335.300 78.577 685.125 -1.124
1.000 532.850 71.871 870.934 -1.125
1.000 1113.588 60.724 1402.716 -1.125
1.000 813.540 10.566 934.200 -1.129
1636.136 1.000 1892.172 235.771 -1.129
135.146 1.000 204.202 55.848 -1.130
748.962 431.638 809.262 516.797 -1.130
791.676 428.163 846.319 506.699 -1.131
890.610 1.000 983.634 58.622 -1.131
1.000 1.000 1402.318 681.370 -1.132
1.000 1614.574 15.364 1792.677 -1.132
2008.249 1.000 2130.202 100.934 -1.132
2526.920 1.000 2592.000 67.411 -1.134
2387.142 1.000 2485.872 37.607 -1.134
1386.340 329.983 1462.007 393.060 -1.135
1925.553 1.000 2038.064 66.505 -1.136
1.000 1775.059 34.870 1944.000 -1.137
2109.012 1.345 2208.912 77.272 -1.137
1.000 844.055 22.607 981.561 -1.139
1418.463 382.810 1482.680 465.916 -1.139
1764.735 303.161 1855.973 391.163 -1.140
1879.392 94.379 1957.066 160.163 -1.140
1502.746 47.398 1876.035 478.706 -1.141
1.000 1665.462 24.584 1837.079 -1.144
2263.443 302.167 2345.973 369.003 -1.144
2213.491 105.388 2301.760 182.855 -1.144
2107.809 101.233 2183.640 165.220 -1.152
1784.151 1.000 2592.000 1021.811 -1.154
1.000 1373.417 17.242 1515.538 -1.155
1.000 1426.227 22.162 1581.290 -1.157
1399.256 200.422 1514.269 315.727 -1.157
1.000 1326.304 52.508 1648.354 -1.158
1.000 757.971 44.755 1002.655 -1.160
1.000 1771.661 75.533 1944.000 -1.162
1.000 1710.432 -0.730 1857.702 -1.162
1.000 1420.777 77.236 1852.007 -1.164
1.000 1788.177 -1.966 1944.000 -1.168
1.000 740.206 74.715 1041.374 -1.169
1.000 1720.769 -3.886 1866.423 -1.169
1323.996 1.000 1518.016 237.063 -1.171
1291.666 262.068 1619.205 629.073 -1.171
1046.290 1.000 1854.802 729.730 -1.172
1.000 1790.774 -4.346 1940.142 -1.176
1.000 1626.569 -0.483 1770.432 -1.177
1.000 1656.206 -2.233 1832.136 -1.178
1.000 1219.031 -0.056 1341.953 -1.178
1.000 1778.088 -3.536 1926.483 -1.178
1.000 1843.638 -1.020 1944.000 -1.180
1.000 1830.677 -3.299 1944.000 -1.180
1.000 1762.461 -0.064 1920.242 -1.180
1.000 1543.946 -1.872 1681.578 -1.181
1.000 1785.206 -0.320 1944.000 -1.181
1.000 1141.144 73.968 1660.814 -1.181
1.000 1655.987 -1.268 1821.505 -1.186
1.000 1868.401 -1.342 1944.000 -1.187
1.000 1343.359 -2.301 1502.379 -1.188
1.000 1370.746 -1.584 1497.830 -1.189
1.000 1826.647 -1.798 1944.000 -1.189
1.000 1635.687 -1.382 1780.194 -1.190
1.000 1782.106 -2.187 1930.379 -1.191
1.000 1651.579 -0.647 1796.768 -1.192
1.000 1655.709 -2.651 1811.607 -1.193
1.000 1580.580 -1.655 1722.363 -1.193
1.000 1859.993 -2.018 1944.000 -1.194
1.000 1463.196 -0.090 1594.550 -1.195
1.000 1671.301 -1.337 1826.355 -1.195
1.000 1669.191 -2.820 1811.810 -1.197
1.000 1538.902 -0.663 1698.693 -1.197
1.000 1743.281 -1.250 1893.336 -1.198
