2449.722 370.687 2592.000 417.004 -0.585
2217.828 1623.256 2592.000 1733.889 -0.607
2375.560 23.475 2592.000 47.738 -0.651
914.727 1108.651 1185.735 1194.000 -0.786
15.507 1311.563 135.911 1374.878 -0.823
1494.488 815.053 1825.880 914.517 -0.833
1738.967 1263.094 2014.760 1339.511 -0.853
870.984 1684.854 1022.852 1759.985 -0.892
1650.615 410.543 1833.266 444.783 -0.893
2230.428 1423.004 2592.000 1529.895 -0.902
2190.394 1553.103 2592.000 1662.404 -0.909
586.576 339.485 919.383 429.405 -0.912
17.502 1088.299 128.984 1143.313 -0.925
774.612 1089.055 1075.247 1193.804 -0.931
1251.236 1464.689 1468.669 1534.994 -0.947
2405.737 324.820 2592.000 346.341 -0.958
2385.456 1720.037 2586.027 1780.742 -0.962
22.050 1493.540 179.909 1573.696 -0.967
15.515 747.482 133.874 797.469 -0.969
563.922 1080.186 720.155 1141.442 -0.972
2259.019 27.788 2592.000 89.686 -0.976
2212.038 1334.405 2592.000 1438.062 -0.976
2350.068 1211.511 2592.000 1272.431 -0.977
1929.036 1108.552 2104.860 1150.834 -0.977
3.852 138.268 130.473 172.616 -0.979
1282.493 95.249 1649.754 180.200 -0.980
1314.912 500.491 1936.213 673.543 -0.985
2422.982 1906.186 2588.649 1944.000 -0.990
431.949 383.531 560.165 420.325 -0.991
870.754 1888.521 1015.586 1944.000 -0.991
1715.292 1884.994 1922.344 1944.000 -0.993
2192.220 1666.930 2592.000 1896.810 -0.998
1173.696 1097.808 1361.742 1175.197 -1.001
2221.306 1263.208 2587.965 1367.466 -1.001
1192.101 1064.590 1733.665 1206.593 -1.003
468.295 1200.270 579.511 1252.682 -1.004
2367.073 954.270 2586.853 1004.391 -1.008
277.988 383.247 513.916 451.253 -1.012
1253.128 1576.210 1459.689 1654.314 -1.013
501.923 759.693 704.950 829.082 -1.015
770.177 536.119 970.000 587.214 -1.017
1598.509 59.207 1975.995 134.317 -1.027
6.618 1054.398 122.556 1109.158 -1.029
1913.909 1093.213 2162.768 1208.270 -1.031
8.166 1026.573 155.473 1087.806 -1.038
2.187 1732.637 154.633 1828.714 -1.038
473.326 181.520 780.174 256.396 -1.041
2099.868 17.290 2592.000 116.881 -1.042
2.364 1044.352 157.290 1139.741 -1.045
1264.468 1551.219 1574.347 1648.358 -1.048
1.000 1.000 111.667 74.403 -1.050
7.083 508.491 123.634 556.696 -1.053
10.456 1136.825 121.806 1196.771 -1.057
9.447 578.505 265.476 667.799 -1.057
2190.709 395.138 2433.689 439.808 -1.057
1460.366 135.265 1922.328 399.622 -1.057
281.592 999.596 387.782 1050.747 -1.058
736.492 225.115 963.419 285.036 -1.061
1816.254 1325.623 2011.871 1386.270 -1.065
2120.612 1141.211 2592.000 1262.288 -1.066
1824.314 1218.931 2168.626 1319.704 -1.067
280.055 588.043 457.273 648.129 -1.075
1479.306 76.143 1852.020 157.582 -1.079
1156.976 1753.421 1334.624 1828.270 -1.079
1253.231 1237.045 1391.786 1284.380 -1.080
15.384 1640.630 167.491 1727.086 -1.083
1209.945 1195.785 1352.824 1247.152 -1.086
20.927 991.727 202.216 1068.101 -1.087
1014.296 667.877 1199.485 718.056 -1.087
6.510 261.880 122.552 303.205 -1.090
529.662 1015.917 676.215 1077.385 -1.093
14.938 721.761 120.332 771.248 -1.094
2400.359 666.926 2592.000 700.301 -1.095
1.000 46.253 167.654 88.987 -1.096
21.331 1870.954 132.742 1944.000 -1.098
648.331 1151.915 765.460 1204.336 -1.099
4.401 1073.653 1234.411 1438.148 -1.099
262.948 188.876 508.408 256.653 -1.100
2193.296 115.266 2428.507 146.171 -1.100
2391.247 473.603 2592.000 500.679 -1.100
1801.932 1489.320 2028.155 1555.676 -1.101
8.093 786.234 184.725 853.568 -1.101
1641.102 1286.515 1792.977 1332.851 -1.103
4.946 165.735 144.728 207.954 -1.103
2399.760 1070.527 2592.000 1108.925 -1.104
5.092 496.874 163.505 598.822 -1.112
11.304 886.886 140.273 944.680 -1.113
1157.907 1451.319 1500.865 1555.662 -1.113
1742.600 1318.303 1903.948 1365.597 -1.116
6.947 325.645 184.019 378.773 -1.116
2359.404 999.185 2592.000 1050.944 -1.120
2216.047 99.813 2592.000 178.324 -1.121
1201.067 421.151 1387.908 466.655 -1.121
587.801 1028.548 745.453 1084.619 -1.122
2393.524 887.788 2592.000 927.807 -1.122
24.417 664.866 207.399 731.599 -1.124
932.811 1406.298 1163.113 1492.140 -1.125
713.236 871.213 848.714 917.526 -1.128
14.996 731.841 213.489 800.639 -1.131
1945.256 403.705 2144.264 436.686 -1.141
1201.739 1721.820 1375.204 1790.925 -1.146
953.736 99.912 1212.666 159.881 -1.147
7.238 833.879 174.289 890.152 -1.148
2316.706 1019.475 2592.000 1085.122 -1.148
2325.251 916.778 2592.000 979.579 -1.149
19.140 1547.087 141.140 1615.904 -1.149
1.000 1.000 1250.213 331.897 -1.150
760.623 442.461 911.289 481.007 -1.152
1646.565 421.173 1913.920 574.097 -1.156
705.325 1693.540 1089.721 1944.000 -1.156
1588.448 950.220 1820.037 1009.897 -1.157
1578.543 1.000 1910.748 16.667 -1.160
1012.229 606.175 1166.635 649.371 -1.161
1639.039 1877.547 1785.415 1940.813 -1.164
2329.843 1080.013 2592.000 1137.504 -1.167
1322.046 1245.362 1468.384 1292.603 -1.169
1490.177 1889.149 1649.074 1944.000 -1.169
8.889 952.067 375.911 1074.899 -1.170
1920.957 907.976 2592.000 1089.342 -1.172
882.323 1463.840 1241.897 1589.610 -1.173
1490.144 770.528 1774.754 846.605 -1.174
1130.187 397.957 1885.846 580.133 -1.174
410.076 460.409 555.303 506.437 -1.176
819.217 1372.106 1273.248 1504.816 -1.179
2350.585 771.401 2592.000 826.461 -1.184
2390.087 1515.323 2592.000 1577.338 -1.187
117.232 1004.944 2583.499 1693.152 -1.190
2011.583 123.108 2245.668 156.933 -1.202
1.124 423.385 121.757 466.864 -1.205
998.216 493.661 1230.373 556.372 -1.206
1823.151 700.744 1995.264 742.525 -1.206
973.135 788.603 1823.617 1005.374 -1.206
28.011 1405.825 153.459 1486.018 -1.208
1856.164 1779.084 2592.000 1944.000 -1.212
489.370 456.298 636.521 500.898 -1.215
956.389 77.569 2120.603 383.833 -1.216
1290.240 1.000 1756.819 25.185 -1.219
1086.751 554.126 1526.755 671.267 -1.220
1004.122 1.000 1636.462 35.538 -1.221
1689.654 1842.928 1927.110 1927.303 -1.223
407.261 373.084 662.863 436.810 -1.229
379.058 941.873 717.368 1051.925 -1.231
602.099 795.979 1654.122 1095.489 -1.232
320.903 887.186 489.391 955.085 -1.235
20.722 896.894 186.587 970.771 -1.236
478.490 589.245 625.287 629.698 -1.236
841.561 494.244 1501.528 678.559 -1.241
14.522 1684.855 176.981 1772.438 -1.242
455.490 591.983 706.666 661.094 -1.243
299.287 686.754 2335.486 1237.880 -1.243
1.000 361.601 447.614 480.224 -1.244
19.542 1593.288 205.135 1689.528 -1.252
1161.104 1810.309 1338.576 1885.541 -1.253
2315.484 870.206 2592.000 934.401 -1.259
19.927 566.156 441.405 691.651 -1.260
2171.313 647.233 2452.573 706.905 -1.262
2346.929 822.835 2591.507 884.659 -1.262
1034.151 1619.172 1483.573 1776.711 -1.263
1996.101 1.000 2337.841 53.166 -1.269
18.229 465.804 117.675 508.571 -1.273
1042.586 1.000 1727.782 121.444 -1.274
460.680 348.758 1515.955 618.632 -1.276
148.901 333.676 2592.000 1050.865 -1.279
2094.448 1694.051 2260.688 1750.119 -1.286
1743.201 1724.002 1988.133 1810.268 -1.286
17.209 1448.406 113.370 1517.476 -1.295
1368.100 1884.401 1603.922 1944.000 -1.295
1846.798 1.000 2033.275 8.774 -1.297
26.079 1798.213 121.493 1871.486 -1.305
2006.680 84.898 2592.000 217.834 -1.307
23.206 277.317 536.578 440.062 -1.312
1665.657 1824.661 2022.183 1941.157 -1.315
1258.830 1889.724 1414.338 1944.000 -1.318
333.872 1885.550 497.273 1944.000 -1.323
1810.999 1672.278 1999.964 1738.702 -1.333
1549.633 1.000 2010.902 24.028 -1.341
586.962 1887.826 726.103 1944.000 -1.344
1775.790 27.483 2063.427 74.005 -1.351
1167.409 1759.890 1734.206 1942.692 -1.351
5.967 1590.980 546.050 1933.190 -1.352
2399.381 9.238 2592.000 23.084 -1.353
1013.911 1893.613 1198.052 1944.000 -1.357
1708.152 109.584 2545.140 325.555 -1.363
2223.403 1.000 2527.081 14.089 -1.367
1634.284 1636.961 2569.916 1931.399 -1.372
2.542 469.708 177.467 526.542 -1.372
2223.318 1.000 2529.679 31.243 -1.373
244.657 192.918 1242.367 472.420 -1.383
12.569 861.490 180.726 930.880 -1.384
544.189 1808.705 660.691 1880.027 -1.385
12.846 688.833 230.406 778.163 -1.387
1.000 1.000 2471.019 497.668 -1.402
518.577 1883.242 651.075 1944.000 -1.445
1474.300 1688.555 1660.008 1760.865 -1.447
