189.852 1149.801 718.385 1527.224 -0.756
2472.976 1812.921 2585.666 1928.748 -0.798
4.821 367.387 63.247 416.037 -0.804
13.002 1850.353 110.462 1944.000 -0.828
610.977 792.350 677.122 879.882 -0.842
2006.965 1765.669 2052.649 1858.688 -0.843
9.559 1055.365 123.925 1104.158 -0.845
2504.757 32.343 2592.000 77.699 -0.851
2314.406 1708.210 2433.685 1819.120 -0.854
1043.661 1162.724 1215.902 1411.993 -0.855
14.027 1489.394 45.358 1565.782 -0.860
870.500 429.671 975.166 508.858 -0.860
1084.722 559.060 1351.782 666.613 -0.862
2471.645 766.724 2589.370 855.133 -0.863
2.806 306.691 68.126 394.736 -0.865
915.029 1260.224 995.557 1398.152 -0.867
2335.737 1754.079 2588.086 1944.000 -0.868
1.836 628.085 79.633 739.261 -0.870
1.854 425.308 60.687 502.224 -0.870
339.615 1592.152 430.720 1634.714 -0.872
855.422 762.926 923.005 822.754 -0.874
253.473 1525.988 329.151 1559.319 -0.874
2475.790 1504.774 2570.392 1552.596 -0.875
1.000 1418.967 698.240 1944.000 -0.875
2434.665 858.641 2506.765 918.226 -0.878
1.000 27.397 75.629 81.311 -0.878
1803.334 136.844 1878.313 232.150 -0.879
2537.279 657.436 2590.550 731.901 -0.883
2498.268 998.577 2553.766 1078.555 -0.883
896.298 1160.552 1174.434 1369.143 -0.884
2180.311 52.198 2241.136 116.389 -0.885
2497.753 1503.921 2588.563 1597.837 -0.887
2444.606 30.824 2502.375 101.158 -0.888
2528.143 900.962 2590.259 972.196 -0.889
2462.230 1628.471 2519.078 1723.949 -0.890
379.308 739.144 437.783 798.856 -0.892
668.973 1602.763 773.758 1652.306 -0.892
1654.543 478.834 1733.066 511.909 -0.895
3.105 592.425 94.090 673.738 -0.895
8.095 1012.667 71.204 1088.488 -0.895
75.392 702.035 154.678 777.277 -0.896
2342.050 1122.255 2390.285 1200.342 -0.898
2509.249 90.607 2592.000 183.104 -0.898
1.000 114.478 62.502 162.468 -0.899
6.610 726.218 49.768 794.596 -0.899
2475.077 1256.826 2561.566 1299.135 -0.900
1.720 207.508 52.903 277.530 -0.901
2481.802 1050.487 2566.845 1094.260 -0.902
2414.218 1660.548 2478.449 1737.967 -0.903
2200.852 838.269 2262.363 924.027 -0.903
3.600 236.454 60.007 316.285 -0.903
2534.316 380.544 2592.000 455.142 -0.903
11.484 1371.526 55.540 1463.453 -0.903
344.829 822.690 410.950 890.832 -0.903
20.166 200.355 77.687 246.182 -0.903
1188.214 445.053 1241.123 510.524 -0.904
22.713 1376.491 113.138 1415.209 -0.904
1750.328 833.125 1825.683 901.123 -0.905
2210.564 680.488 2399.057 815.558 -0.906
95.398 317.868 204.931 361.892 -0.907
2344.428 1401.754 2410.394 1505.990 -0.909
751.766 1357.929 804.470 1428.189 -0.909
1.495 120.573 79.006 221.313 -0.909
1.249 376.693 88.873 488.105 -0.910
1759.070 999.596 1808.209 1069.682 -0.910
1564.980 419.193 1633.903 504.816 -0.911
2521.252 1210.134 2592.000 1319.470 -0.911
240.441 285.971 326.530 320.729 -0.911
895.764 250.165 975.490 302.972 -0.911
1582.631 846.617 1644.212 939.606 -0.912
2529.326 1282.436 2586.341 1380.562 -0.912
2529.927 834.725 2590.085 917.333 -0.912
10.440 1321.384 164.979 1465.334 -0.913
996.785 234.002 1090.485 353.952 -0.913
2534.188 174.608 2592.000 240.560 -0.913
2262.546 450.899 2346.089 505.247 -0.914
505.725 316.126 573.331 370.800 -0.915
1018.991 489.526 1472.011 677.593 -0.916
877.721 223.717 948.933 275.076 -0.916
1931.178 430.000 2128.995 688.524 -0.917
253.935 668.346 299.478 737.047 -0.917
1973.652 656.908 2061.837 779.539 -0.917
887.908 1014.325 936.721 1094.091 -0.917
1378.237 904.210 1458.761 973.060 -0.918
1.000 636.797 295.375 1015.882 -0.918
2432.455 134.547 2592.000 233.210 -0.919
92.863 208.326 164.292 310.081 -0.919
1.000 1.000 101.902 139.281 -0.920
1891.125 1786.035 1935.671 1868.550 -0.920
1709.748 895.413 2592.000 1287.031 -0.921
1072.302 819.275 1139.245 882.317 -0.922
1157.324 716.223 1303.624 830.957 -0.922
450.715 35.893 537.034 69.918 -0.922
2294.275 1305.023 2361.849 1421.016 -0.923
844.464 71.988 920.428 117.796 -0.923
491.901 106.539 550.452 184.535 -0.924
557.649 53.398 682.125 102.621 -0.924
2239.683 1736.961 2354.425 1851.923 -0.925
1085.799 1759.899 1140.426 1863.451 -0.925
365.874 10.148 443.539 58.917 -0.925
746.596 675.991 790.471 742.884 -0.926
2480.712 571.698 2556.012 609.282 -0.926
70.219 443.061 175.121 526.057 -0.927
1122.080 970.018 1167.674 1039.290 -0.927
90.308 139.991 187.979 177.836 -0.928
1.000 243.097 128.180 334.874 -0.928
581.306 265.877 633.478 334.114 -0.930
1055.203 1677.467 1096.433 1761.484 -0.930
2390.980 392.862 2592.000 529.970 -0.930
1965.891 1313.261 2008.622 1396.421 -0.930
156.534 87.234 223.712 167.037 -0.931
1700.141 1389.941 1764.369 1462.064 -0.931
2286.940 815.067 2396.957 866.940 -0.931
2150.289 123.864 2240.069 174.165 -0.932
2232.561 818.796 2306.991 880.063 -0.932
1242.440 1827.999 1360.851 1879.685 -0.932
606.804 1.000 658.458 66.485 -0.932
1002.290 755.256 1084.048 824.583 -0.933
1779.126 1495.477 1850.801 1582.644 -0.933
1599.191 668.688 1687.915 707.023 -0.934
2045.949 155.940 2136.413 208.249 -0.934
2400.673 734.288 2483.035 794.390 -0.935
1685.810 1723.302 1813.600 1780.052 -0.935
2340.862 110.755 2398.702 178.705 -0.935
1829.265 540.536 1904.753 594.048 -0.935
2281.587 175.995 2389.107 239.395 -0.936
2462.130 846.846 2571.576 892.738 -0.936
624.303 62.455 698.528 166.269 -0.936
620.889 865.321 661.491 937.344 -0.936
268.464 522.498 387.725 571.959 -0.936
266.621 77.831 337.546 127.561 -0.937
137.429 265.688 206.651 322.192 -0.937
1561.015 1717.976 1659.284 1826.339 -0.937
745.859 1202.005 841.235 1298.933 -0.937
2493.297 1409.667 2588.822 1497.552 -0.937
6.951 360.396 145.602 415.600 -0.938
193.202 1.000 247.215 71.227 -0.939
2009.078 1689.938 2055.999 1774.845 -0.940
263.374 937.448 336.888 1009.329 -0.940
2361.996 217.277 2463.049 272.906 -0.940
2408.758 1406.879 2457.632 1489.817 -0.941
557.704 122.509 655.183 189.268 -0.941
738.082 716.658 911.235 790.823 -0.941
132.614 1004.084 199.863 1077.343 -0.941
184.038 455.696 237.740 505.687 -0.941
1933.423 1314.607 1990.720 1416.318 -0.942
2399.985 786.054 2486.586 847.758 -0.942
2475.806 684.944 2592.000 770.590 -0.942
2306.567 421.281 2366.408 496.289 -0.942
959.379 362.920 1027.719 409.951 -0.942
2517.503 1561.274 2588.069 1641.034 -0.943
2076.928 412.631 2166.614 451.381 -0.943
2471.783 1285.012 2569.476 1327.018 -0.944
1526.410 825.135 1608.297 889.678 -0.944
1715.853 21.181 1804.844 74.355 -0.944
1168.160 1441.700 1251.623 1569.294 -0.944
373.815 693.080 431.435 755.923 -0.944
266.598 409.002 333.955 466.107 -0.944
1272.206 1422.614 1335.449 1499.795 -0.944
9.133 1096.358 70.766 1167.346 -0.945
2305.041 495.194 2413.172 544.058 -0.945
1865.197 1670.067 1916.395 1766.680 -0.945
2198.653 1813.234 2260.480 1897.803 -0.946
2528.447 493.200 2592.000 576.808 -0.946
1297.145 1669.544 1376.412 1703.395 -0.946
1962.278 1674.274 2006.117 1755.496 -0.946
2217.167 1661.814 2592.000 1944.000 -0.947
1254.712 1608.693 1392.372 1743.511 -0.947
1246.779 1752.053 1314.463 1844.009 -0.948
2461.543 1590.156 2529.230 1663.004 -0.948
1.000 770.492 370.914 1283.070 -0.948
2535.104 615.686 2592.000 686.518 -0.948
1172.790 819.319 1253.356 895.214 -0.949
636.851 285.881 761.541 340.277 -0.950
72.698 541.647 167.182 581.289 -0.950
400.396 812.986 476.672 850.592 -0.951
1614.403 1873.610 1668.682 1944.000 -0.951
444.163 281.104 504.753 367.655 -0.951
624.520 1.000 709.339 110.294 -0.951
2010.227 1812.071 2067.859 1914.597 -0.951
914.796 213.257 994.987 264.736 -0.952
441.818 702.264 498.861 784.048 -0.952
2089.057 1633.713 2154.960 1714.153 -0.952
2.228 420.243 180.473 660.071 -0.952
500.808 148.054 604.752 189.968 -0.953
671.460 1724.828 797.966 1780.333 -0.953
1920.407 1603.236 1969.397 1712.752 -0.953
1483.174 203.999 1545.314 283.490 -0.953
1768.515 1635.574 1831.177 1714.774 -0.954
497.145 869.753 548.367 957.024 -0.954
2467.510 1552.289 2555.116 1642.855 -0.954
1639.064 820.961 1768.080 874.315 -0.954
1659.059 162.614 1744.863 214.624 -0.954
1307.002 156.146 1358.396 219.042 -0.954
1205.829 1430.933 1523.503 1917.499 -0.955
113.349 367.190 182.467 425.486 -0.955
1730.433 1775.112 1849.902 1837.028 -0.955
2221.016 499.376 2368.129 600.003 -0.956
1553.690 187.704 1618.936 266.272 -0.956
1604.783 981.901 1708.429 1030.225 -0.956
1025.486 1440.284 1111.133 1479.449 -0.956
746.066 788.262 828.646 824.996 -0.957
2141.698 1528.422 2203.226 1626.925 -0.957
2011.688 179.776 2087.064 213.268 -0.957
640.587 1578.932 780.643 1642.511 -0.957
928.423 643.049 1181.528 831.956 -0.957
753.382 835.571 845.556 876.030 -0.957
1874.358 1385.559 1918.690 1464.417 -0.958
634.165 635.974 1109.814 821.731 -0.958
723.538 1085.776 810.660 1169.443 -0.958
1675.074 171.127 1777.912 231.879 -0.958
2346.955 65.677 2592.000 234.913 -0.958
807.600 1642.322 892.334 1680.441 -0.958
292.147 73.586 386.799 145.436 -0.958
1718.236 850.122 1796.150 914.184 -0.958
991.368 923.715 1040.343 992.342 -0.958
1601.853 12.500 1710.832 57.381 -0.959
1088.636 884.434 1177.917 925.565 -0.959
1563.009 159.119 1671.101 203.421 -0.959
1120.265 1444.371 1208.263 1485.168 -0.960
962.823 1614.709 1013.579 1706.649 -0.960
160.936 352.253 239.063 385.565 -0.960
53.252 194.947 170.652 244.583 -0.960
506.805 476.187 556.920 553.949 -0.961
1727.130 551.880 1874.881 648.659 -0.961
2037.590 656.483 2163.870 750.616 -0.961
1242.974 52.311 1321.997 84.905 -0.961
2069.947 1.000 2127.873 57.523 -0.961
2352.416 779.218 2459.937 824.814 -0.962
825.145 248.830 891.725 340.056 -0.962
1102.707 1540.170 1183.979 1634.693 -0.963
1031.625 978.055 1100.177 1079.341 -0.963
1004.933 1407.700 1079.835 1492.859 -0.963
2259.957 122.547 2319.891 185.757 -0.963
333.432 484.803 404.629 547.892 -0.963
750.137 1458.331 817.795 1544.468 -0.964
1035.163 449.566 1089.771 526.257 -0.964
981.999 278.068 1070.289 405.794 -0.964
378.576 700.174 487.158 801.549 -0.965
2424.217 1385.915 2565.682 1446.786 -0.965
2065.638 1854.132 2148.140 1944.000 -0.965
2179.563 1589.831 2217.589 1671.709 -0.965
1119.921 4.152 1265.843 93.839 -0.965
1936.080 770.805 2075.495 876.245 -0.965
2342.095 1361.926 2424.814 1441.415 -0.965
1002.503 1622.665 1082.419 1663.895 -0.965
1372.495 840.015 1419.514 917.393 -0.965
1338.058 21.568 1432.002 59.209 -0.966
1704.785 423.121 1784.144 516.164 -0.966
745.234 224.112 887.216 285.316 -0.966
652.280 907.535 690.956 975.225 -0.967
1774.674 176.140 1836.748 256.011 -0.967
2291.881 1282.516 2365.654 1318.179 -0.967
496.149 90.061 639.741 182.084 -0.967
2431.141 1317.164 2507.453 1392.874 -0.967
1097.203 371.665 1807.477 660.851 -0.967
1700.268 209.567 1761.399 292.955 -0.967
1913.519 1749.833 1962.726 1836.917 -0.967
1880.778 1699.319 1960.427 1791.540 -0.967
1648.412 952.006 1750.036 1039.919 -0.968
715.334 1395.964 783.295 1430.301 -0.968
1524.962 912.212 1579.217 992.804 -0.968
1350.232 843.575 1467.926 898.037 -0.968
1765.381 1846.743 1900.248 1909.656 -0.968
1558.565 667.038 1651.710 737.642 -0.968
843.304 486.307 921.242 545.079 -0.968
1881.130 846.162 1938.801 926.206 -0.969
1682.983 1513.121 1760.490 1551.322 -0.969
1427.916 1895.899 1517.749 1943.984 -0.969
2515.638 554.732 2590.577 654.342 -0.969
588.839 461.361 673.649 532.234 -0.969
2136.240 1565.287 2226.229 1702.259 -0.969
1106.676 915.561 1184.429 951.284 -0.969
2285.927 395.024 2387.882 437.387 -0.970
342.081 1.000 405.197 78.485 -0.970
630.784 863.562 694.025 975.535 -0.970
1582.531 986.291 1658.365 1052.187 -0.970
2412.185 773.469 2592.000 1010.913 -0.970
1575.440 1686.550 1659.161 1729.498 -0.970
1404.599 689.878 1489.968 807.721 -0.970
44.758 128.245 134.208 169.093 -0.971
386.511 455.830 471.577 488.600 -0.971
972.032 596.355 1036.163 652.836 -0.971
2489.953 1251.814 2589.282 1391.088 -0.971
1508.340 1628.373 1563.906 1707.169 -0.971
1014.221 1723.490 1066.549 1805.019 -0.971
1296.074 748.781 1353.811 826.041 -0.972
1731.263 1836.107 1817.582 1882.698 -0.972
778.485 1810.286 833.940 1918.654 -0.972
828.099 54.015 926.763 95.196 -0.972
1941.847 1647.838 2057.123 1762.933 -0.972
1675.787 1340.703 1757.072 1421.121 -0.972
208.507 272.339 309.269 314.481 -0.972
799.963 34.485 874.490 83.193 -0.972
2234.866 143.827 2406.014 250.436 -0.973
872.042 1907.762 947.308 1944.000 -0.973
2335.530 1573.593 2412.979 1611.041 -0.973
2469.035 617.990 2568.730 737.433 -0.973
1.000 13.039 236.874 315.873 -0.973
657.473 203.497 748.095 238.718 -0.973
2098.984 798.549 2180.356 859.997 -0.973
1678.365 1820.858 1749.249 1910.657 -0.974
292.076 740.656 414.397 791.927 -0.974
1270.849 1.292 1366.220 111.669 -0.974
2419.232 607.088 2479.061 685.597 -0.974
1354.195 112.887 1505.938 174.986 -0.974
1033.571 1381.949 1162.156 1505.294 -0.974
1460.783 44.308 1543.961 76.682 -0.975
2117.182 31.950 2185.874 110.240 -0.975
1427.913 179.562 1487.099 252.751 -0.975
758.879 1605.374 828.040 1694.014 -0.975
1159.717 73.538 1220.278 146.139 -0.975
1141.699 885.536 1240.168 926.897 -0.975
1442.826 1173.958 1552.555 1222.345 -0.975
1964.029 1594.791 2045.427 1684.449 -0.976
2408.442 1272.551 2483.070 1381.422 -0.976
477.879 653.354 584.501 741.877 -0.976
1569.550 835.126 1663.312 877.081 -0.976
2353.853 721.333 2457.778 771.939 -0.976
906.785 1388.892 970.599 1468.518 -0.976
1.000 138.451 271.407 514.423 -0.976
520.229 446.904 645.681 553.999 -0.976
1776.333 405.097 1869.747 468.211 -0.976
1012.697 338.320 1118.152 414.417 -0.977
957.714 1381.970 1016.898 1456.427 -0.977
1520.528 1760.159 1591.851 1849.658 -0.977
1606.770 933.427 1655.362 1006.446 -0.977
2488.812 22.924 2554.199 96.131 -0.977
1837.274 220.903 1922.490 258.106 -0.977
471.277 468.305 559.761 505.342 -0.977
223.739 57.740 293.783 144.823 -0.978
2251.925 1460.682 2344.842 1549.984 -0.978
882.641 1322.877 933.625 1413.244 -0.978
1250.512 648.644 1319.255 751.748 -0.978
725.741 952.336 765.814 1026.217 -0.978
713.881 1777.683 793.152 1819.875 -0.978
1082.434 1125.304 1153.258 1159.816 -0.979
743.330 1567.423 804.312 1652.307 -0.979
1584.136 743.914 1669.024 779.472 -0.979
2451.675 1464.625 2576.539 1520.581 -0.979
1719.097 1610.911 1766.777 1687.189 -0.980
1.000 427.958 258.101 762.624 -0.980
478.802 276.735 584.033 350.071 -0.980
1708.348 1682.175 1837.182 1748.735 -0.980
2383.656 1523.439 2484.071 1570.068 -0.980
1638.380 861.760 1722.721 902.389 -0.980
1719.492 649.741 1779.158 734.366 -0.980
357.742 882.315 397.469 954.234 -0.980
664.288 1246.192 778.011 1299.525 -0.980
1262.423 949.320 1334.365 985.315 -0.980
730.515 1421.136 796.650 1530.369 -0.980
551.052 754.670 695.614 955.014 -0.981
93.462 1253.641 145.529 1343.734 -0.981
677.656 25.511 765.484 90.706 -0.981
1314.719 887.338 1386.677 953.563 -0.981
1392.495 786.949 1486.436 827.183 -0.982
1255.221 734.924 1362.629 830.129 -0.982
2356.798 406.827 2422.983 478.632 -0.982
827.592 1042.974 928.458 1084.732 -0.982
1058.634 49.301 1144.589 90.404 -0.982
1764.752 121.850 1935.920 234.596 -0.982
842.989 111.218 930.746 144.879 -0.982
2338.297 632.280 2422.802 690.704 -0.983
1301.913 654.560 1369.716 709.547 -0.983
2277.619 369.242 2505.005 510.944 -0.983
348.754 908.094 435.742 947.741 -0.984
1959.089 1785.232 2003.655 1870.841 -0.984
2109.669 734.226 2173.938 815.115 -0.984
1822.166 1759.987 1892.337 1847.805 -0.984
783.741 1295.837 854.074 1403.890 -0.984
1225.363 894.455 1318.789 939.122 -0.984
1782.335 1377.142 1859.520 1414.555 -0.984
2289.693 191.543 2424.592 348.347 -0.984
2221.210 406.457 2291.550 504.543 -0.985
708.724 132.577 780.158 174.509 -0.985
1047.809 186.541 1106.270 253.044 -0.985
1482.816 157.777 1534.936 221.940 -0.985
758.863 359.756 810.986 423.353 -0.985
1366.010 1071.882 1460.763 1113.147 -0.985
546.299 592.481 696.947 654.978 -0.985
342.856 178.335 438.583 216.686 -0.986
1577.282 727.957 1704.248 775.370 -0.986
953.686 88.157 1006.526 150.082 -0.986
1482.851 1662.939 1668.975 1835.214 -0.986
384.093 851.700 472.124 899.661 -0.986
1869.135 1608.393 1978.232 1660.587 -0.987
492.738 541.923 594.652 588.489 -0.987
2020.987 132.997 2098.236 175.507 -0.987
491.395 1023.003 594.956 1066.310 -0.987
995.785 992.588 1041.878 1065.525 -0.988
1483.561 1877.031 1625.539 1943.089 -0.988
2369.014 861.260 2448.170 901.488 -0.988
1405.357 966.592 1482.610 1002.850 -0.988
675.549 255.456 781.411 332.323 -0.988
2386.556 1552.410 2467.825 1640.908 -0.988
2279.959 1571.200 2368.233 1614.604 -0.988
658.140 1056.358 710.816 1151.680 -0.988
2124.036 838.092 2175.974 912.750 -0.989
803.737 1.000 931.923 156.944 -0.989
2017.049 1602.206 2076.321 1713.965 -0.989
2187.528 1091.758 2592.000 1651.097 -0.989
1772.096 1802.813 1892.248 1857.403 -0.989
309.174 700.769 413.704 746.931 -0.989
1280.705 308.076 1344.652 382.028 -0.989
476.036 750.495 641.347 978.160 -0.990
1680.922 1.000 1754.205 32.514 -0.990
1344.346 783.800 1400.138 860.242 -0.990
2104.972 1714.014 2154.514 1796.898 -0.990
2161.578 550.380 2244.188 655.865 -0.990
749.705 805.732 839.380 847.196 -0.990
677.705 74.491 765.079 109.166 -0.990
1659.815 656.111 1733.845 717.120 -0.990
2080.551 1778.530 2263.561 1937.464 -0.990
511.181 1.000 567.842 73.011 -0.991
903.898 57.144 979.652 86.351 -0.991
1330.294 754.152 1408.371 821.942 -0.991
1408.410 1582.970 1671.182 1944.000 -0.991
1322.969 726.951 1442.960 778.317 -0.991
950.779 908.512 1013.773 1010.273 -0.992
1047.276 555.731 1389.615 803.842 -0.992
1215.205 990.202 1311.981 1034.141 -0.992
1580.567 1541.901 1623.460 1618.398 -0.992
1003.434 1523.039 1069.781 1611.181 -0.992
329.780 126.625 426.481 168.495 -0.992
2164.545 789.262 2266.330 840.576 -0.992
356.745 82.346 420.601 126.087 -0.993
942.729 260.345 2124.992 710.135 -0.993
2122.401 391.318 2190.708 496.855 -0.993
1589.103 181.902 1705.248 229.916 -0.993
400.921 109.655 515.023 161.645 -0.993
1979.045 163.066 2040.849 238.162 -0.993
638.274 1424.692 1251.281 1890.807 -0.993
1824.003 1523.128 1891.247 1559.669 -0.994
216.857 541.950 302.263 578.671 -0.994
889.329 1109.954 946.897 1212.834 -0.994
2298.435 119.621 2379.112 155.476 -0.994
2025.392 1489.942 2069.752 1568.573 -0.994
2302.047 617.648 2381.959 676.265 -0.994
1675.660 1533.651 1765.275 1574.067 -0.994
664.496 1879.726 782.416 1940.936 -0.994
1889.286 214.379 1943.193 289.232 -0.995
304.015 546.786 349.583 618.691 -0.995
1106.123 1085.849 1178.824 1119.844 -0.996
2023.749 73.038 2117.129 114.993 -0.997
1459.349 1.000 1525.693 78.088 -0.997
2101.456 544.977 2186.578 601.861 -0.997
358.162 908.215 423.242 1007.177 -0.997
1861.568 1640.681 1952.407 1683.702 -0.997
2030.970 1394.452 2085.725 1489.367 -0.997
1398.792 1307.415 1459.669 1419.376 -0.998
2090.584 615.503 2196.764 665.488 -0.998
1310.750 974.527 1368.000 1063.716 -0.998
966.255 856.272 1085.551 910.439 -0.998
2135.450 1710.071 2185.070 1802.886 -0.998
2309.220 568.953 2371.479 656.964 -0.998
1825.307 1550.840 1910.011 1594.941 -0.999
1393.079 198.305 1448.431 271.789 -0.999
1033.663 1105.191 1077.858 1185.133 -0.999
2051.447 738.285 2163.797 784.981 -0.999
1035.690 957.415 1108.591 995.880 -1.000
1965.546 1736.292 2003.200 1817.101 -1.000
2145.772 703.322 2216.303 790.758 -1.000
1451.641 209.961 1509.230 278.946 -1.000
286.651 670.155 359.945 739.504 -1.000
1575.442 26.684 1633.283 91.402 -1.000
750.782 94.889 829.465 147.342 -1.001
487.781 401.803 565.788 430.913 -1.001
65.970 1244.735 108.328 1326.125 -1.001
1237.789 845.971 1335.018 886.347 -1.001
2169.327 819.979 2262.003 864.534 -1.001
880.992 940.011 1419.985 1764.368 -1.001
588.539 339.852 810.252 622.546 -1.001
321.286 400.690 418.018 442.543 -1.001
1843.125 1503.600 1977.528 1567.023 -1.001
2305.326 374.968 2592.000 591.333 -1.001
389.532 531.551 470.987 566.104 -1.001
356.272 314.428 412.021 394.674 -1.002
1582.266 1497.211 1687.428 1654.164 -1.002
477.387 1.000 554.381 107.512 -1.002
750.123 200.894 825.265 230.644 -1.002
2452.619 273.908 2512.772 340.557 -1.002
1013.130 863.797 1137.296 959.411 -1.002
1925.667 1411.644 2001.538 1448.314 -1.002
1879.621 1864.927 1994.119 1922.849 -1.002
1948.497 1382.611 2000.099 1469.002 -1.002
447.717 463.854 581.415 567.620 -1.003
891.893 193.164 967.427 222.685 -1.003
2217.403 625.456 2286.533 710.196 -1.003
641.732 154.586 720.667 188.463 -1.003
1908.639 718.327 1967.289 797.805 -1.003
1675.883 1483.305 1763.252 1526.885 -1.003
1861.908 1720.319 1940.784 1859.095 -1.003
1670.191 1456.522 1762.882 1556.523 -1.003
1559.493 138.326 1651.327 265.275 -1.004
1984.407 857.486 2085.606 904.358 -1.004
790.011 514.688 952.451 582.303 -1.004
2479.278 202.450 2554.948 292.899 -1.004
974.509 818.691 1103.589 870.498 -1.004
801.001 331.597 865.931 424.265 -1.004
712.187 64.746 790.777 120.332 -1.004
162.102 621.801 558.114 1063.288 -1.004
1493.723 1133.109 1566.510 1167.775 -1.005
464.795 134.298 525.842 221.816 -1.005
673.376 232.320 849.106 355.646 -1.005
2429.575 219.821 2512.181 256.218 -1.005
1153.728 864.011 1293.285 915.653 -1.005
332.442 521.930 446.305 568.180 -1.005
742.547 1302.931 786.532 1390.814 -1.005
937.268 1.000 1029.657 121.849 -1.005
206.216 1186.476 897.265 1702.402 -1.006
2011.976 129.361 2106.080 250.357 -1.006
1660.811 853.761 1772.366 936.995 -1.006
1924.911 1725.704 1989.623 1812.482 -1.006
1683.477 1.000 1754.805 77.709 -1.007
249.096 14.504 374.861 64.791 -1.007
823.040 436.840 903.358 471.697 -1.007
668.765 115.995 728.881 195.204 -1.007
1533.811 1.000 1592.464 61.056 -1.008
1693.133 1648.361 1738.897 1735.184 -1.008
1859.266 1621.130 1916.570 1730.040 -1.008
669.750 671.146 1006.331 1118.733 -1.008
1253.752 171.104 1330.968 218.471 -1.008
270.590 183.135 344.808 270.697 -1.009
1612.635 949.017 1682.669 1055.531 -1.009
2042.549 747.675 2132.125 816.829 -1.009
1839.918 1654.325 1971.067 1713.191 -1.009
2368.035 1617.442 2416.173 1695.741 -1.009
602.089 1.534 753.390 194.252 -1.009
1077.100 57.575 1188.217 104.900 -1.009
1723.254 203.786 1815.514 238.163 -1.009
1848.873 1336.878 1964.080 1443.995 -1.009
2100.317 240.028 2179.101 284.180 -1.010
1518.158 921.140 1602.975 1045.089 -1.010
1905.629 725.858 1988.519 849.380 -1.010
2291.570 61.617 2370.355 101.936 -1.010
1368.914 993.362 1472.887 1041.967 -1.010
1548.000 1198.523 1637.400 1240.391 -1.011
1837.962 1697.237 1907.014 1783.313 -1.011
1655.015 1145.790 1730.054 1183.577 -1.011
553.944 675.768 628.776 745.478 -1.011
253.011 57.056 355.172 136.673 -1.011
1890.517 176.977 1987.019 239.261 -1.011
1605.373 1366.888 1710.534 1412.736 -1.011
972.098 1845.283 1020.630 1941.123 -1.012
1805.270 1730.104 1856.343 1823.161 -1.012
1705.887 1565.721 1765.351 1641.156 -1.012
733.095 25.884 848.780 71.852 -1.012
290.962 129.865 353.060 179.206 -1.012
2242.801 48.906 2353.257 95.643 -1.012
894.068 494.022 972.610 553.735 -1.012
1063.247 1872.936 1169.211 1924.680 -1.012
295.655 304.420 384.501 342.135 -1.013
1793.684 98.523 1868.873 137.654 -1.013
1615.746 714.761 1784.138 788.572 -1.013
1743.586 809.528 1833.673 942.770 -1.013
2020.450 807.034 2103.110 921.482 -1.013
848.529 457.750 955.884 545.483 -1.014
1457.202 1340.670 1504.863 1428.287 -1.014
1581.643 1.000 1663.804 95.331 -1.014
2339.567 8.080 2482.247 92.595 -1.014
2009.779 1543.428 2066.979 1638.654 -1.014
2444.869 1.808 2592.000 91.365 -1.014
1118.994 43.417 1217.404 150.308 -1.014
2296.732 1621.216 2361.272 1694.591 -1.014
392.396 53.874 494.515 94.978 -1.014
306.135 2.367 386.124 109.523 -1.014
1916.972 1.000 1978.312 59.955 -1.014
1050.035 9.859 1124.960 106.123 -1.015
1531.973 1.000 1626.878 114.877 -1.015
424.223 449.998 511.513 490.070 -1.015
2155.980 870.541 2239.297 909.841 -1.015
2370.492 599.185 2447.602 698.824 -1.015
1611.093 864.633 1681.897 968.045 -1.015
2224.944 321.624 2304.195 366.156 -1.016
203.641 497.812 313.707 544.877 -1.016
1913.234 581.624 2561.288 829.743 -1.016
222.458 131.924 345.297 179.543 -1.017
807.772 457.752 852.469 532.505 -1.017
2398.610 1633.461 2472.677 1671.351 -1.017
1709.896 187.426 1789.618 296.731 -1.018
1751.129 1908.058 1832.066 1944.000 -1.018
832.810 365.706 925.371 401.729 -1.018
1267.433 820.511 1410.623 881.519 -1.018
538.222 215.120 624.537 250.273 -1.018
732.765 29.212 803.275 117.402 -1.018
2002.699 1371.918 2085.481 1509.465 -1.018
1241.457 821.456 1299.568 906.078 -1.018
418.942 120.551 562.290 182.272 -1.019
8.200 957.575 1414.120 1944.000 -1.019
344.919 287.363 433.414 398.746 -1.019
1143.944 153.130 1221.612 181.686 -1.019
1511.775 117.300 1593.629 156.347 -1.019
445.381 225.651 512.308 273.565 -1.020
248.939 292.261 302.910 377.228 -1.020
430.769 338.786 538.839 380.394 -1.020
1990.274 56.014 2162.847 126.956 -1.020
2276.263 800.439 2353.580 903.702 -1.020
1676.666 1427.432 1792.276 1596.215 -1.020
2241.161 358.881 2310.625 391.410 -1.020
2407.224 255.194 2465.869 324.327 -1.020
1989.795 1750.020 2128.801 1944.000 -1.020
1688.345 160.092 1885.186 288.140 -1.020
1359.796 708.322 1446.556 840.374 -1.020
2184.071 1665.052 2247.593 1765.984 -1.020
1261.304 240.075 1341.742 275.050 -1.020
1664.904 1593.396 1798.502 1656.232 -1.021
500.970 210.386 630.774 259.842 -1.021
1630.501 788.598 1815.932 1057.293 -1.021
1512.969 178.416 1565.759 244.175 -1.021
1090.223 880.511 1193.650 970.872 -1.021
1468.434 722.173 1528.175 805.714 -1.021
561.110 247.467 637.822 311.318 -1.021
1786.501 1696.794 1845.311 1794.622 -1.021
358.355 95.588 444.884 192.944 -1.022
1713.668 1791.554 1768.041 1885.734 -1.022
1920.405 215.272 2003.424 261.666 -1.022
831.805 239.392 947.765 322.339 -1.022
224.244 68.256 323.437 194.481 -1.022
1305.198 124.763 1407.991 255.721 -1.022
1537.019 894.718 1653.023 947.429 -1.023
375.220 452.843 532.915 575.869 -1.023
1725.945 1898.351 1795.445 1936.111 -1.023
1899.782 1618.040 2012.762 1730.815 -1.023
2322.374 846.020 2391.532 904.642 -1.024
1815.076 1626.499 1859.337 1722.597 -1.024
1710.013 1294.343 1818.489 1453.520 -1.025
1996.512 1276.727 2068.385 1309.344 -1.025
963.287 6.939 1265.796 398.811 -1.025
373.059 580.332 434.166 637.950 -1.025
535.162 13.026 640.025 50.874 -1.026
2169.463 2.934 2251.394 43.067 -1.026
2088.078 215.489 2173.638 264.365 -1.026
2154.310 195.355 2237.811 317.560 -1.026
568.188 278.314 655.864 391.889 -1.026
2095.050 333.594 2242.105 516.958 -1.026
2109.998 170.006 2175.429 253.941 -1.026
1311.717 860.065 1416.882 949.104 -1.026
1728.005 1796.429 1795.238 1908.848 -1.026
1688.272 1868.540 1759.047 1944.000 -1.027
1331.649 1.000 1404.758 85.465 -1.027
1388.992 57.081 1465.157 88.873 -1.027
2169.164 1580.537 2326.488 1810.714 -1.028
309.130 464.173 408.756 508.261 -1.028
1377.655 881.601 1484.879 927.882 -1.028
1564.248 709.799 1617.810 785.870 -1.028
2243.939 256.667 2328.793 292.787 -1.029
2067.600 864.509 2162.412 908.984 -1.029
1939.140 1525.518 1984.270 1602.634 -1.029
2444.728 231.363 2504.274 299.266 -1.030
700.360 1.862 814.508 46.377 -1.030
2368.498 155.333 2511.762 337.521 -1.031
1714.791 1740.035 1772.027 1821.658 -1.031
429.644 9.004 501.849 39.996 -1.031
1551.283 1012.361 1685.081 1074.508 -1.031
1157.344 889.092 1289.326 951.216 -1.032
787.899 101.465 862.850 195.211 -1.032
2157.873 168.936 2282.947 245.245 -1.032
1462.628 1358.108 1680.256 1643.722 -1.032
492.051 604.976 1093.049 1044.974 -1.032
2299.045 97.988 2389.329 138.362 -1.033
389.349 1.258 531.559 62.504 -1.033
2195.374 56.349 2271.969 147.574 -1.033
2150.946 1466.329 2210.339 1574.207 -1.033
2270.138 66.024 2505.817 367.500 -1.034
1514.336 703.434 1565.724 780.577 -1.034
850.230 185.109 939.198 220.569 -1.034
1505.583 994.782 1670.081 1200.442 -1.034
1357.203 922.945 1502.207 1146.705 -1.035
512.818 28.973 599.970 135.928 -1.035
1420.857 821.062 1492.032 882.549 -1.035
2170.905 505.330 2227.490 580.711 -1.035
1621.977 143.781 1761.052 242.583 -1.035
2088.264 1623.236 2211.061 1741.536 -1.035
1691.177 1780.597 1733.834 1855.017 -1.036
1.000 270.643 382.892 773.664 -1.036
1450.657 786.505 1521.618 849.059 -1.036
397.220 255.779 567.698 388.287 -1.036
1893.064 1839.160 2006.451 1894.950 -1.036
1088.176 807.463 1173.936 884.117 -1.036
1659.435 1788.682 1704.486 1873.415 -1.036
1647.826 1083.423 1735.676 1119.643 -1.036
1826.351 1769.542 1932.235 1891.201 -1.036
1700.440 1585.832 1821.348 1704.200 -1.036
2493.199 262.023 2554.558 333.638 -1.037
2100.443 461.813 2237.435 630.567 -1.037
1852.458 1905.699 1920.133 1944.000 -1.037
2472.184 513.504 2587.697 678.402 -1.037
2086.300 371.006 2390.121 583.912 -1.038
476.364 553.034 519.380 626.830 -1.038
2116.478 152.548 2247.146 308.509 -1.038
1920.474 1467.203 1983.361 1541.886 -1.038
1677.727 1726.196 1741.773 1836.124 -1.039
1795.214 1365.582 1899.232 1415.205 -1.039
1579.989 655.470 1751.848 782.994 -1.039
2235.116 1.000 2295.038 58.793 -1.040
414.954 162.026 464.583 221.813 -1.040
2173.725 369.164 2592.000 668.708 -1.040
2093.340 1502.316 2135.742 1584.508 -1.041
1816.445 1619.090 1898.348 1716.100 -1.041
2481.928 341.817 2563.966 382.614 -1.041
1416.903 1164.522 1489.468 1202.446 -1.042
1782.331 1741.644 1919.985 1807.846 -1.042
1583.574 1636.327 1778.030 1926.456 -1.042
2034.237 1274.072 2115.143 1313.629 -1.042
2004.338 1257.675 2070.898 1328.012 -1.042
903.250 43.128 984.045 138.230 -1.042
291.099 146.933 405.148 195.847 -1.042
2037.039 1334.256 2087.479 1409.457 -1.042
1756.374 703.309 1807.075 774.652 -1.042
720.116 182.599 1095.224 442.105 -1.043
1491.547 1.000 1618.551 170.485 -1.043
1850.555 840.883 1928.046 945.220 -1.043
604.703 258.223 690.018 292.935 -1.043
726.370 104.752 793.701 183.808 -1.043
2359.014 819.645 2423.334 903.160 -1.044
1416.655 60.425 1491.811 101.627 -1.044
694.034 92.462 848.023 151.652 -1.044
2121.718 290.415 2195.698 336.041 -1.044
1415.706 22.213 1473.554 83.926 -1.044
1441.426 40.804 1502.062 113.330 -1.045
349.578 69.039 469.105 142.860 -1.045
1084.814 767.677 1270.655 846.015 -1.046
1802.759 11.085 1900.313 51.742 -1.046
2247.096 841.895 2304.350 924.552 -1.046
1975.971 153.595 2109.469 309.430 -1.046
432.450 59.936 539.399 135.392 -1.047
565.374 1.000 638.133 97.201 -1.047
1878.455 103.085 1951.799 140.649 -1.048
511.515 314.306 673.498 431.811 -1.048
305.587 202.693 408.973 242.867 -1.048
1768.794 1.140 1861.555 38.684 -1.049
1502.820 777.477 1862.907 1083.201 -1.049
1329.759 688.551 1455.325 742.257 -1.050
1909.255 1311.357 2015.838 1470.274 -1.050
1388.620 1182.389 1465.660 1217.516 -1.050
309.664 384.718 463.686 447.013 -1.051
1443.924 1298.286 1494.228 1390.485 -1.051
1869.392 1.000 1928.878 61.206 -1.051
1696.984 102.805 1768.151 139.726 -1.052
2111.996 298.725 2570.208 875.626 -1.052
2532.694 207.206 2591.125 275.360 -1.052
1470.845 132.380 1815.834 372.414 -1.053
1919.673 74.282 2016.661 131.088 -1.054
506.991 192.903 2169.360 837.286 -1.054
1766.856 1804.034 1831.303 1934.885 -1.054
493.198 3.180 665.875 67.949 -1.055
2247.195 34.423 2408.906 103.416 -1.055
1741.568 112.017 1814.478 143.346 -1.055
1744.808 1756.153 1921.252 1918.998 -1.055
2068.619 833.849 2204.625 893.955 -1.056
1343.906 1259.093 1804.616 1902.314 -1.057
1768.926 48.742 1847.914 79.141 -1.057
2111.487 1660.454 2226.891 1828.190 -1.057
1655.037 1213.003 1726.578 1247.020 -1.058
1956.962 1.000 2016.855 61.260 -1.058
1922.504 1453.473 2032.414 1561.217 -1.058
1196.028 817.158 1315.184 872.607 -1.058
1362.348 859.889 1450.739 974.757 -1.058
1879.808 1534.246 1959.900 1621.970 -1.058
1775.753 1624.248 1845.246 1756.036 -1.059
1780.639 80.763 1930.664 142.606 -1.059
2013.814 1465.920 2083.769 1577.262 -1.059
716.090 86.377 917.904 167.765 -1.059
1377.107 55.199 1435.999 117.953 -1.059
226.339 3.387 286.714 73.302 -1.060
1616.519 99.194 1708.664 153.731 -1.062
2103.918 1578.202 2148.929 1665.036 -1.062
1704.187 1889.872 1829.218 1944.000 -1.063
1931.456 1783.113 2041.332 1899.686 -1.063
1914.624 861.532 1996.882 899.868 -1.063
159.075 1.091 346.514 250.328 -1.064
1269.944 802.523 1459.643 954.451 -1.064
278.907 172.145 410.474 269.580 -1.064
1888.842 1452.997 1934.344 1535.915 -1.064
2485.499 197.842 2592.000 335.809 -1.065
1992.287 1564.160 2073.846 1682.576 -1.065
1846.309 1256.563 1911.602 1323.354 -1.065
1870.532 1449.482 1986.327 1612.619 -1.065
1227.214 69.196 1306.962 102.139 -1.066
2164.934 36.331 2310.194 124.739 -1.067
1386.641 12.138 1465.953 106.054 -1.067
1473.030 1128.956 1535.731 1195.117 -1.068
2077.162 1555.830 2276.457 1825.636 -1.069
2176.998 615.074 2592.000 1150.539 -1.069
255.671 192.544 351.825 321.929 -1.070
1833.512 804.444 1944.310 955.169 -1.070
1687.777 92.053 1808.719 142.061 -1.070
1572.880 1.000 1689.290 145.622 -1.071
867.307 1.000 1016.140 196.615 -1.071
1579.261 1238.512 1664.928 1277.208 -1.071
2094.113 134.838 2190.819 180.728 -1.071
2405.387 1610.192 2462.888 1699.267 -1.072
1909.982 132.792 1991.209 180.251 -1.073
1086.367 862.525 1257.257 936.263 -1.074
2086.963 1463.460 2144.712 1557.411 -1.074
1824.097 1392.336 1888.654 1460.700 -1.074
573.837 166.824 638.795 213.401 -1.075
2095.309 1365.094 2152.204 1452.385 -1.075
352.890 492.457 457.327 641.227 -1.075
369.540 209.082 520.278 274.903 -1.076
1810.718 1676.590 1883.947 1785.826 -1.076
1963.337 834.352 2579.540 1624.898 -1.077
1367.664 757.016 1912.685 1581.621 -1.078
1879.039 1.000 1953.098 83.090 -1.078
1203.738 814.724 1305.154 958.983 -1.078
374.354 32.183 522.064 90.068 -1.082
2003.832 1.000 2065.601 60.702 -1.082
1646.408 1.000 1757.547 142.581 -1.083
1895.169 1720.644 2056.501 1861.169 -1.083
2129.683 59.267 2241.465 185.956 -1.083
1828.778 29.943 1919.405 67.948 -1.084
710.893 19.005 856.476 114.807 -1.085
6.903 4.878 475.023 191.293 -1.086
503.716 152.134 559.099 231.670 -1.086
1843.740 1593.990 2004.260 1671.319 -1.086
251.903 488.236 718.415 676.345 -1.089
1906.380 74.829 2134.001 163.838 -1.090
2080.762 86.528 2406.140 272.943 -1.092
1349.089 1.496 1512.171 196.646 -1.092
2074.707 37.136 2252.272 111.578 -1.093
1788.354 1616.832 1925.475 1812.062 -1.094
1026.946 835.180 1160.706 894.350 -1.094
438.301 964.155 2592.000 1917.978 -1.095
443.353 133.831 539.797 258.591 -1.095
1.000 6.608 444.919 609.394 -1.096
1233.160 150.591 1375.708 202.724 -1.097
1143.783 806.909 1329.403 885.390 -1.102
2294.991 1.000 2560.598 113.279 -1.103
1763.875 1.000 1837.730 80.330 -1.104
419.886 4.511 537.566 140.410 -1.106
532.088 118.341 637.746 264.764 -1.106
405.638 97.490 562.713 300.035 -1.108
650.165 1.000 851.503 271.312 -1.110
1803.833 52.539 1881.909 85.170 -1.113
1249.902 2.618 1443.975 81.742 -1.114
524.283 1.491 655.800 168.984 -1.115
2433.548 144.311 2592.000 335.215 -1.117
447.466 401.392 526.541 432.075 -1.118
261.828 298.575 670.057 459.284 -1.118
2152.543 46.356 2591.737 223.913 -1.119
1570.821 92.982 1743.970 164.438 -1.120
451.606 25.476 586.938 200.392 -1.121
800.516 26.798 963.416 234.036 -1.125
1202.306 85.004 1331.986 137.819 -1.127
448.063 3.279 755.282 127.018 -1.127
1876.160 47.315 2150.506 208.531 -1.128
6.778 265.012 561.218 1026.333 -1.129
1081.503 679.025 1402.272 1100.389 -1.129
1214.138 6.107 1326.848 121.933 -1.131
2149.484 1.000 2209.596 63.441 -1.135
1683.364 80.454 1874.956 159.949 -1.135
2017.838 1.880 2115.570 55.659 -1.138
467.788 10.376 672.415 253.363 -1.140
294.823 1.000 644.339 472.540 -1.140
