1774.074 1207.699 1822.887 1260.532 -0.948
1214.136 1136.342 1274.982 1182.762 -0.961
1524.678 1239.462 1627.958 1276.946 -0.966
1212.005 1136.268 1339.666 1188.108 -0.972
645.230 453.516 740.619 519.488 -0.978
1225.682 308.436 1323.072 385.715 -0.995
813.614 344.912 893.910 410.584 -0.996
1266.484 1583.043 1407.463 1641.658 -1.016
494.577 881.553 602.343 963.872 -1.018
852.476 1025.177 955.780 1086.329 -1.032
1270.640 1068.522 1376.719 1152.165 -1.034
167.340 1048.943 302.606 1100.361 -1.034
1521.900 551.195 1652.738 658.934 -1.039
2294.357 988.920 2347.424 1051.337 -1.040
1788.620 495.553 1842.001 555.937 -1.042
864.325 345.786 949.989 410.197 -1.046
1580.349 1589.079 1664.590 1663.505 -1.049
1240.088 539.966 1355.283 571.590 -1.050
825.811 1731.664 911.345 1817.671 -1.054
2.572 1885.688 92.154 1934.755 -1.057
1498.029 810.287 1927.559 1091.499 -1.058
2083.505 58.108 2151.479 127.122 -1.061
557.528 594.445 624.638 644.880 -1.063
975.018 1683.243 1485.565 1944.000 -1.068
1408.308 120.471 1469.748 181.429 -1.068
552.195 1726.836 1125.163 1944.000 -1.069
1376.388 1594.151 1480.315 1639.987 -1.074
980.787 1120.257 1036.215 1167.322 -1.074
2464.199 200.856 2523.631 275.486 -1.075
2201.168 543.900 2267.655 611.137 -1.075
1950.337 1119.602 2106.698 1244.254 -1.076
2097.676 885.177 2153.853 946.340 -1.079
795.563 1135.075 878.922 1187.569 -1.081
2119.310 54.151 2196.295 131.333 -1.081
1496.960 1747.137 1551.758 1800.606 -1.084
973.453 1468.385 1027.947 1508.565 -1.085
1629.325 734.336 1682.906 787.283 -1.087
88.160 1014.647 158.202 1058.619 -1.088
2029.504 1240.984 2114.274 1318.339 -1.090
2474.106 348.768 2575.202 377.808 -1.090
2505.622 11.246 2578.423 95.601 -1.094
975.009 1466.880 1062.856 1516.687 -1.095
712.415 1209.419 775.703 1255.663 -1.097
1845.883 258.709 1905.721 319.394 -1.097
732.009 1105.538 834.754 1172.394 -1.097
2109.224 1784.899 2272.510 1906.993 -1.100
2469.245 967.346 2541.701 1046.579 -1.101
1907.796 1879.106 1984.715 1942.332 -1.103
1894.237 685.144 1982.500 767.350 -1.104
2228.418 1631.518 2592.000 1938.583 -1.106
1336.367 564.036 1422.287 633.158 -1.106
1153.195 551.155 1316.815 657.400 -1.106
1314.448 554.277 1436.320 653.967 -1.108
1366.979 876.089 1439.255 934.614 -1.109
2091.237 173.656 2153.560 240.356 -1.109
1371.520 226.487 1438.534 288.266 -1.110
1709.839 85.441 1777.801 151.411 -1.110
326.692 356.566 398.483 400.232 -1.110
2049.452 21.183 2592.000 388.267 -1.111
1287.005 1343.017 1385.313 1413.414 -1.111
1454.125 1132.521 1554.150 1167.545 -1.112
1.000 437.800 1986.661 1827.217 -1.112
1979.927 85.175 2114.644 125.932 -1.113
1807.501 246.788 1885.934 323.346 -1.115
2433.350 839.705 2488.210 910.742 -1.122
969.359 91.389 1087.114 181.682 -1.123
1970.266 1877.085 2037.869 1940.724 -1.123
2047.659 1903.677 2099.366 1944.000 -1.127
622.320 60.788 696.125 117.176 -1.129
1455.019 318.008 1548.442 399.576 -1.129
2121.927 1882.272 2184.345 1939.954 -1.130
2166.392 1184.863 2219.490 1243.737 -1.130
1.000 1.000 80.734 49.277 -1.131
2515.023 1395.018 2587.735 1471.712 -1.132
1578.485 95.167 1641.972 159.434 -1.134
1032.410 162.266 1096.901 215.691 -1.135
239.393 141.405 311.822 186.197 -1.137
386.802 60.591 456.271 112.135 -1.138
1.000 9.049 113.187 87.125 -1.138
1405.742 393.945 2592.000 1199.998 -1.139
915.355 118.121 972.370 168.526 -1.139
2097.083 1720.532 2152.289 1775.550 -1.142
2481.175 1204.230 2583.092 1296.661 -1.143
2007.463 1609.279 2076.502 1672.166 -1.145
1597.577 332.391 1662.746 390.007 -1.145
865.842 257.673 989.693 340.534 -1.146
1974.322 1547.497 2047.972 1616.852 -1.148
2064.969 1802.908 2322.434 1944.000 -1.150
1913.918 261.661 1986.512 333.766 -1.152
1759.409 136.215 1850.458 219.578 -1.154
273.754 405.127 360.554 458.682 -1.154
1024.360 324.723 1141.975 405.184 -1.155
463.125 213.262 537.601 266.364 -1.155
1876.684 1.000 1940.930 60.223 -1.155
366.307 263.855 462.482 331.884 -1.157
309.847 29.904 395.619 94.047 -1.157
1282.820 1.000 1336.159 49.964 -1.158
371.222 166.376 430.768 214.330 -1.158
1314.716 151.987 1403.637 229.868 -1.159
358.952 1.000 430.438 34.151 -1.160
1554.687 332.926 1615.291 387.949 -1.160
1482.304 1.000 1542.539 41.120 -1.161
1354.605 205.676 1463.280 294.063 -1.161
1244.824 94.967 1656.728 383.293 -1.161
2107.957 1173.768 2189.087 1243.232 -1.162
1.000 142.998 116.015 214.708 -1.162
2011.161 1332.361 2075.159 1390.424 -1.163
1.000 334.940 50.497 372.493 -1.166
317.814 1868.542 393.621 1913.220 -1.168
1729.970 1903.867 1799.009 1944.000 -1.168
2408.177 1560.740 2516.545 1654.995 -1.168
1980.242 1668.538 2041.929 1731.747 -1.168
727.465 1.000 796.196 54.763 -1.169
2109.064 1246.179 2163.236 1308.562 -1.170
1808.168 1905.266 1878.639 1944.000 -1.172
1123.937 340.120 1192.898 394.149 -1.172
541.453 139.420 624.660 187.586 -1.173
1630.295 107.576 1692.270 170.421 -1.174
2230.594 1345.215 2288.047 1408.577 -1.175
158.558 208.927 223.625 255.373 -1.175
2452.205 1336.995 2514.027 1399.237 -1.176
1155.759 226.538 1225.618 285.464 -1.177
841.291 179.059 913.556 231.971 -1.177
987.826 350.243 1056.251 406.552 -1.179
654.917 357.586 719.806 413.386 -1.180
2251.570 1492.539 2317.441 1557.088 -1.180
1557.028 1848.996 1619.328 1894.011 -1.180
793.474 2.966 857.506 61.551 -1.181
654.922 346.803 772.403 426.871 -1.181
1656.551 226.559 1718.379 284.918 -1.181
1972.880 1789.873 2040.866 1846.926 -1.181
1890.990 79.116 1945.023 140.987 -1.181
324.991 130.755 428.973 203.061 -1.181
2178.571 1262.549 2255.385 1330.280 -1.182
1995.553 1226.152 2133.381 1339.123 -1.183
837.357 14.793 942.702 94.744 -1.183
1803.305 309.661 1856.883 373.460 -1.185
56.575 1891.575 132.607 1930.823 -1.185
130.865 1902.318 215.040 1944.000 -1.185
1836.193 167.124 1917.995 254.807 -1.186
2520.052 1507.552 2590.911 1573.020 -1.186
77.848 270.073 150.750 317.765 -1.187
335.857 307.425 414.580 360.951 -1.187
727.814 193.003 1099.244 428.152 -1.187
496.369 1.000 569.425 57.157 -1.187
1719.872 314.657 1774.430 373.717 -1.188
1656.686 1873.409 1756.712 1944.000 -1.189
1960.182 228.097 2027.886 295.690 -1.189
2340.057 1434.555 2391.343 1495.009 -1.189
1209.823 149.296 1268.631 204.127 -1.189
2404.981 1402.499 2504.831 1492.965 -1.190
2334.081 1283.146 2386.446 1343.256 -1.191
1159.522 11.968 1250.200 92.912 -1.191
523.719 208.622 596.947 263.423 -1.192
275.304 60.395 357.733 121.815 -1.192
423.742 233.700 488.127 278.946 -1.193
1975.975 1702.267 2043.404 1759.944 -1.193
179.441 342.130 256.797 388.873 -1.193
1021.598 17.452 1119.390 93.349 -1.194
1574.352 23.752 1661.187 106.740 -1.194
918.189 49.233 990.899 108.783 -1.195
470.796 124.473 537.452 174.160 -1.195
145.783 130.235 222.053 187.319 -1.196
1480.791 19.067 1544.706 80.612 -1.199
1864.128 1898.189 1910.691 1944.000 -1.199
394.607 234.196 755.829 467.625 -1.200
867.308 119.474 942.034 173.539 -1.200
258.965 1886.532 320.647 1919.466 -1.200
1770.525 8.446 1867.712 96.936 -1.200
1703.677 231.365 1822.563 329.693 -1.201
829.936 94.085 912.076 158.247 -1.201
1454.665 27.562 1550.016 108.641 -1.201
2313.725 1416.760 2425.464 1451.035 -1.202
2321.723 1522.631 2389.089 1592.440 -1.202
1524.699 1893.264 1579.054 1943.752 -1.202
1277.911 1.000 1367.675 71.143 -1.203
1917.762 5.600 1996.940 80.254 -1.204
1916.514 76.820 1999.003 157.524 -1.204
54.319 77.730 156.977 140.532 -1.204
1716.262 1.000 1779.654 52.371 -1.205
94.943 343.766 164.655 393.468 -1.205
1350.041 33.907 1410.599 91.203 -1.205
2509.012 1577.168 2585.650 1651.635 -1.205
587.924 134.162 680.042 197.379 -1.206
1745.908 90.063 1817.734 161.441 -1.206
2230.886 1404.795 2277.802 1458.759 -1.206
1590.810 1873.055 1687.122 1943.196 -1.207
1088.035 1.000 1168.777 45.512 -1.207
1477.925 1906.546 1539.461 1944.000 -1.208
1625.814 205.968 1707.431 280.589 -1.208
632.277 1.000 712.360 38.452 -1.210
1841.055 199.120 1945.329 295.292 -1.211
961.416 35.921 1063.317 113.269 -1.211
1798.759 1815.864 1847.572 1863.525 -1.211
202.648 17.810 282.400 82.011 -1.211
297.096 308.685 423.958 393.129 -1.212
1954.114 53.677 2044.081 138.416 -1.212
326.588 185.942 396.185 237.372 -1.213
2046.227 1695.079 2122.266 1764.941 -1.213
2319.379 1357.234 2435.318 1448.806 -1.213
711.532 1.000 1053.358 165.225 -1.214
292.170 1.000 377.695 51.023 -1.215
2357.892 1445.714 2428.135 1508.663 -1.216
197.165 1915.491 267.356 1944.000 -1.216
200.907 1905.074 302.467 1944.000 -1.217
454.660 158.026 522.042 211.194 -1.217
2114.593 1.000 2168.370 39.493 -1.217
532.066 88.840 612.893 150.208 -1.217
1123.392 76.246 1197.942 139.816 -1.219
1315.190 26.073 1400.625 102.803 -1.219
443.412 123.731 555.530 206.269 -1.221
2443.859 1352.528 2537.178 1446.351 -1.221
