1115.999 1570.212 1492.118 1939.540 -0.711
846.219 1041.590 889.254 1081.612 -0.890
841.823 1755.341 891.187 1805.382 -0.904
2413.954 1877.516 2445.630 1924.205 -0.949
1175.298 565.096 1226.386 641.195 -0.953
309.079 1425.999 399.358 1519.757 -0.972
594.962 1520.267 627.144 1563.226 -0.995
65.470 1880.330 118.077 1935.959 -1.001
1647.298 20.635 1699.041 79.315 -1.009
1163.710 241.470 1215.612 309.844 -1.010
1865.158 582.859 1934.639 641.005 -1.013
2296.917 1816.148 2381.942 1866.206 -1.023
1160.943 1082.213 1223.654 1129.286 -1.023
525.096 892.870 602.413 965.629 -1.024
707.780 226.644 841.399 311.219 -1.026
1114.496 1459.318 1223.039 1524.842 -1.034
2498.694 524.300 2575.793 575.754 -1.034
2082.860 1281.692 2146.148 1316.384 -1.039
2115.200 1808.162 2201.618 1856.575 -1.039
746.052 1607.386 788.761 1654.988 -1.041
5.903 1914.721 108.558 1944.000 -1.041
1772.527 310.247 1843.440 357.621 -1.042
990.844 252.822 1041.219 305.892 -1.045
1773.023 786.703 1885.029 856.935 -1.047
1945.930 587.358 2005.752 653.854 -1.048
1830.134 663.331 1899.197 712.225 -1.050
458.596 605.882 894.826 907.996 -1.051
914.042 767.506 1240.945 1099.435 -1.052
595.277 1102.951 672.363 1145.077 -1.055
783.936 958.337 844.316 1038.637 -1.056
1862.000 534.925 2030.141 641.078 -1.057
653.610 1050.538 1133.523 1382.858 -1.059
627.442 340.670 698.591 385.221 -1.059
2472.274 1898.715 2567.877 1944.000 -1.060
1506.390 560.405 2216.257 1058.872 -1.061
1134.588 1228.111 1179.319 1282.673 -1.062
737.187 1005.397 795.600 1084.175 -1.065
1571.515 475.208 1685.518 561.495 -1.066
2250.728 1578.106 2322.861 1615.933 -1.068
2203.819 1761.184 2285.814 1808.545 -1.069
438.467 1.000 529.119 44.264 -1.070
1258.561 212.182 1340.482 328.838 -1.071
1024.272 1924.008 1094.333 1944.000 -1.073
1.000 1138.363 67.030 1241.839 -1.073
81.229 1560.762 154.513 1601.470 -1.073
693.985 1907.993 822.608 1944.000 -1.075
1767.375 1214.174 1831.238 1255.836 -1.076
1463.443 1329.038 1530.903 1368.843 -1.077
1788.169 1546.727 1885.625 1596.174 -1.077
1567.663 1745.557 1637.021 1840.116 -1.077
1610.631 1325.598 2062.126 1599.528 -1.079
399.620 1473.373 469.422 1514.215 -1.079
1.000 1638.055 89.227 1692.491 -1.080
1265.450 872.514 1359.487 935.496 -1.081
1676.060 1196.852 1789.440 1270.631 -1.081
572.979 1910.550 668.009 1944.000 -1.083
2168.022 1560.716 2231.773 1599.982 -1.084
1.000 645.465 51.410 719.991 -1.084
968.068 1645.236 1007.955 1693.797 -1.084
1208.385 187.769 1353.281 389.247 -1.085
356.463 306.180 432.831 365.721 -1.086
1059.112 1915.095 1167.300 1944.000 -1.086
375.137 792.896 469.995 860.203 -1.086
1613.319 1874.510 1675.293 1906.045 -1.087
1638.645 117.176 1996.011 406.424 -1.087
2376.621 753.212 2498.798 829.903 -1.087
453.606 1419.440 565.119 1493.939 -1.089
1062.350 1664.425 1136.416 1706.442 -1.089
1.000 1034.084 54.586 1117.159 -1.090
1965.192 1305.122 2037.885 1342.421 -1.090
1984.205 407.255 2585.424 1224.785 -1.091
947.296 1924.847 1015.212 1944.000 -1.092
740.785 601.934 1431.612 1145.104 -1.093
605.893 530.748 659.089 601.063 -1.093
2266.875 1802.211 2334.083 1832.858 -1.093
115.008 1914.706 217.658 1944.000 -1.095
1688.902 1921.293 1771.935 1944.000 -1.095
834.471 1729.919 895.386 1814.847 -1.096
473.732 1282.489 551.896 1334.524 -1.096
1514.551 1547.512 1689.194 1668.450 -1.096
812.897 1921.396 896.092 1944.000 -1.097
294.654 1409.226 471.033 1540.680 -1.097
1.000 16.392 60.864 102.675 -1.097
1458.260 664.137 1527.403 705.224 -1.097
1369.817 1427.056 2080.227 1878.243 -1.097
856.489 1656.469 945.965 1700.572 -1.098
985.876 13.181 1106.043 105.041 -1.098
1060.078 483.671 1173.630 555.687 -1.098
402.888 1360.914 505.026 1419.136 -1.098
1495.953 316.828 1575.002 375.747 -1.100
318.801 290.990 385.313 342.551 -1.100
1422.284 1117.590 1495.436 1164.650 -1.100
1529.055 1238.671 1663.350 1319.276 -1.101
72.194 1466.877 1391.931 1944.000 -1.101
2305.833 1877.736 2370.894 1944.000 -1.101
1.000 1244.209 41.546 1318.247 -1.101
1505.505 1.000 1596.374 68.307 -1.102
2025.092 1909.760 2105.954 1944.000 -1.102
324.176 949.308 445.733 1039.059 -1.102
660.867 1380.646 748.680 1432.026 -1.103
622.422 147.874 697.239 197.971 -1.103
1528.796 1078.261 1640.697 1153.147 -1.104
1.000 543.535 47.157 610.968 -1.105
1390.441 977.439 1491.892 1053.176 -1.106
1698.185 508.631 1773.036 560.511 -1.106
2441.529 1837.760 2507.359 1868.811 -1.106
2105.423 1669.617 2205.114 1739.132 -1.106
1488.020 287.056 1617.646 384.096 -1.106
1588.906 1902.227 1676.071 1944.000 -1.106
1387.666 504.820 1477.439 567.623 -1.106
2134.115 120.515 2200.175 164.729 -1.106
441.738 384.725 502.985 428.101 -1.107
833.458 485.231 918.067 544.207 -1.107
2050.500 141.288 2149.472 215.260 -1.108
1899.095 1175.979 1979.989 1224.253 -1.109
1371.393 374.929 1993.976 828.378 -1.109
955.733 319.288 1092.281 414.129 -1.109
2180.980 1728.998 2244.588 1810.395 -1.109
113.613 7.911 180.822 70.168 -1.110
584.766 892.144 702.522 979.768 -1.110
1124.446 501.316 1386.803 676.041 -1.110
1573.736 1194.337 1952.008 1434.872 -1.110
2209.306 1559.314 2303.555 1606.275 -1.110
2024.364 1.000 2200.657 129.369 -1.110
1.000 740.497 68.362 841.360 -1.111
40.135 1061.683 197.824 1177.536 -1.112
895.620 306.136 955.739 398.028 -1.112
1482.049 1057.615 1596.170 1142.574 -1.112
896.566 1379.516 968.857 1419.667 -1.112
433.276 1010.560 495.123 1050.130 -1.112
1441.882 1236.299 1513.259 1279.571 -1.113
2394.909 1923.734 2480.646 1944.000 -1.113
2144.130 1872.496 2239.369 1928.066 -1.113
799.851 292.201 973.584 417.139 -1.114
1993.690 1299.154 2074.828 1343.717 -1.114
1461.896 1243.119 1598.795 1325.827 -1.115
2346.847 1788.675 2393.242 1856.961 -1.116
1.000 1789.364 46.310 1861.463 -1.117
55.541 790.641 129.551 841.797 -1.117
2124.740 289.449 2215.554 359.319 -1.117
2051.528 1307.615 2112.997 1347.031 -1.118
1922.036 219.044 2147.880 384.842 -1.118
424.734 1003.133 1314.346 1643.058 -1.118
1398.531 28.265 1509.093 105.158 -1.119
1.000 1322.480 66.799 1418.364 -1.119
417.110 559.716 528.176 640.501 -1.119
29.991 624.709 128.379 684.796 -1.119
2021.327 1271.975 2084.328 1308.393 -1.119
1482.495 1909.680 1567.793 1944.000 -1.119
757.271 421.289 1092.128 676.346 -1.120
1711.639 1915.747 1821.260 1944.000 -1.120
45.009 1288.403 117.662 1327.680 -1.120
1815.038 30.817 1945.828 118.791 -1.120
2421.874 1854.512 2495.750 1883.480 -1.120
1405.001 1094.784 1470.342 1132.490 -1.120
1833.195 1214.874 2230.218 1499.267 -1.121
1852.663 1154.596 1930.177 1199.162 -1.121
136.961 934.513 242.654 987.627 -1.122
674.615 448.435 759.395 500.591 -1.122
1891.466 1105.755 1962.104 1149.184 -1.122
1.000 1207.100 64.333 1327.227 -1.122
1812.812 1.000 2019.426 140.823 -1.122
2164.969 1489.717 2241.909 1553.312 -1.123
364.673 387.503 417.879 442.753 -1.123
247.900 298.877 378.017 383.661 -1.123
2302.189 345.710 2367.678 388.789 -1.123
354.541 503.813 429.373 551.610 -1.124
653.326 352.563 784.907 447.053 -1.125
2482.610 282.934 2564.166 343.981 -1.125
2512.728 1407.143 2590.553 1444.261 -1.125
2325.913 1550.978 2432.658 1619.880 -1.126
2014.484 1874.632 2126.438 1944.000 -1.126
424.626 340.927 572.811 441.830 -1.127
42.575 862.780 1451.494 1723.748 -1.128
2158.587 1923.767 2244.335 1944.000 -1.128
876.344 4.723 928.367 71.317 -1.128
235.300 426.139 600.270 665.020 -1.129
2102.695 1843.951 2177.164 1898.115 -1.129
2281.561 1411.913 2371.402 1468.502 -1.129
681.763 138.344 774.944 198.805 -1.129
944.604 175.311 1008.126 222.080 -1.130
2515.249 1461.332 2586.423 1502.961 -1.130
1372.241 206.785 1439.410 259.489 -1.130
2222.211 288.640 2305.597 344.089 -1.131
1413.277 561.668 2432.111 1336.732 -1.131
1457.579 1830.028 1732.830 1944.000 -1.131
2394.429 1904.296 2526.169 1944.000 -1.131
2346.586 1924.123 2412.383 1944.000 -1.132
233.519 653.655 397.491 780.224 -1.132
1842.518 1923.178 1931.343 1944.000 -1.132
2029.615 210.699 2258.987 412.492 -1.133
2181.353 1.000 2349.422 110.465 -1.134
134.638 431.569 205.349 477.170 -1.134
2244.393 1763.981 2344.104 1827.828 -1.134
1148.792 21.654 1203.443 71.347 -1.134
2430.949 1570.820 2498.850 1608.042 -1.134
391.123 258.533 572.428 382.607 -1.135
2356.635 1407.512 2443.125 1452.911 -1.135
510.367 145.657 598.187 215.015 -1.135
2267.011 1552.343 2356.823 1661.022 -1.135
396.971 189.158 479.390 241.976 -1.136
806.104 134.525 922.168 225.281 -1.136
714.824 301.183 795.281 354.046 -1.136
2146.717 33.543 2592.000 381.695 -1.136
2411.789 1829.715 2489.183 1868.435 -1.136
128.169 289.394 183.814 341.920 -1.137
125.248 570.924 293.899 697.840 -1.138
678.634 452.590 809.662 539.534 -1.138
1.000 919.409 69.018 1023.221 -1.138
950.182 292.611 1012.842 337.307 -1.140
2224.516 1327.583 2297.595 1365.714 -1.140
1416.177 1318.560 1501.456 1431.359 -1.141
733.111 314.174 876.392 435.959 -1.141
1855.020 1850.582 1980.340 1917.011 -1.141
400.806 751.674 474.737 799.516 -1.141
1127.950 81.489 1221.901 143.370 -1.141
1556.739 154.132 1675.234 236.447 -1.141
1033.826 207.704 1137.698 354.931 -1.141
1213.558 238.978 2592.000 1214.146 -1.142
369.292 689.056 494.451 774.023 -1.142
2087.954 1794.079 2212.292 1867.494 -1.142
1147.654 340.279 1232.280 399.176 -1.142
1730.458 45.395 1797.650 102.436 -1.142
89.688 333.588 169.664 393.197 -1.142
612.861 499.244 688.716 549.655 -1.143
1081.681 441.366 1140.907 487.992 -1.143
740.195 1.000 990.059 196.879 -1.143
2548.327 1836.764 2592.000 1897.712 -1.144
1.000 470.640 63.361 525.440 -1.144
2100.392 1795.787 2309.972 1942.161 -1.145
1748.939 1172.573 2350.712 1571.054 -1.145
1795.036 1922.828 1877.960 1944.000 -1.145
2109.250 1761.183 2172.799 1795.464 -1.145
1458.410 1331.367 1546.195 1391.842 -1.146
1524.315 43.250 1641.751 117.207 -1.146
1062.735 361.830 1127.288 407.349 -1.147
1426.831 195.754 1553.115 278.710 -1.147
1456.226 1092.308 2257.267 1900.513 -1.147
1.000 1883.816 73.628 1943.043 -1.147
556.429 341.219 686.709 438.473 -1.147
1083.395 23.017 1178.618 105.131 -1.148
494.677 178.232 865.417 476.488 -1.148
1254.071 88.787 1319.642 133.794 -1.148
2534.311 1678.995 2583.923 1740.777 -1.150
253.916 654.949 757.435 981.437 -1.150
162.711 525.921 262.991 588.767 -1.150
1130.567 453.739 1179.584 519.903 -1.150
164.048 424.389 240.517 475.036 -1.150
2.557 333.585 48.599 398.017 -1.151
2531.676 1865.101 2592.000 1944.000 -1.151
2457.903 1384.238 2540.261 1426.912 -1.151
1.000 668.348 106.655 740.516 -1.152
2508.552 1518.859 2578.136 1607.613 -1.152
1643.410 1.000 1849.502 147.986 -1.153
410.497 126.810 516.897 189.762 -1.153
1.000 1556.387 53.488 1629.281 -1.153
1.000 131.470 65.338 181.966 -1.153
2530.014 1384.588 2592.000 1465.426 -1.153
989.953 155.021 1183.278 292.313 -1.154
1453.571 136.735 1524.133 190.322 -1.154
1128.286 422.117 1201.684 469.005 -1.154
2392.536 1314.752 2468.329 1355.917 -1.155
17.424 297.723 106.833 355.204 -1.155
1960.367 117.799 2045.989 173.733 -1.155
2442.740 1594.761 2505.660 1635.750 -1.156
227.457 84.168 304.424 138.226 -1.156
120.496 105.071 182.662 152.560 -1.156
1404.052 110.651 1480.042 163.040 -1.156
3.543 369.130 65.709 424.012 -1.156
1.000 413.155 42.230 492.901 -1.157
275.958 300.701 459.261 466.096 -1.157
961.756 1.000 1248.013 215.278 -1.157
189.316 352.626 255.527 403.140 -1.157
1.000 623.741 584.249 1033.295 -1.157
564.850 28.165 647.934 79.161 -1.159
1.000 1740.498 53.929 1779.977 -1.159
62.040 1.000 665.140 445.248 -1.160
2258.822 1818.461 2440.587 1943.761 -1.161
2529.585 1792.495 2590.099 1879.541 -1.161
426.269 389.220 758.383 633.091 -1.161
2333.138 1456.021 2396.703 1490.677 -1.161
2356.682 1330.070 2436.510 1372.318 -1.162
1.000 1.000 2592.000 1944.000 -1.163
