876.497 1092.157 1377.655 1399.848 -0.982
2430.002 569.146 2537.588 631.396 -0.995
2522.930 40.657 2563.849 82.383 -0.995
2050.858 1179.268 2128.747 1234.778 -0.999
1162.703 5.855 1215.986 59.598 -1.021
1349.045 1049.816 1468.647 1108.522 -1.022
2320.888 1318.684 2374.163 1362.289 -1.023
1659.849 482.022 1894.116 581.127 -1.025
825.103 1752.471 896.534 1826.197 -1.029
2054.853 66.400 2134.994 124.109 -1.035
2200.993 1905.074 2254.447 1944.000 -1.040
1607.003 782.294 1664.607 824.131 -1.042
1825.563 1417.518 1887.231 1465.548 -1.042
2271.747 58.606 2325.164 100.450 -1.042
2473.654 1868.620 2573.984 1944.000 -1.044
825.301 1.000 1117.471 173.772 -1.045
7.997 739.506 79.208 782.877 -1.045
1.000 1163.562 178.095 1334.263 -1.047
886.118 1356.498 1142.868 1473.113 -1.048
1048.285 1711.845 1123.712 1781.254 -1.049
2451.430 1365.182 2507.904 1410.959 -1.051
2520.436 1584.047 2583.684 1639.659 -1.051
2407.296 1397.894 2541.897 1471.858 -1.052
2075.636 1901.945 2127.666 1944.000 -1.052
2161.936 1833.058 2272.876 1934.554 -1.054
3.291 497.735 74.766 540.261 -1.054
334.829 1011.258 411.183 1057.468 -1.055
419.496 143.953 481.321 182.561 -1.055
27.181 1356.981 176.336 1414.866 -1.055
1916.308 1089.124 2169.639 1248.682 -1.055
64.726 495.453 133.876 556.818 -1.056
1848.206 1893.234 1923.301 1944.000 -1.058
2485.241 1535.599 2561.726 1590.696 -1.059
514.535 1027.759 580.143 1068.955 -1.059
1572.227 247.022 1663.503 288.005 -1.060
935.093 1003.254 1048.601 1074.241 -1.060
315.101 412.853 382.145 451.043 -1.061
1503.159 1075.603 1670.544 1183.633 -1.061
1722.570 1827.399 1839.411 1901.567 -1.061
9.099 1843.043 88.410 1886.974 -1.061
1880.109 1190.995 1950.961 1260.802 -1.063
