1706.338 1273.816 1925.922 1382.350 -0.981
498.608 1907.747 602.383 1944.000 -1.031
1542.969 1920.217 1731.169 1930.677 -1.034
481.140 11.752 720.225 38.323 -1.037
894.861 1916.916 1007.765 1944.000 -1.039
1524.801 280.955 1831.610 265.408 -1.040
1282.639 1911.695 1573.351 1944.000 -1.042
1002.521 1916.723 1119.593 1936.757 -1.044
1485.987 1917.970 1678.228 1924.693 -1.045
391.958 1899.904 610.027 1944.000 -1.046
1709.314 23.017 1961.482 -17.807 -1.046
1707.411 1925.467 1874.608 1922.778 -1.046
892.172 1906.959 1094.606 1944.000 -1.049
1208.595 1924.781 1311.087 1934.148 -1.049
465.579 1895.097 732.642 1944.000 -1.050
1355.372 1255.735 1511.292 1246.156 -1.051
1189.425 409.000 1378.885 392.437 -1.052
1487.545 1916.189 1732.556 1943.186 -1.053
792.407 657.276 935.118 661.244 -1.054
2137.483 29.867 2457.783 -20.897 -1.054
1182.250 1145.228 1380.826 1152.511 -1.054
294.743 1909.492 469.424 1944.000 -1.056
1182.714 1207.294 1368.764 1218.332 -1.057
939.883 106.498 1362.972 163.158 -1.057
588.621 1058.154 699.358 1083.013 -1.057
271.326 166.368 678.016 272.905 -1.057
1497.490 1273.272 1662.233 1259.006 -1.057
1023.625 1126.937 1459.532 1203.817 -1.058
38.428 1900.258 81.540 1944.000 -1.058
1559.731 1871.428 1955.701 1913.209 -1.059
50.845 1902.430 113.905 1944.000 -1.060
