449.407 725.381 776.181 1059.241 0.780
1498.061 784.145 1904.010 1166.009 0.396
20.632 1125.321 328.156 1429.331 -0.107
1.000 906.877 589.757 1944.000 -0.348
2574.060 375.773 2592.000 410.567 -0.369
2501.146 1823.174 2592.000 1944.000 -0.370
2563.803 45.136 2592.000 108.953 -0.373
2534.727 50.306 2592.000 199.786 -0.374
2443.761 1277.833 2592.000 1891.427 -0.377
2346.852 38.145 2592.000 785.580 -0.391
2150.754 1.000 2592.000 1007.974 -0.394
2192.521 1359.241 2592.000 1944.000 -0.394
1771.269 33.639 2592.000 1944.000 -0.395
1.000 723.431 1027.148 1944.000 -0.398
2568.026 7.708 2592.000 -0.755 -0.402
896.226 1525.000 1757.429 1944.000 -0.410
1.000 1.000 136.592 198.749 -0.413
2564.351 5.228 2592.000 -2.503 -0.437
1.000 1.000 142.939 571.229 -0.438
2571.802 12.441 2592.000 -6.128 -0.446
1.000 44.524 372.408 1365.853 -0.446
2573.253 5.298 2592.000 0.891 -0.448
2578.992 13.271 2592.000 -2.902 -0.450
1082.981 1.000 1595.062 253.418 -0.455
2575.902 6.987 2592.000 -1.172 -0.455
752.401 1.000 1796.250 597.015 -0.464
2577.617 42.331 2592.000 41.234 -0.466
2579.627 206.323 2592.000 204.821 -0.467
2575.071 11.884 2592.000 -1.026 -0.467
2011.287 1.000 2066.127 4.049 -0.467
2569.626 9.134 2592.000 0.010 -0.467
2579.271 137.230 2592.000 129.311 -0.468
2575.997 19.176 2592.000 12.834 -0.468
1.000 1.000 916.343 908.411 -0.470
2068.901 1.000 2119.618 5.010 -0.470
1981.886 1.000 2057.992 27.284 -0.472
2577.467 36.770 2592.000 33.569 -0.476
2579.292 45.739 2592.000 33.076 -0.476
2573.100 36.567 2592.000 31.977 -0.477
1.000 1.000 1186.828 1506.521 -0.478
2579.152 230.860 2592.000 226.502 -0.478
2575.776 79.122 2592.000 73.780 -0.479
2578.770 214.848 2592.000 207.636 -0.480
2568.446 17.399 2592.000 12.130 -0.480
2575.680 141.667 2592.000 139.407 -0.482
2578.329 238.196 2592.000 229.277 -0.486
2581.589 36.726 2592.000 27.811 -0.487
2090.842 1.000 2138.452 15.827 -0.489
2577.855 37.023 2592.000 31.892 -0.490
2579.358 21.708 2592.000 8.315 -0.492
2576.322 16.679 2592.000 11.713 -0.495
2575.079 28.312 2592.000 15.851 -0.499
2579.205 161.261 2592.000 154.072 -0.499
2579.298 75.978 2592.000 64.998 -0.500
2063.821 1.000 2113.210 12.583 -0.500
2578.797 168.509 2592.000 159.499 -0.500
2097.599 1.000 2156.328 22.395 -0.501
2574.004 235.719 2592.000 232.893 -0.503
2573.040 19.928 2592.000 9.924 -0.503
2577.196 67.402 2592.000 66.392 -0.505
2572.714 27.945 2592.000 26.805 -0.505
2579.661 175.312 2592.000 172.430 -0.507
2573.059 229.400 2592.000 224.487 -0.509
2575.105 213.698 2592.000 210.798 -0.510
2575.024 41.896 2592.000 36.204 -0.510
2044.583 1.000 2156.797 25.747 -0.511
2575.594 161.049 2592.000 158.572 -0.512
2575.869 135.508 2592.000 134.338 -0.514
2578.823 130.338 2592.000 119.030 -0.515
2576.668 27.463 2592.000 25.652 -0.515
2570.018 18.176 2592.000 12.033 -0.516
2577.934 247.649 2592.000 242.189 -0.516
2578.757 154.369 2592.000 143.792 -0.519
632.032 1353.382 1981.994 1944.000 -0.521
2579.520 201.304 2592.000 197.700 -0.522
2579.126 269.030 2592.000 266.970 -0.523
2577.125 61.194 2592.000 58.259 -0.524
2575.659 234.512 2592.000 231.465 -0.524
200.952 989.885 2181.245 1944.000 -0.528
2579.630 145.251 2592.000 140.957 -0.528
2574.524 104.602 2592.000 98.354 -0.529
2569.206 29.702 2592.000 13.708 -0.535
2575.077 213.256 2592.000 211.392 -0.536
2577.979 50.075 2592.000 48.181 -0.537
2566.863 26.987 2592.000 16.669 -0.537
2579.324 52.720 2592.000 40.706 -0.537
2580.816 121.480 2592.000 117.641 -0.537
2576.132 209.489 2592.000 208.271 -0.538
2560.327 6.324 2592.000 -0.484 -0.538
2578.620 293.329 2592.000 289.529 -0.542
1995.407 1.000 2103.655 37.049 -0.544
2580.540 103.745 2592.000 97.389 -0.545
2579.707 60.562 2592.000 51.903 -0.546
2579.796 89.256 2592.000 82.888 -0.546
2577.425 318.109 2592.000 312.436 -0.547
2572.592 35.047 2592.000 22.803 -0.547
2570.285 50.753 2592.000 48.036 -0.547
1545.835 1.000 2051.491 226.763 -0.548
2578.805 183.836 2592.000 175.245 -0.549
2414.515 2.887 2467.218 0.544 -0.550
2576.278 76.538 2592.000 69.410 -0.550
2578.719 261.366 2592.000 256.221 -0.553
2578.445 276.671 2592.000 275.396 -0.553
2574.634 48.549 2592.000 41.610 -0.554
2576.196 167.305 2592.000 164.855 -0.554
2570.248 25.606 2592.000 20.692 -0.556
2577.474 324.495 2592.000 320.045 -0.556
2575.005 142.733 2592.000 137.290 -0.556
2579.326 29.639 2592.000 16.861 -0.556
2576.820 82.459 2592.000 79.904 -0.559
2575.586 126.313 2592.000 121.903 -0.560
2363.362 10.629 2404.019 4.368 -0.561
2578.058 433.387 2592.000 432.206 -0.563
2576.073 117.305 2592.000 115.647 -0.564
2573.008 136.730 2592.000 131.323 -0.565
1023.254 1.000 2438.656 874.352 -0.566
2374.117 6.798 2410.699 4.790 -0.567
2531.252 7.695 2584.969 1.482 -0.567
2575.768 86.208 2592.000 83.056 -0.568
2579.787 82.098 2592.000 74.810 -0.569
2559.623 2.394 2592.000 -1.318 -0.570
2574.522 157.506 2592.000 154.548 -0.571
2569.144 33.720 2592.000 28.244 -0.571
2580.004 68.159 2592.000 56.124 -0.571
2574.854 111.011 2592.000 102.534 -0.572
2024.734 1.155 2073.197 -1.366 -0.575
2575.159 196.799 2592.000 194.280 -0.579
2579.215 115.516 2592.000 105.955 -0.580
2563.791 12.310 2592.000 -6.060 -0.582
2577.431 348.348 2592.000 344.358 -0.583
2416.846 13.658 2461.395 -3.762 -0.584
2550.095 6.727 2592.000 0.655 -0.585
2576.617 94.718 2592.000 90.613 -0.586
2419.709 9.505 2463.806 -1.181 -0.589
2541.107 5.295 2586.062 -2.442 -0.590
2566.553 277.784 2592.000 272.993 -0.592
2412.961 8.708 2449.981 -0.667 -0.594
2481.124 10.530 2526.644 -2.202 -0.594
2083.753 15.060 2137.811 13.269 -0.595
2541.168 10.396 2585.435 -5.432 -0.596
2426.438 10.831 2466.512 -0.328 -0.596
2488.989 11.883 2530.342 6.335 -0.602
2347.723 8.972 2389.981 1.028 -0.602
2410.371 4.771 2455.477 -1.862 -0.606
2576.572 120.283 2592.000 116.671 -0.606
1912.507 3.751 1958.076 -1.384 -0.606
2575.769 71.296 2592.000 66.881 -0.608
2569.702 105.178 2592.000 101.339 -0.608
2574.852 163.915 2592.000 158.729 -0.608
2404.657 10.497 2443.272 3.385 -0.612
2575.762 55.969 2592.000 51.134 -0.612
1880.142 4.590 1926.669 1.614 -0.612
2501.754 8.503 2547.994 2.538 -0.613
1749.630 1.000 1798.345 -0.428 -0.613
2576.758 99.906 2592.000 97.764 -0.614
2416.646 6.481 2468.933 -3.187 -0.617
2575.554 37.931 2592.000 36.871 -0.618
2560.550 9.916 2592.000 -2.256 -0.621
2574.564 118.741 2592.000 114.060 -0.621
2369.490 7.317 2413.136 4.740 -0.623
2490.300 12.992 2534.024 -4.676 -0.626
2575.111 182.244 2592.000 179.001 -0.627
2408.388 2.890 2457.645 1.470 -0.627
2404.184 8.881 2447.057 -0.920 -0.634
2429.027 8.992 2475.768 -0.651 -0.635
2476.199 9.466 2516.741 -0.756 -0.636
2409.518 8.879 2455.390 -1.726 -0.636
2556.593 10.186 2592.000 -3.695 -0.637
2257.115 7.030 2301.988 5.265 -0.638
1888.872 1.454 1932.791 -1.534 -0.638
2219.780 6.026 2258.618 -5.144 -0.638
2339.888 1.000 2408.233 -0.744 -0.638
2483.710 4.925 2536.361 -4.585 -0.639
1759.553 1.000 1805.657 -0.594 -0.640
2483.861 6.614 2530.985 -4.672 -0.643
1840.012 4.221 1885.802 1.145 -0.645
2455.254 8.145 2504.748 -1.909 -0.646
2379.207 8.106 2420.438 2.076 -0.646
2266.483 7.116 2308.728 -2.782 -0.646
2239.855 1.000 2302.791 -0.491 -0.647
2076.114 11.096 2133.024 9.985 -0.650
2473.762 6.378 2522.403 -1.349 -0.650
2324.240 8.719 2362.248 3.317 -0.651
2031.863 4.623 2080.917 0.756 -0.653
2545.723 14.573 2590.709 -6.017 -0.653
2426.272 2.655 2477.504 0.593 -0.653
2308.763 8.126 2357.018 -0.799 -0.654
2464.117 9.610 2515.121 -5.492 -0.654
2307.240 6.335 2348.479 -2.727 -0.654
2575.187 142.291 2592.000 138.473 -0.655
2472.964 8.349 2516.681 -2.508 -0.656
2534.451 7.341 2578.211 -0.194 -0.657
2253.273 3.861 2303.700 2.860 -0.662
2291.845 6.379 2334.326 5.095 -0.663
2032.818 6.219 2078.366 2.502 -0.663
2388.628 4.414 2434.818 2.762 -0.665
2507.229 13.293 2546.333 2.860 -0.665
2253.672 6.717 2293.837 2.478 -0.667
2353.275 5.981 2396.938 2.224 -0.667
2574.187 88.656 2592.000 86.882 -0.667
2290.394 4.442 2341.223 1.940 -0.667
2358.219 3.901 2396.085 0.231 -0.668
2470.830 3.343 2532.977 -1.111 -0.668
2155.507 5.839 2197.347 -0.273 -0.669
2562.180 13.665 2592.000 9.657 -0.669
2576.193 63.455 2592.000 61.434 -0.671
2306.857 7.213 2356.989 1.806 -0.673
2204.668 7.688 2244.493 5.839 -0.673
2042.687 4.668 2086.152 -0.184 -0.673
2226.564 7.465 2265.955 4.026 -0.673
2491.279 8.081 2543.645 -4.682 -0.673
2502.376 9.111 2536.327 6.069 -0.674
2285.663 5.744 2328.030 -0.284 -0.674
2546.503 10.393 2592.000 -6.238 -0.675
2127.463 7.842 2171.264 2.668 -0.678
2571.318 100.585 2592.000 97.226 -0.679
2339.565 6.542 2382.809 0.219 -0.679
2122.444 8.617 2162.985 3.888 -0.680
2212.619 7.458 2258.169 -5.478 -0.680
2210.750 8.695 2251.416 -2.746 -0.680
2258.193 7.576 2301.808 -0.457 -0.681
2568.571 118.183 2592.000 112.233 -0.684
2469.662 9.003 2509.877 2.357 -0.684
2571.892 140.406 2592.000 137.096 -0.685
2466.572 1.000 2530.329 -3.743 -0.688
2261.994 1.000 2331.393 -0.980 -0.688
2225.535 4.625 2274.544 2.703 -0.689
2052.625 3.834 2093.094 1.249 -0.693
2433.240 5.663 2489.364 -2.452 -0.693
2313.270 1.000 2383.451 -0.701 -0.694
2436.419 10.767 2485.322 -3.990 -0.695
2482.925 11.138 2523.151 -6.750 -0.695
2222.504 5.715 2270.882 -1.740 -0.697
2397.249 1.658 2456.091 0.287 -0.697
2169.372 6.275 2216.100 1.625 -0.697
2283.351 8.241 2323.673 -1.645 -0.699
2119.719 4.224 2166.374 -2.780 -0.700
2567.544 17.450 2592.000 8.239 -0.700
2115.459 4.611 2155.613 -1.661 -0.701
2462.252 9.807 2504.043 3.925 -0.702
2435.939 8.614 2477.300 0.903 -0.705
2362.074 8.117 2412.088 1.336 -0.709
2531.656 10.530 2575.556 -4.127 -0.709
2207.728 2.985 2254.914 -1.786 -0.711
2474.687 4.013 2530.417 -3.808 -0.711
2385.974 10.785 2425.862 5.957 -0.715
2346.094 3.613 2390.421 -1.069 -0.715
2397.392 11.231 2436.050 8.133 -0.716
2422.382 14.803 2463.418 13.328 -0.717
2525.995 9.163 2570.271 6.990 -0.718
2302.485 1.000 2367.844 -1.998 -0.718
2242.470 7.781 2286.899 0.429 -0.720
2144.536 4.277 2190.914 -2.188 -0.721
2445.688 9.354 2494.477 -0.491 -0.721
1952.534 1.551 1997.091 -0.701 -0.722
2443.795 10.074 2486.569 -0.598 -0.722
2524.105 3.734 2582.674 -0.792 -0.722
2291.445 6.827 2332.675 -2.650 -0.723
2051.008 5.601 2096.192 3.201 -0.723
2567.073 186.477 2592.000 180.848 -0.723
2321.338 1.847 2362.789 -2.342 -0.725
2461.314 13.051 2511.427 -4.997 -0.726
1848.741 1.085 1891.925 -2.003 -0.727
2463.640 5.330 2517.998 -1.639 -0.731
2524.499 10.689 2564.756 -4.514 -0.732
2450.708 10.903 2492.095 -3.881 -0.734
2564.219 26.094 2592.000 13.789 -0.735
2530.472 10.216 2578.225 -2.264 -0.739
2437.679 6.256 2490.598 -1.644 -0.742
2540.979 10.090 2580.550 -2.468 -0.742
2396.365 9.147 2438.897 2.799 -0.743
2492.311 5.085 2550.792 -0.912 -0.748
2567.195 176.079 2592.000 174.768 -0.758
2569.986 30.735 2592.000 23.239 -0.762
2558.943 24.131 2592.000 16.233 -0.769
2426.862 16.435 2470.885 10.861 -0.772
2065.472 13.648 2115.212 11.486 -0.782
2560.808 32.747 2592.000 27.160 -0.791
2498.540 17.410 2545.429 16.276 -0.793
2520.808 13.276 2558.231 10.817 -0.795
795.716 1.000 2592.000 1944.000 -0.802
2562.831 23.330 2592.000 15.805 -0.802
2074.187 12.295 2118.744 8.679 -0.802
2372.790 15.376 2415.444 9.599 -0.803
2415.862 13.240 2449.739 10.798 -0.807
2550.584 16.074 2587.939 12.070 -0.818
2520.155 12.564 2561.142 11.510 -0.837
2490.611 21.162 2532.083 11.040 -0.840
2571.827 37.495 2592.000 31.965 -0.849
2526.908 16.972 2569.053 15.182 -0.852
2474.964 14.262 2516.624 9.054 -0.853
2528.219 12.471 2564.065 9.248 -0.853
2568.766 132.700 2592.000 129.729 -0.855
2378.538 19.005 2423.851 13.417 -0.859
2565.329 30.421 2592.000 24.204 -0.859
2388.974 16.693 2439.159 6.886 -0.860
2300.728 13.927 2340.821 11.304 -0.864
2355.334 16.136 2397.204 13.275 -0.866
2448.645 15.090 2492.099 13.607 -0.867
2348.615 15.485 2389.348 8.203 -0.869
2557.126 292.614 2592.000 290.908 -0.871
2463.636 15.444 2502.167 12.813 -0.873
2451.133 26.564 2508.842 20.098 -0.874
2485.797 18.074 2526.321 9.918 -0.883
2448.257 27.711 2522.992 25.058 -0.886
2562.980 47.847 2592.000 45.925 -0.887
2499.341 18.025 2538.205 7.892 -0.889
2315.706 16.432 2356.887 12.238 -0.895
2386.763 18.921 2430.974 9.368 -0.896
2393.042 16.500 2451.868 4.919 -0.899
2534.446 16.368 2573.729 10.305 -0.902
2565.454 39.776 2592.000 38.531 -0.904
2396.872 18.072 2440.422 13.678 -0.906
2479.395 18.678 2527.086 5.495 -0.908
2566.845 104.405 2592.000 98.095 -0.908
2459.002 29.816 2543.956 26.441 -0.909
2566.351 121.146 2592.000 109.359 -0.911
2446.739 25.454 2498.982 22.724 -0.913
2454.320 28.537 2534.169 27.402 -0.923
2510.296 35.002 2559.206 33.788 -0.927
2020.733 25.340 2058.346 24.072 -0.928
2445.107 25.312 2513.146 20.717 -0.934
2476.673 17.601 2515.505 10.801 -0.937
2572.976 84.443 2592.000 79.336 -0.937
2561.390 121.998 2592.000 118.480 -0.938
2479.415 25.784 2535.171 22.302 -0.944
2452.358 27.677 2508.794 25.031 -0.945
2566.273 110.542 2592.000 107.904 -0.947
2004.732 30.598 2052.761 25.169 -0.952
2570.170 95.761 2592.000 92.545 -0.957
2511.461 36.123 2563.995 26.677 -0.963
1796.243 15.477 1846.908 7.479 -0.965
2569.181 71.094 2592.000 69.558 -0.966
2476.182 23.818 2525.712 21.740 -0.967
2469.214 16.104 2508.676 8.086 -0.968
2561.933 49.542 2592.000 43.903 -0.969
2457.206 30.963 2522.860 28.968 -0.974
2452.377 27.019 2503.751 15.437 -0.975
2439.868 23.698 2514.378 20.795 -0.975
2555.931 228.510 2592.000 225.106 -0.976
2451.715 38.912 2502.623 29.019 -0.979
2200.837 13.451 2268.594 10.301 -0.979
2464.039 26.067 2515.783 24.455 -0.980
2019.193 43.108 2056.651 38.680 -0.982
2020.963 29.058 2058.470 27.000 -0.985
2563.124 198.459 2592.000 197.209 -0.985
2460.442 30.100 2506.172 26.273 -0.987
2558.705 76.751 2592.000 68.087 -0.989
2557.934 251.163 2592.000 249.848 -0.991
2571.003 52.652 2592.000 48.203 -0.992
2503.987 36.853 2557.235 34.342 -0.994
2566.755 189.883 2592.000 183.972 -0.994
2380.819 360.740 2433.961 358.981 -0.995
2457.834 30.537 2523.864 25.522 -0.998
2560.183 100.433 2592.000 98.133 -1.000
2570.683 162.264 2592.000 160.680 -1.000
2554.092 90.186 2592.000 78.260 -1.003
2023.019 18.146 2070.196 16.871 -1.004
2080.106 25.008 2124.820 21.349 -1.004
2384.430 26.116 2431.117 16.727 -1.005
2467.191 30.524 2517.585 28.079 -1.005
2560.887 23.831 2592.000 14.422 -1.006
2454.130 33.431 2498.510 31.111 -1.009
2539.155 25.881 2589.728 18.620 -1.011
2550.395 19.833 2592.000 16.904 -1.011
2560.653 133.038 2592.000 131.650 -1.021
2566.654 173.093 2592.000 161.350 -1.023
2484.905 44.063 2525.051 25.696 -1.023
2560.129 165.786 2592.000 160.982 -1.027
1966.914 75.762 2010.402 70.894 -1.029
941.593 1721.907 897.756 1810.371 -1.031
2455.010 44.025 2518.566 18.551 -1.032
2460.765 35.447 2508.788 23.388 -1.035
1582.906 1579.104 1551.986 1661.921 -1.035
2489.817 41.582 2534.887 29.600 -1.036
2536.262 362.523 2590.031 358.667 -1.037
2534.011 35.572 2590.190 28.750 -1.039
2445.312 28.156 2497.731 21.026 -1.039
2561.315 80.888 2592.000 79.315 -1.039
2517.247 34.972 2566.329 26.848 -1.040
2471.150 46.536 2516.736 33.868 -1.043
2564.940 29.635 2592.000 25.471 -1.044
2555.274 245.571 2592.000 241.430 -1.045
2543.980 22.986 2582.429 19.200 -1.046
2475.133 33.090 2528.064 23.062 -1.047
2477.546 30.432 2525.059 22.943 -1.048
