244.269 1116.008 238.591 1204.171 -0.837
1105.833 1181.918 1690.781 1765.061 -0.840
1.000 1046.799 768.218 1889.028 -0.857
1004.589 635.780 1091.975 752.343 -0.859
2023.988 433.576 2104.215 510.778 -0.879
706.510 1847.200 661.433 1944.000 -0.889
943.726 1160.800 958.849 1250.434 -0.897
970.089 1169.657 984.358 1274.916 -0.904
698.661 448.438 757.923 523.572 -0.908
670.862 748.065 690.853 829.901 -0.909
146.645 16.742 237.473 96.040 -0.909
1594.063 647.141 1653.032 725.209 -0.913
905.250 1101.520 959.331 1232.670 -0.918
1389.676 1758.007 1369.009 1868.456 -0.923
976.498 1154.974 1009.030 1265.044 -0.924
865.920 1714.515 836.619 1821.827 -0.929
1012.047 964.695 1036.448 1065.773 -0.930
654.129 779.393 678.343 853.799 -0.936
806.226 1096.397 1283.039 1494.873 -0.936
748.939 1260.193 1407.252 1925.674 -0.936
1603.780 402.812 1671.713 475.894 -0.938
