95.766 65.032 1263.123 1944.000 -0.624
1867.504 286.060 1993.579 401.577 -0.879
2043.610 1871.879 2114.618 1944.000 -0.927
1690.279 1.000 1762.717 62.932 -0.938
443.150 47.281 2489.090 1905.965 -0.953
2291.017 1869.352 2363.966 1944.000 -1.076
11.691 1887.116 175.440 1944.000 -1.110
1.000 188.158 100.566 247.697 -1.119
1.000 1133.160 109.032 1188.745 -1.128
1207.394 1892.766 1342.844 1944.000 -1.130
2451.475 266.644 2550.501 374.386 -1.160
1515.211 1907.556 1603.172 1944.000 -1.182
4.479 444.116 137.406 524.791 -1.185
1348.204 1911.151 1441.617 1944.000 -1.195
1412.086 1870.353 1577.396 1944.000 -1.197
2449.865 923.044 2555.335 1027.651 -1.199
2495.761 1238.493 2570.735 1325.459 -1.204
2111.153 1883.980 2222.710 1944.000 -1.208
2271.720 1873.304 2420.407 1944.000 -1.212
2420.334 1010.690 2562.856 1139.073 -1.213
545.612 1.000 647.557 70.503 -1.214
1.000 1336.652 168.633 1429.360 -1.230
12.352 366.690 95.870 416.526 -1.233
15.172 1532.096 116.559 1578.144 -1.238
21.055 1704.671 155.490 1774.243 -1.240
1.000 409.594 83.716 479.846 -1.241
1.000 1800.457 143.082 1865.242 -1.242
2475.079 1683.016 2570.055 1764.540 -1.243
2467.698 1521.024 2565.767 1616.661 -1.243
2421.148 1883.789 2539.568 1944.000 -1.248
2467.719 103.520 2554.594 195.694 -1.249
9.970 1230.550 155.943 1366.527 -1.250
