2331.648 515.019 2443.091 607.677 -0.164
2286.483 433.300 2406.085 572.588 -0.180
2263.533 166.550 2440.146 274.570 -0.185
2367.921 496.341 2321.768 670.798 -0.193
19.853 1437.175 191.236 1490.882 -0.228
2308.255 547.566 2432.345 668.839 -0.267
213.214 1387.211 330.400 1503.533 -0.268
2302.377 192.942 2513.157 304.681 -0.295
981.704 1604.071 1070.819 1655.376 -0.300
2028.815 173.997 2262.084 244.573 -0.306
2288.628 504.572 2319.516 642.933 -0.309
351.268 1860.838 613.148 1944.000 -0.315
968.367 1496.602 1189.562 1568.825 -0.321
1356.571 729.169 1527.909 838.232 -0.326
1185.643 903.210 1440.101 976.285 -0.336
992.541 894.692 1154.438 963.371 -0.336
2286.471 505.693 2517.761 587.178 -0.344
1523.343 1892.514 1701.940 1932.497 -0.348
210.850 1644.855 746.297 1911.296 -0.348
41.199 825.155 236.609 896.109 -0.350
2429.187 808.964 2564.352 899.703 -0.356
2338.934 1155.097 2540.071 1330.613 -0.359
32.004 590.987 232.067 672.697 -0.363
2191.574 444.132 2471.683 501.695 -0.374
1233.729 724.785 1462.314 818.142 -0.382
118.730 27.839 235.902 130.620 -0.385
2215.891 952.821 2547.201 1095.694 -0.385
1179.940 1890.112 1378.416 1935.431 -0.387
2440.776 910.124 2569.853 995.099 -0.391
2124.368 203.417 2186.063 294.828 -0.393
2416.740 1538.393 2592.000 1615.593 -0.396
1.000 359.360 188.669 410.227 -0.397
2192.251 1113.950 2461.978 1272.261 -0.398
1353.608 827.266 1473.224 891.781 -0.406
644.633 1889.196 817.647 1944.000 -0.406
70.776 475.040 172.178 565.824 -0.409
2413.631 1397.844 2592.000 1475.371 -0.412
1097.369 22.838 1316.225 85.826 -0.413
1869.140 223.393 1989.911 291.827 -0.414
1862.468 1796.457 2038.091 1851.892 -0.417
361.103 17.542 483.358 90.145 -0.420
2321.824 454.335 2500.036 553.769 -0.420
503.798 477.192 620.132 560.900 -0.420
161.594 1438.884 232.425 1513.881 -0.421
1.000 43.031 300.873 114.909 -0.422
2194.648 499.481 2396.670 600.435 -0.424
1451.092 1690.268 1697.033 1744.724 -0.424
1075.706 817.871 1262.714 875.729 -0.425
1.693 75.918 278.603 168.116 -0.426
1226.945 812.057 1518.999 855.619 -0.429
940.045 1619.789 1158.306 1642.244 -0.430
6.844 1657.878 243.613 1734.237 -0.432
1448.017 1739.262 1672.789 1794.790 -0.435
1058.471 894.545 1240.776 979.141 -0.437
69.464 858.095 280.189 964.548 -0.437
1218.015 1862.625 1440.281 1944.000 -0.437
2237.863 639.771 2502.532 706.011 -0.443
517.150 539.737 642.366 608.676 -0.444
1013.421 803.794 1216.023 891.027 -0.445
1876.173 179.009 1975.917 245.324 -0.447
2301.614 1528.833 2548.890 1587.273 -0.453
2211.566 242.584 2366.454 319.369 -0.456
9.861 327.663 229.077 423.401 -0.458
2242.628 565.128 2501.279 637.367 -0.458
851.465 480.998 1004.207 572.865 -0.459
475.133 335.075 598.429 375.085 -0.464
2269.628 1316.046 2443.191 1381.333 -0.467
266.825 27.025 640.760 158.537 -0.467
2372.760 1354.104 2592.000 1406.596 -0.467
913.686 1883.647 1116.493 1942.343 -0.471
357.645 536.757 447.814 616.758 -0.472
2031.871 848.957 2244.682 962.801 -0.475
63.309 988.745 247.176 1050.074 -0.476
1.000 1846.957 202.186 1899.615 -0.478
1008.938 1556.634 1141.199 1708.127 -0.479
2145.709 281.168 2222.035 327.938 -0.480
688.757 111.987 843.838 170.481 -0.481
314.768 882.787 494.592 964.349 -0.482
274.728 781.255 504.901 877.749 -0.482
1436.689 1880.847 1643.146 1928.754 -0.482
2233.485 1408.472 2592.000 1497.746 -0.483
1355.048 1668.216 1494.971 1743.492 -0.484
2293.404 243.496 2439.600 375.356 -0.485
20.505 938.673 182.218 1022.076 -0.489
1282.386 474.680 1340.652 510.321 -0.489
289.258 294.813 371.743 355.876 -0.493
767.871 65.815 869.402 138.901 -0.495
2344.337 1271.668 2559.952 1393.426 -0.495
1.000 276.459 242.204 355.161 -0.496
1644.277 1777.856 1890.446 1842.207 -0.496
1999.356 799.798 2167.794 882.224 -0.496
2275.762 1486.666 2592.000 1567.514 -0.497
1.000 1523.002 180.785 1604.613 -0.498
490.770 1522.671 701.693 1562.132 -0.498
5.082 1621.177 185.696 1684.319 -0.499
1.000 1858.294 297.278 1921.507 -0.500
2115.092 454.450 2219.073 517.322 -0.500
423.691 1559.848 598.783 1634.396 -0.501
2270.647 793.679 2503.619 900.002 -0.501
484.198 437.940 633.166 650.388 -0.501
98.794 1585.069 322.488 1640.562 -0.502
2340.134 650.653 2412.836 763.037 -0.504
36.686 467.830 264.729 537.957 -0.506
2084.726 775.246 2195.127 843.868 -0.507
2123.083 832.052 2273.101 870.414 -0.509
159.546 930.304 356.836 986.379 -0.510
1379.385 1858.644 1561.622 1902.906 -0.513
2149.826 102.292 2131.055 253.200 -0.517
48.306 155.400 227.169 238.905 -0.517
2341.664 810.602 2568.044 981.893 -0.518
1577.676 1904.554 1827.504 1939.467 -0.518
2381.638 1809.825 2592.000 1847.917 -0.518
2138.433 1072.802 2302.053 1122.580 -0.519
1139.857 860.224 1484.599 969.201 -0.520
2115.943 813.132 2346.097 911.967 -0.520
2178.560 417.510 2484.477 529.697 -0.521
6.638 752.123 178.628 816.396 -0.521
1958.507 144.499 2171.920 220.950 -0.522
2313.264 1063.289 2551.735 1139.165 -0.522
2215.252 1319.090 2582.920 1426.104 -0.523
1755.156 1822.892 1950.775 1894.907 -0.524
1982.345 147.217 2220.520 268.979 -0.524
182.938 1892.696 396.967 1928.858 -0.525
280.061 521.349 475.579 577.785 -0.525
1746.250 1693.474 1873.209 1763.880 -0.527
85.408 549.530 185.427 579.243 -0.529
226.570 861.319 445.199 955.240 -0.529
54.446 1616.814 344.586 1719.434 -0.529
314.338 744.252 470.462 812.129 -0.529
1549.004 867.748 1816.070 936.854 -0.530
97.934 135.811 257.641 315.435 -0.531
2271.721 939.097 2402.405 960.546 -0.531
1030.931 840.814 1251.145 955.245 -0.532
2295.492 675.769 2420.007 782.349 -0.532
14.509 786.848 320.400 843.383 -0.533
2497.222 510.319 2592.000 546.452 -0.536
1361.614 1885.268 1532.965 1939.461 -0.536
720.955 1567.882 889.209 1647.202 -0.536
1051.090 1374.571 1167.231 1393.693 -0.543
1011.128 682.663 1155.939 746.292 -0.545
66.849 1680.763 250.930 1787.580 -0.546
1043.945 4.029 1140.522 82.522 -0.547
588.410 65.606 714.546 136.032 -0.547
16.444 1780.611 243.094 1833.627 -0.547
243.067 700.339 488.098 813.657 -0.549
373.702 131.664 554.208 197.790 -0.549
2182.166 681.514 2391.130 783.074 -0.551
68.746 534.215 200.523 594.088 -0.552
38.459 397.243 148.184 467.792 -0.553
415.275 1581.738 953.553 1919.815 -0.554
1474.251 1655.269 1698.517 1703.723 -0.555
168.856 559.803 249.937 597.779 -0.555
1958.057 921.692 2153.801 987.136 -0.556
2106.585 515.077 2210.519 578.169 -0.556
1335.763 1868.773 1604.079 1927.912 -0.557
813.461 226.481 875.779 294.626 -0.557
857.831 731.051 1040.339 808.199 -0.558
1240.224 811.099 1470.865 907.008 -0.560
1638.283 910.243 1762.711 1007.213 -0.560
855.752 802.555 935.780 831.737 -0.560
163.712 1547.907 382.573 1607.018 -0.562
1683.009 1680.667 1959.700 1767.279 -0.562
1011.866 960.539 1188.464 1051.169 -0.563
1246.848 906.930 1510.041 1026.512 -0.563
97.147 550.045 300.478 618.121 -0.564
1249.884 471.500 1316.491 507.397 -0.566
2114.105 964.389 2292.545 1040.187 -0.567
545.598 39.869 779.682 92.382 -0.568
1924.531 841.726 2336.925 947.352 -0.569
79.717 1775.540 305.003 1872.795 -0.569
110.579 399.064 206.878 479.513 -0.570
2239.433 108.307 2445.966 230.121 -0.571
1659.805 194.027 1798.288 248.156 -0.572
1664.959 998.658 1824.589 1058.330 -0.572
2139.787 754.363 2592.000 897.063 -0.573
1949.153 773.256 2128.776 836.412 -0.573
108.108 23.613 394.382 121.804 -0.574
5.719 1616.959 458.929 1748.935 -0.574
612.350 1514.069 751.820 1549.974 -0.575
2134.118 692.016 2224.941 728.231 -0.575
1230.917 21.638 1420.617 90.320 -0.577
45.255 653.144 251.585 722.722 -0.577
2028.341 752.960 2211.958 877.055 -0.578
1.000 1490.959 240.126 1579.211 -0.578
2336.747 1759.711 2507.812 1804.101 -0.578
2394.876 1095.447 2568.672 1193.472 -0.580
1082.161 1912.385 1211.383 1932.531 -0.581
2131.590 934.497 2314.188 987.648 -0.581
659.728 9.610 833.245 81.053 -0.581
1167.161 1805.913 1368.398 1869.039 -0.581
19.006 228.630 160.529 274.936 -0.582
2113.628 887.487 2522.053 996.665 -0.583
1090.645 733.617 1183.343 820.671 -0.584
933.522 877.561 1128.749 974.374 -0.585
1784.519 155.685 2003.843 239.984 -0.587
521.989 47.679 844.091 124.524 -0.591
1585.096 933.705 1801.956 1055.632 -0.591
2044.653 446.902 2170.683 510.113 -0.591
2191.259 520.467 2528.008 850.881 -0.591
618.918 1495.550 725.610 1583.785 -0.592
13.491 1456.524 215.035 1517.248 -0.592
2394.265 1883.672 2592.000 1930.793 -0.593
828.930 9.980 958.313 88.539 -0.593
1173.545 55.363 1306.801 119.331 -0.593
7.805 1811.751 375.535 1909.903 -0.594
999.315 711.250 1168.546 812.058 -0.596
114.542 275.636 296.790 408.837 -0.597
1.000 865.467 387.039 984.027 -0.597
1845.370 1803.043 2047.130 1893.264 -0.598
308.401 1585.104 503.812 1643.005 -0.600
1136.037 762.202 1276.374 829.995 -0.602
53.029 703.638 203.182 799.270 -0.603
805.680 481.831 895.069 577.385 -0.603
672.547 1385.141 884.204 1631.387 -0.603
53.858 513.951 260.058 564.035 -0.605
256.702 221.021 358.162 243.955 -0.610
2026.594 1001.541 2209.563 1056.532 -0.612
2268.909 347.131 2522.868 446.251 -0.613
2073.147 809.100 2484.865 1027.528 -0.613
772.157 467.645 1047.097 532.528 -0.613
107.353 924.540 233.987 1063.239 -0.617
643.578 145.835 710.730 184.051 -0.620
1785.919 1783.130 2017.455 1823.864 -0.621
1010.749 1878.011 1242.391 1911.154 -0.621
1109.497 790.670 1422.265 909.149 -0.621
98.448 1537.253 496.479 1944.000 -0.622
756.359 351.068 818.175 424.311 -0.625
2317.830 1019.254 2517.250 1187.744 -0.625
193.957 807.081 350.019 910.510 -0.625
2162.422 141.617 2300.844 273.334 -0.626
1350.011 22.550 1507.533 95.268 -0.626
1717.611 261.896 1795.174 286.436 -0.627
1061.622 919.009 1200.918 1087.446 -0.628
463.173 1394.453 533.789 1488.371 -0.630
470.123 822.848 746.590 855.556 -0.631
179.730 516.559 346.148 580.552 -0.631
2439.919 1774.136 2578.051 1831.755 -0.633
729.518 74.964 902.435 153.308 -0.634
2093.711 1031.886 2297.659 1091.032 -0.634
1113.324 1854.202 1502.898 1917.724 -0.634
1762.547 223.141 1849.543 260.218 -0.634
775.523 829.459 844.139 865.611 -0.637
560.586 1334.281 934.730 1623.494 -0.637
631.365 287.261 738.199 329.535 -0.637
1.000 392.017 232.848 455.190 -0.638
2085.365 439.191 2254.375 494.460 -0.638
1105.410 1402.873 1242.135 1419.666 -0.639
1585.820 8.905 1675.869 99.087 -0.641
1518.732 886.473 1777.178 988.425 -0.641
1094.439 1285.030 1213.573 1314.897 -0.641
1926.341 783.454 2260.798 893.335 -0.642
567.693 285.469 727.301 346.764 -0.643
65.090 1.000 331.742 169.393 -0.643
817.603 504.924 933.387 603.653 -0.645
2254.038 1470.818 2592.000 1637.857 -0.649
2175.906 1271.730 2489.780 1379.462 -0.650
1340.462 10.401 1452.666 36.012 -0.650
1126.652 1398.417 1252.323 1435.587 -0.651
1025.933 1378.360 1132.789 1411.764 -0.652
1.000 1000.026 147.124 1069.797 -0.652
2155.484 97.208 2145.550 256.452 -0.653
1102.071 817.194 1420.697 1010.276 -0.654
626.782 361.681 722.097 381.487 -0.654
935.408 1646.596 986.803 1701.862 -0.654
933.284 11.248 1087.310 88.071 -0.656
1222.049 426.517 1358.418 511.212 -0.656
991.135 801.611 1193.799 1018.282 -0.657
760.701 20.677 988.005 102.235 -0.659
2260.289 1034.685 2592.000 1443.173 -0.659
131.063 491.360 306.205 566.466 -0.659
1404.246 1709.381 1614.100 1767.024 -0.659
908.787 815.509 987.222 840.533 -0.660
1634.761 690.325 1739.230 789.801 -0.663
1661.895 13.612 1794.731 79.361 -0.663
737.869 686.890 853.253 710.330 -0.664
929.027 1627.230 1010.991 1710.254 -0.666
965.745 1470.719 1238.820 1524.494 -0.666
84.564 571.132 315.376 659.615 -0.666
1400.569 1766.207 1492.090 1795.360 -0.667
2041.021 706.906 2177.906 777.531 -0.668
1856.073 1745.047 2023.763 1815.194 -0.668
334.410 120.216 404.849 200.693 -0.669
1966.592 736.438 2092.908 797.501 -0.670
46.478 739.304 257.890 826.627 -0.671
2244.096 361.666 2526.887 619.159 -0.672
1504.637 1765.848 1658.989 1832.442 -0.675
698.228 1257.869 824.207 1323.252 -0.675
1443.967 10.037 1601.669 85.361 -0.675
1964.741 934.051 2530.202 1076.409 -0.676
257.258 799.487 507.440 956.448 -0.677
545.025 815.511 654.137 884.158 -0.678
723.672 839.181 816.607 866.975 -0.678
1404.114 470.238 1502.285 513.183 -0.679
193.245 500.676 459.335 576.199 -0.679
1016.383 584.737 1047.846 630.541 -0.680
1.000 525.019 299.056 598.899 -0.680
2102.250 544.248 2219.616 606.484 -0.681
2510.849 414.721 2555.275 440.507 -0.682
1248.739 1762.614 1347.457 1938.376 -0.683
41.509 247.111 364.984 316.517 -0.683
606.543 99.334 766.021 192.104 -0.683
2328.909 1849.673 2565.187 1895.305 -0.683
1965.622 736.080 2283.186 792.297 -0.684
2398.097 1768.424 2576.385 1944.000 -0.685
1004.842 568.720 1064.602 642.474 -0.685
386.875 530.347 564.600 587.624 -0.686
2083.200 253.210 2223.435 331.956 -0.686
1558.646 1863.313 1747.407 1944.000 -0.687
216.404 951.656 347.748 1031.455 -0.687
1019.920 12.349 1204.837 91.699 -0.688
373.072 1343.680 623.568 1481.898 -0.688
459.867 1494.966 614.985 1572.901 -0.688
2150.758 108.575 2283.822 170.642 -0.689
1169.504 696.390 1554.834 818.678 -0.690
1736.690 1555.670 1833.589 1577.247 -0.690
2067.317 1754.280 2176.093 1765.052 -0.693
2066.879 558.759 2266.737 617.637 -0.694
707.369 821.209 820.896 852.682 -0.694
1465.975 1846.398 1631.064 1891.779 -0.696
1906.510 1563.242 2018.768 1598.456 -0.697
577.815 338.704 705.156 375.811 -0.697
742.835 705.148 969.264 789.544 -0.697
473.558 245.214 640.378 414.547 -0.699
1246.861 1689.876 1531.041 1740.603 -0.699
88.352 426.767 292.280 494.218 -0.699
1785.621 1772.972 1993.017 1867.006 -0.701
1803.544 235.637 1965.932 304.074 -0.701
2215.590 65.371 2521.891 397.839 -0.702
2269.772 1668.864 2435.592 1726.334 -0.702
82.074 415.729 337.069 527.541 -0.702
648.312 1240.153 824.818 1292.560 -0.703
1069.276 721.903 1282.050 836.055 -0.703
1315.105 804.120 1537.477 951.686 -0.704
1.657 1406.275 202.672 1457.137 -0.704
458.565 829.820 726.066 881.873 -0.705
1403.062 447.165 1528.929 517.001 -0.707
875.164 216.876 951.897 328.393 -0.707
982.288 1281.257 1245.250 1343.162 -0.707
1022.967 1324.008 1185.345 1365.924 -0.708
2034.382 654.439 2129.412 790.719 -0.709
1581.271 697.305 1794.501 787.124 -0.711
868.866 813.202 1026.486 842.474 -0.711
924.415 1571.065 980.966 1650.261 -0.711
217.080 270.118 391.966 350.481 -0.711
2083.415 668.889 2212.866 734.118 -0.712
1657.526 479.589 1747.099 510.622 -0.713
1189.721 1641.285 1240.085 1707.714 -0.713
1152.202 1379.517 1238.061 1456.461 -0.715
2489.257 684.999 2570.056 718.442 -0.716
2507.387 50.043 2571.279 72.984 -0.716
1038.150 1349.319 1147.541 1428.281 -0.717
766.509 495.034 898.200 619.220 -0.718
1899.519 840.390 2193.163 1088.378 -0.718
1127.667 1355.414 1235.666 1499.839 -0.721
1769.263 1923.091 1923.748 1933.121 -0.721
854.606 1847.037 1035.262 1944.000 -0.722
1788.792 28.635 1849.936 62.863 -0.722
732.706 295.914 831.275 346.336 -0.722
1328.244 1588.770 1529.885 1780.799 -0.722
2094.537 1049.787 2220.534 1136.037 -0.723
518.866 1903.189 725.139 1944.000 -0.724
986.423 597.223 1154.391 658.616 -0.724
1648.853 1381.150 1745.278 1410.155 -0.727
1431.683 1828.586 1680.912 1922.721 -0.728
355.550 1534.340 637.726 1638.801 -0.728
1454.894 1925.752 1618.026 1924.566 -0.729
1892.533 1520.100 1994.050 1605.304 -0.729
8.717 1739.323 172.073 1804.034 -0.730
2507.518 489.733 2587.432 521.769 -0.730
524.062 100.646 514.471 200.836 -0.731
2102.079 1765.168 2232.588 1828.181 -0.731
1290.258 8.341 1538.340 59.769 -0.732
1479.099 206.203 1548.341 252.980 -0.733
837.116 714.732 1129.890 790.724 -0.734
1170.307 34.830 1396.763 127.151 -0.734
2079.824 95.146 2029.592 255.506 -0.736
2337.056 1695.407 2587.438 1728.591 -0.736
31.759 1556.992 850.197 1836.639 -0.737
1919.728 247.481 2011.309 319.331 -0.737
1304.146 190.400 1302.075 234.224 -0.738
884.168 1523.662 1192.402 1591.529 -0.738
488.809 136.868 630.620 206.015 -0.739
2062.502 372.033 2254.280 566.413 -0.740
2168.030 8.083 2215.569 39.119 -0.740
1828.953 115.918 2006.684 291.448 -0.740
554.103 1228.655 811.715 1307.925 -0.741
19.657 26.415 540.431 175.575 -0.743
847.294 71.025 945.114 166.812 -0.743
793.798 778.308 905.266 804.030 -0.743
1690.604 405.244 1784.222 533.299 -0.744
930.466 784.427 1043.695 857.554 -0.744
2489.976 149.129 2565.723 174.562 -0.745
499.296 1246.011 550.338 1300.075 -0.745
152.649 356.013 303.730 474.444 -0.746
1372.725 435.881 1584.387 482.509 -0.748
840.796 798.417 1025.598 867.888 -0.748
1715.582 1699.507 2018.037 1809.865 -0.748
1640.885 444.209 1727.369 518.673 -0.749
2109.376 586.854 2183.525 696.912 -0.749
2116.641 1878.431 2279.883 1911.166 -0.749
1783.532 1855.623 2057.511 1920.329 -0.749
415.022 420.437 689.678 672.164 -0.750
1020.621 1369.571 1262.205 1417.307 -0.751
1470.049 162.987 1572.557 224.019 -0.751
1783.299 1929.483 1899.962 1944.000 -0.752
1842.365 26.535 1909.799 51.578 -0.753
1693.627 1549.266 1827.449 1562.768 -0.757
1881.622 1385.420 1998.156 1455.737 -0.758
2005.425 536.987 2188.452 583.368 -0.758
63.105 426.839 465.634 584.416 -0.758
1354.404 1368.769 1459.307 1408.856 -0.759
294.473 299.700 460.629 367.428 -0.759
594.726 676.425 673.992 774.527 -0.760
1731.155 208.283 1820.960 278.079 -0.762
1387.971 174.451 1504.342 246.058 -0.762
1042.257 1265.510 1177.967 1404.559 -0.763
2495.724 721.988 2592.000 750.778 -0.764
1057.144 746.070 1494.942 931.760 -0.764
24.371 1007.086 214.107 1096.118 -0.764
987.974 1199.555 1185.304 1293.576 -0.765
1627.119 1591.040 1918.487 1844.341 -0.767
1.000 626.148 165.439 704.389 -0.767
2526.659 408.782 2571.999 430.385 -0.768
2161.135 759.111 2556.656 1190.895 -0.769
640.754 1128.259 750.687 1147.455 -0.771
2061.894 28.625 2094.952 53.623 -0.771
2507.630 373.321 2592.000 490.153 -0.773
2089.867 1445.878 2495.419 1576.550 -0.773
1226.376 1729.237 1418.479 1944.000 -0.773
944.000 1338.644 1121.275 1481.721 -0.774
1855.180 7.558 1931.811 49.218 -0.774
2259.857 1754.018 2592.000 1805.916 -0.775
1439.969 203.608 1535.193 283.193 -0.776
72.330 1430.186 298.201 1520.811 -0.776
1724.406 396.766 1815.153 572.913 -0.777
1600.688 188.156 1658.337 230.536 -0.777
593.893 329.448 754.852 394.629 -0.777
298.683 120.713 463.527 239.000 -0.778
1711.878 200.025 1912.075 263.645 -0.778
1792.847 1536.380 1936.702 1553.197 -0.778
2032.038 1754.975 2212.203 1806.155 -0.779
1146.984 1685.450 1286.817 1704.178 -0.779
914.758 1242.756 1221.814 1395.983 -0.779
12.158 673.197 289.182 768.594 -0.780
683.783 813.253 871.718 832.751 -0.780
138.251 1399.910 382.502 1449.625 -0.781
1546.164 20.860 1748.851 72.149 -0.782
1869.740 2.325 1868.604 56.872 -0.787
2042.676 1904.550 2167.895 1916.670 -0.788
1556.092 183.884 1700.677 212.085 -0.789
2483.335 644.159 2591.608 665.845 -0.790
1607.131 425.859 1799.467 491.744 -0.791
1478.953 1684.843 1600.803 1810.176 -0.792
862.576 800.978 1103.155 1041.941 -0.793
2099.831 244.490 2252.182 408.936 -0.794
806.547 215.304 904.096 312.981 -0.794
736.941 234.966 802.827 336.591 -0.795
1117.700 1586.383 1174.932 1674.019 -0.795
1771.855 19.573 1820.731 52.569 -0.795
1046.062 422.707 1115.368 510.597 -0.797
1.000 1405.219 744.084 1944.000 -0.797
1704.720 1896.248 1913.480 1927.460 -0.797
1743.298 276.313 1793.505 312.231 -0.801
1639.918 1380.899 1829.772 1430.097 -0.801
284.811 562.171 412.967 616.370 -0.801
1963.407 697.673 2207.634 750.511 -0.801
437.181 1316.110 541.277 1355.929 -0.803
2068.803 1746.735 2186.427 1760.960 -0.804
1428.470 1794.296 1559.258 1859.762 -0.804
2215.394 104.691 2194.508 226.830 -0.804
1833.324 747.818 2110.191 860.138 -0.805
2523.586 167.323 2568.417 218.019 -0.805
966.048 1837.219 1093.016 1852.021 -0.806
636.427 71.679 840.805 183.134 -0.806
2118.061 1774.723 2237.639 1929.284 -0.806
1015.549 1899.624 1216.588 1944.000 -0.808
2493.398 1728.388 2590.311 1750.404 -0.811
796.887 749.229 965.010 832.894 -0.813
1104.253 503.625 1176.072 522.070 -0.813
1583.911 200.410 1699.195 234.951 -0.814
2506.134 658.186 2567.493 683.538 -0.815
1469.534 1921.145 1574.007 1944.000 -0.815
1615.623 188.210 1762.586 271.309 -0.816
2485.817 132.642 2580.820 154.861 -0.817
1067.502 14.125 1280.425 135.662 -0.817
877.850 277.487 1026.628 344.071 -0.818
293.447 220.382 331.499 272.526 -0.818
2361.018 1717.712 2592.000 1744.993 -0.818
982.532 113.741 1036.927 164.404 -0.818
869.236 57.669 860.894 137.535 -0.822
2507.649 191.359 2592.000 319.310 -0.822
1117.860 465.207 1171.073 491.004 -0.822
485.133 7.272 509.999 43.478 -0.823
1824.744 1415.744 1914.192 1441.738 -0.823
2488.622 550.465 2592.000 588.901 -0.823
1220.626 2.575 1306.662 34.931 -0.823
1672.582 1832.963 1797.200 1900.014 -0.824
1357.714 1168.178 1513.613 1228.815 -0.824
1776.197 1421.349 1895.066 1445.821 -0.825
1721.568 895.847 1847.448 959.428 -0.826
1700.990 1500.852 1792.963 1519.180 -0.827
2304.086 1705.045 2479.108 1878.552 -0.827
1302.554 194.803 1357.417 219.230 -0.827
2126.367 1.000 2174.894 79.682 -0.827
1887.097 15.711 1953.760 82.286 -0.828
1655.598 1544.704 1818.094 1554.057 -0.828
1571.977 167.261 1689.612 246.406 -0.829
484.167 79.810 700.788 209.064 -0.830
1729.358 13.891 1868.669 65.330 -0.830
799.644 724.332 1039.957 848.363 -0.830
1.000 198.739 174.557 269.357 -0.831
699.897 686.850 848.469 734.179 -0.831
2269.854 1886.718 2379.735 1901.868 -0.832
325.918 356.892 355.561 396.918 -0.833
962.843 1163.291 1175.733 1222.650 -0.835
775.861 811.862 1382.223 993.098 -0.836
388.317 16.709 797.916 191.312 -0.836
1233.139 4.831 1228.205 64.756 -0.838
674.129 808.772 831.315 846.686 -0.838
2267.728 1910.923 2385.824 1926.794 -0.839
972.615 1860.557 1175.794 1936.805 -0.839
1868.202 1651.509 1972.194 1665.536 -0.839
1716.020 1825.812 2080.033 1904.838 -0.840
900.264 449.675 1083.147 560.774 -0.840
1313.875 333.771 2153.634 808.638 -0.840
2052.178 1278.436 2126.966 1309.631 -0.842
2514.047 73.872 2592.000 226.990 -0.843
798.127 336.528 967.950 384.325 -0.843
1739.519 1401.842 1851.833 1448.283 -0.844
1810.882 1406.683 1948.575 1430.597 -0.844
21.437 775.820 214.753 941.331 -0.844
2059.428 15.480 2071.709 47.741 -0.844
1432.459 190.295 1589.877 240.023 -0.845
1767.542 1532.769 1851.474 1564.957 -0.846
672.354 38.299 930.248 145.520 -0.848
749.579 1251.562 889.875 1305.272 -0.849
2547.532 508.914 2540.091 575.699 -0.850
756.361 431.328 939.135 496.041 -0.851
1356.350 1810.418 1488.907 1828.161 -0.851
1369.619 1320.443 1496.288 1477.249 -0.852
1056.736 1395.798 1290.532 1442.091 -0.854
2313.678 216.168 2293.706 266.832 -0.855
385.158 1249.989 521.511 1368.450 -0.856
766.590 242.773 943.160 325.528 -0.857
1691.476 889.289 1888.497 1004.207 -0.857
1508.604 1007.498 1599.082 1053.217 -0.859
1753.695 264.397 1835.747 294.749 -0.859
1693.152 259.778 1744.121 304.253 -0.859
971.743 257.546 1704.357 790.828 -0.860
678.764 701.226 718.360 739.321 -0.861
2283.065 1926.607 2381.308 1938.897 -0.861
2054.118 1203.002 2121.750 1230.999 -0.861
580.482 922.849 684.206 953.500 -0.862
2034.016 92.203 2044.771 125.187 -0.862
1350.544 1827.293 1502.581 1839.169 -0.863
344.669 725.551 540.759 863.352 -0.863
103.293 754.762 471.482 834.242 -0.864
1781.698 1535.007 1912.719 1574.514 -0.864
1890.323 1655.635 2017.180 1730.222 -0.865
2412.474 1707.035 2589.411 1762.803 -0.865
1619.720 1312.244 1662.258 1400.054 -0.868
1535.039 142.569 1678.772 309.794 -0.868
2479.758 57.476 2550.036 85.424 -0.869
55.774 111.271 53.528 157.489 -0.869
999.250 1824.571 1095.584 1841.664 -0.870
1853.394 1338.565 1981.010 1485.344 -0.870
1972.158 1192.283 2092.965 1216.529 -0.871
747.567 777.250 787.374 809.794 -0.871
1216.483 1679.606 1358.920 1685.217 -0.871
1804.603 1921.861 1942.785 1941.577 -0.872
574.742 898.154 673.173 959.655 -0.872
2247.889 96.500 2184.857 279.457 -0.873
864.450 373.405 921.485 400.815 -0.874
2181.488 221.381 2168.539 321.812 -0.875
1752.421 1383.133 2009.507 1418.046 -0.876
1980.519 707.927 2367.092 1104.339 -0.876
166.110 235.268 425.353 345.453 -0.876
142.333 320.339 384.660 456.063 -0.879
457.817 1205.982 605.783 1362.939 -0.879
1812.686 1525.258 2070.253 1564.195 -0.880
1847.013 612.017 2483.918 1136.987 -0.880
777.944 543.890 1022.246 595.229 -0.880
487.928 688.178 568.999 766.295 -0.881
1.000 936.479 271.999 1037.306 -0.881
1005.871 113.610 1082.128 156.966 -0.881
1278.535 198.525 1334.882 229.019 -0.882
2278.125 1889.723 2419.954 1943.840 -0.883
489.290 791.654 664.002 858.113 -0.883
280.509 767.964 526.507 1078.780 -0.884
2555.498 165.956 2546.091 209.295 -0.885
2052.923 1898.777 2177.584 1909.766 -0.887
2063.115 315.789 2079.981 347.612 -0.887
2180.182 80.679 2111.999 282.702 -0.887
1236.038 974.039 1310.288 1068.834 -0.888
1942.709 1157.249 2124.171 1204.978 -0.889
2031.931 1861.623 2099.242 1944.000 -0.889
659.507 484.224 722.284 567.501 -0.889
1480.137 942.525 1651.179 1016.333 -0.891
535.181 708.032 631.880 733.085 -0.892
524.532 850.009 686.230 916.612 -0.892
128.528 645.398 120.274 717.843 -0.892
1276.392 1372.963 1375.424 1389.908 -0.894
1713.452 136.749 1800.673 226.783 -0.895
2235.613 107.096 2226.621 268.811 -0.895
2486.775 470.964 2570.042 519.055 -0.895
2502.500 662.401 2563.680 705.790 -0.896
1524.086 1847.187 1855.149 1908.343 -0.897
617.276 235.590 750.204 353.330 -0.897
271.762 1207.524 373.106 1233.529 -0.897
1.000 556.116 243.047 756.470 -0.897
644.558 58.394 642.319 110.719 -0.899
856.316 423.451 1024.109 490.507 -0.900
667.599 1136.678 772.228 1160.436 -0.901
2199.907 1899.814 2284.885 1922.449 -0.901
1706.415 270.282 1798.934 301.411 -0.901
60.674 8.743 357.560 309.031 -0.902
1689.687 1530.319 1785.783 1571.028 -0.902
1657.905 140.151 1812.720 278.778 -0.902
2477.829 703.984 2590.447 726.842 -0.902
2449.794 196.636 2433.529 263.062 -0.902
1846.335 10.835 1896.792 90.920 -0.903
698.681 227.204 870.183 386.097 -0.904
1221.117 945.631 1340.086 1083.444 -0.904
2431.928 1813.683 2592.000 1810.445 -0.905
2400.640 1306.722 2592.000 1586.613 -0.905
1635.755 1491.223 2072.575 1944.000 -0.905
54.407 247.289 356.955 410.242 -0.907
2468.378 691.638 2590.555 736.840 -0.907
1242.616 187.014 1366.856 215.708 -0.908
56.904 747.895 328.219 891.110 -0.909
496.530 879.472 702.018 950.873 -0.909
529.352 989.868 623.174 1015.565 -0.909
847.820 202.434 1038.155 253.593 -0.911
1328.776 1832.067 1530.596 1882.785 -0.911
2076.848 1190.632 2182.495 1212.218 -0.911
890.389 1535.084 1010.490 1665.994 -0.913
854.467 219.889 1016.578 288.400 -0.914
914.112 756.175 1173.279 846.194 -0.915
1249.846 1354.997 1530.570 1387.613 -0.916
2248.898 5.191 2404.906 88.253 -0.916
883.530 665.790 1004.512 745.644 -0.916
2145.134 1892.776 2325.074 1935.945 -0.918
1342.609 1023.031 1500.906 1044.349 -0.918
2028.626 100.766 2168.555 163.786 -0.920
893.865 361.492 898.476 437.148 -0.922
2478.457 364.210 2592.000 562.999 -0.922
537.218 687.430 638.183 760.968 -0.924
864.349 9.106 1026.455 203.016 -0.924
2.517 1127.455 68.864 1190.446 -0.927
2006.358 90.220 2032.970 124.050 -0.927
1698.956 133.098 1935.735 234.799 -0.928
709.057 668.417 931.282 739.809 -0.928
1948.890 11.099 1968.886 54.279 -0.929
2117.785 1763.181 2333.447 1944.000 -0.929
2291.096 1815.244 2403.437 1944.000 -0.929
509.249 657.564 596.421 763.910 -0.930
1308.561 1178.058 1393.160 1247.499 -0.932
1610.277 803.123 1669.212 964.983 -0.933
1144.532 1679.439 1297.061 1728.050 -0.934
854.897 207.997 995.406 354.020 -0.935
662.728 1295.577 911.083 1356.166 -0.935
1327.766 1798.146 1594.430 1850.175 -0.936
295.485 1267.165 420.789 1339.457 -0.937
1161.635 1788.226 1255.494 1816.091 -0.937
979.569 1132.769 1053.246 1169.872 -0.939
661.318 678.920 709.110 765.129 -0.939
1984.753 5.938 1983.605 47.759 -0.941
710.662 775.211 772.071 798.862 -0.942
1140.027 1567.531 1609.445 1698.707 -0.944
1283.282 1282.933 1544.820 1453.699 -0.944
1409.006 155.676 1535.908 279.252 -0.945
2299.470 229.031 2291.010 416.508 -0.946
1326.123 1.000 1483.776 139.198 -0.946
238.680 1141.601 287.571 1177.090 -0.947
2502.494 473.862 2592.000 664.267 -0.950
976.350 1840.095 1076.920 1867.597 -0.951
1219.473 178.415 1377.326 236.766 -0.953
2523.871 309.572 2541.674 353.488 -0.953
1099.283 60.861 1096.857 120.922 -0.953
1.000 303.650 358.727 592.501 -0.955
1119.635 1772.546 1290.822 1845.039 -0.956
2336.917 1615.950 2592.000 1938.069 -0.957
719.073 1227.344 875.646 1329.898 -0.957
1001.299 61.666 1108.758 129.468 -0.958
304.058 613.027 363.221 647.916 -0.958
365.382 250.045 477.697 360.653 -0.959
2055.107 196.837 2051.276 248.319 -0.959
1130.844 806.517 1503.579 1107.939 -0.959
601.264 30.015 595.730 87.992 -0.960
412.139 650.078 496.319 728.920 -0.962
2124.280 75.125 2265.499 200.152 -0.963
631.336 1202.105 778.570 1218.389 -0.965
1519.690 199.298 1842.236 240.531 -0.965
2404.062 247.981 2387.359 301.947 -0.967
214.985 291.860 522.872 377.595 -0.967
2212.628 1644.365 2281.652 1745.230 -0.968
694.440 17.645 682.887 94.050 -0.969
2341.140 207.743 2296.375 273.048 -0.971
2179.523 1720.093 2416.612 1761.243 -0.972
2531.590 36.317 2546.404 95.805 -0.972
895.697 1600.240 1019.888 1729.667 -0.972
440.043 164.702 528.572 233.621 -0.973
1792.519 14.808 1914.743 82.998 -0.973
1693.356 204.206 1871.090 355.986 -0.974
1526.050 984.918 1642.237 1059.388 -0.974
2193.606 216.224 2185.360 250.184 -0.975
1.000 1104.043 201.340 1146.711 -0.975
2184.033 217.909 2177.930 256.905 -0.976
1773.830 112.460 2069.432 361.248 -0.977
70.034 1126.511 143.060 1170.384 -0.977
1421.117 1742.123 1581.058 1944.000 -0.977
2393.938 265.370 2388.351 302.730 -0.978
809.280 439.693 935.397 573.269 -0.978
1730.885 1402.481 1950.061 1457.288 -0.979
1658.677 23.579 1655.227 84.707 -0.981
967.960 1024.510 1049.757 1071.848 -0.982
917.235 1176.202 1077.461 1249.095 -0.984
2026.108 1267.334 2104.533 1320.417 -0.984
853.207 50.934 839.095 135.321 -0.985
1657.314 820.290 1833.116 989.420 -0.986
72.826 725.539 479.600 916.349 -0.986
2254.032 1646.804 2354.396 1660.825 -0.986
982.067 152.768 1079.693 174.479 -0.989
1034.643 1712.949 1123.544 1756.644 -0.989
1495.527 134.123 1575.004 182.766 -0.992
898.389 1193.213 1293.621 1260.682 -0.993
270.226 1213.031 388.855 1249.116 -0.994
149.003 1371.002 229.103 1425.650 -0.994
2476.057 204.251 2473.981 263.228 -0.994
830.239 353.698 896.255 438.557 -0.995
934.626 1825.519 1087.675 1882.990 -0.997
2246.319 1255.198 2592.000 1693.868 -0.997
1000.400 1381.772 1246.936 1468.821 -0.998
314.799 1334.458 400.031 1384.153 -0.999
507.873 235.917 809.107 312.755 -1.000
2355.740 448.779 2348.928 493.712 -1.001
2028.883 1816.928 2189.764 1869.723 -1.001
519.028 676.547 697.023 743.785 -1.001
2557.781 542.208 2536.790 604.525 -1.001
1536.013 29.466 1631.184 107.709 -1.001
2444.880 107.442 2431.926 149.138 -1.002
1082.088 1521.535 1248.144 1640.003 -1.004
361.251 641.233 511.992 779.447 -1.005
896.453 1829.179 1158.946 1898.229 -1.005
1574.608 799.561 1725.605 922.733 -1.005
883.923 1466.365 1126.708 1604.606 -1.007
2510.576 647.594 2592.000 693.784 -1.008
2068.421 39.443 2156.127 109.988 -1.008
672.138 9.306 666.517 94.200 -1.008
1554.232 1359.467 1657.308 1376.661 -1.008
1538.441 54.125 1521.785 95.211 -1.009
1.000 1205.035 54.637 1246.589 -1.009
980.187 747.253 1360.602 1132.733 -1.009
485.663 936.304 584.752 963.325 -1.009
457.865 665.387 647.412 758.942 -1.010
1805.762 1349.818 1888.304 1439.250 -1.011
2025.891 13.878 2083.837 36.044 -1.011
2100.634 423.069 2083.691 470.933 -1.013
1410.311 902.569 1691.245 1013.814 -1.013
317.506 547.552 467.578 642.224 -1.014
1987.453 91.559 2039.612 129.701 -1.015
760.108 83.899 757.322 170.327 -1.015
721.608 880.198 795.084 916.198 -1.016
57.017 1294.844 174.184 1324.699 -1.017
204.444 8.449 199.848 70.768 -1.019
1935.275 1322.932 2067.935 1466.273 -1.019
95.830 922.637 347.345 1071.657 -1.019
693.791 788.989 803.898 806.143 -1.021
1259.381 1494.509 1341.960 1540.816 -1.021
1254.622 1182.617 1440.627 1222.437 -1.021
1737.749 1051.965 1806.714 1082.861 -1.021
984.293 1748.122 1059.562 1787.606 -1.021
1489.490 76.922 1524.215 104.857 -1.022
561.408 241.385 717.694 406.105 -1.022
1733.507 534.075 2592.000 1364.599 -1.022
2014.213 227.802 2206.312 321.761 -1.023
1666.995 1047.623 1722.347 1075.510 -1.023
625.940 386.495 706.291 435.109 -1.024
684.574 1.000 886.838 219.785 -1.025
1036.696 1153.280 1254.624 1354.625 -1.026
650.136 338.063 821.223 429.061 -1.026
1566.544 1393.718 1802.545 1536.270 -1.027
1520.210 869.738 1574.360 899.609 -1.028
1841.477 17.149 2000.443 54.438 -1.030
932.605 209.527 925.580 339.363 -1.030
1573.423 1342.689 1658.056 1391.704 -1.031
2281.520 1855.635 2448.184 1853.052 -1.031
252.840 17.516 250.671 79.189 -1.033
264.937 1195.731 387.381 1222.928 -1.034
312.261 1326.719 421.689 1429.517 -1.034
288.686 620.379 520.675 807.535 -1.036
1573.404 1538.301 1684.400 1608.441 -1.037
1487.390 10.445 1468.077 59.389 -1.037
2107.210 112.971 2259.940 307.011 -1.037
490.552 954.197 659.683 1049.591 -1.037
219.638 208.907 217.920 317.085 -1.038
224.685 641.436 275.176 682.218 -1.038
1424.361 1176.594 1554.389 1250.233 -1.038
12.309 1324.976 155.160 1386.596 -1.038
1539.485 1047.524 1715.425 1145.673 -1.039
676.399 488.554 835.491 602.782 -1.041
549.937 1280.986 942.049 1326.242 -1.042
1.000 691.326 196.410 839.123 -1.044
2492.913 310.086 2560.326 325.908 -1.044
930.538 71.751 1148.565 112.084 -1.044
988.549 1442.367 1348.359 1527.719 -1.044
1314.122 1807.305 1783.716 1889.553 -1.045
1512.659 1197.297 1714.487 1251.142 -1.048
205.619 1366.699 409.157 1424.363 -1.048
2079.558 1902.922 2154.925 1940.199 -1.048
1.000 239.950 90.046 307.646 -1.049
2156.253 1646.657 2226.970 1748.933 -1.050
1103.106 1664.027 1189.851 1711.255 -1.050
220.994 1256.974 285.983 1326.161 -1.051
66.651 1206.141 140.650 1247.538 -1.051
2301.829 732.571 2295.174 862.737 -1.053
1811.918 1716.351 2013.520 1714.420 -1.053
1144.088 1761.304 1535.453 1942.260 -1.054
1675.651 1209.830 1769.759 1230.413 -1.054
340.925 4.793 407.114 44.473 -1.055
2056.253 1713.596 2243.282 1750.062 -1.055
416.193 18.078 414.860 67.973 -1.056
1337.131 1437.673 1439.183 1496.047 -1.057
1005.949 94.516 1156.754 144.436 -1.057
644.001 695.034 751.341 763.374 -1.058
812.862 82.162 791.422 154.784 -1.059
837.659 1330.720 1288.847 1633.369 -1.060
1131.024 1547.796 1557.864 1818.933 -1.060
2528.305 206.478 2525.411 245.693 -1.061
2367.733 1909.700 2551.961 1901.825 -1.061
1297.500 1485.660 1385.349 1536.355 -1.063
968.171 1703.964 1042.216 1745.241 -1.064
1542.630 1565.695 1686.969 1653.266 -1.065
338.258 1146.492 425.843 1196.966 -1.065
73.268 251.113 52.146 359.285 -1.067
944.101 209.731 908.507 337.651 -1.068
447.682 285.749 816.593 349.991 -1.068
1654.886 1355.077 1932.669 1489.540 -1.068
2437.577 96.612 2394.502 280.912 -1.068
1556.671 1634.132 1645.393 1766.693 -1.068
1341.326 157.330 1420.812 206.097 -1.068
2196.603 6.543 2234.338 44.945 -1.068
2438.627 440.247 2435.086 510.195 -1.068
2064.015 2.811 2152.702 53.247 -1.069
1127.629 53.353 1110.992 111.057 -1.069
332.149 1306.445 580.296 1378.463 -1.070
2438.937 14.135 2575.227 68.584 -1.070
2503.523 305.051 2546.907 346.589 -1.071
967.445 1772.506 1034.354 1802.881 -1.071
892.177 1727.846 1016.413 1789.295 -1.072
715.088 861.808 820.873 923.132 -1.072
863.525 646.992 1070.500 716.611 -1.072
996.214 1815.785 1114.192 1830.600 -1.073
1696.531 1335.767 1766.806 1369.762 -1.073
145.148 1339.811 207.875 1396.668 -1.073
1710.645 473.762 1706.733 517.503 -1.074
1390.974 53.506 1389.597 100.817 -1.074
432.109 1180.189 588.404 1201.344 -1.075
2352.690 207.011 2275.541 270.151 -1.075
534.814 793.451 676.940 931.892 -1.075
2150.396 15.582 2243.428 45.807 -1.075
983.886 1796.339 1058.403 1830.672 -1.076
1114.532 66.886 1108.774 115.630 -1.077
2560.064 801.953 2544.447 902.200 -1.077
2297.038 478.715 2289.587 540.709 -1.077
1.000 187.462 123.304 337.529 -1.078
947.471 50.618 1184.919 140.573 -1.078
2408.082 303.284 2398.411 338.002 -1.078
676.673 35.987 670.760 74.594 -1.078
2005.824 62.575 2084.809 131.587 -1.079
1702.260 232.451 1695.460 274.239 -1.079
2472.399 260.511 2470.698 343.575 -1.080
59.854 1363.170 161.122 1439.492 -1.080
854.145 1735.924 1211.818 1940.810 -1.081
2094.741 1695.297 2166.545 1789.071 -1.082
705.992 453.876 897.690 543.804 -1.083
1485.471 1629.656 1653.117 1791.240 -1.083
2369.258 132.913 2361.843 174.848 -1.083
1977.728 11.234 2017.718 42.423 -1.083
237.149 375.896 528.481 634.930 -1.084
275.787 1141.593 360.629 1187.465 -1.086
1029.205 151.358 1099.915 195.659 -1.086
1304.907 139.096 1410.909 208.013 -1.087
2552.770 524.394 2547.774 587.394 -1.088
2510.135 199.824 2507.693 251.240 -1.089
583.306 384.789 672.552 437.122 -1.089
2009.324 1923.161 2205.575 1920.104 -1.089
1829.016 213.946 1824.724 258.449 -1.089
1381.107 1483.406 1456.979 1521.769 -1.090
832.973 638.729 985.686 802.450 -1.090
527.567 20.738 503.192 95.108 -1.091
2495.707 735.308 2470.050 919.661 -1.091
1672.562 1314.881 1781.203 1378.499 -1.091
15.265 5.493 80.202 37.655 -1.091
1292.583 1471.011 1470.442 1564.850 -1.092
1382.918 54.854 1371.599 99.970 -1.093
1785.574 41.257 1779.314 90.289 -1.094
872.652 71.579 864.548 116.053 -1.094
1382.431 847.709 1733.076 959.167 -1.094
1412.951 7.303 1404.021 79.047 -1.095
1607.589 111.376 1668.475 141.684 -1.096
1486.471 1062.508 1564.368 1111.670 -1.096
123.507 501.195 293.420 684.966 -1.097
274.180 1120.266 470.559 1254.190 -1.097
1449.906 1001.139 1707.339 1043.609 -1.097
1.000 1069.576 184.698 1125.449 -1.097
189.412 175.281 530.638 370.309 -1.100
515.267 17.362 505.235 88.204 -1.101
236.232 1131.025 290.795 1195.996 -1.101
856.565 1038.816 946.324 1088.571 -1.102
2463.504 478.850 2447.228 598.816 -1.102
1.000 1378.389 216.315 1428.439 -1.103
1438.400 1751.272 1584.798 1749.884 -1.103
205.929 1334.761 276.575 1377.241 -1.103
1578.273 1361.705 1688.339 1420.843 -1.104
2357.328 72.969 2349.615 110.035 -1.105
540.616 675.499 535.957 741.615 -1.105
2361.554 1.000 2456.184 41.410 -1.105
1499.085 70.562 1549.591 101.393 -1.106
2094.977 47.678 2227.326 99.047 -1.106
235.454 1251.653 428.662 1294.508 -1.106
522.444 1196.758 834.967 1276.438 -1.107
2103.818 9.273 2214.677 41.545 -1.109
2313.026 1135.620 2302.824 1201.601 -1.109
209.458 1303.367 292.603 1368.192 -1.110
736.385 637.023 1058.906 685.628 -1.110
2362.720 20.985 2480.330 71.141 -1.110
1973.750 6.586 1971.852 48.670 -1.111
609.881 1101.782 676.506 1139.742 -1.111
2190.896 1658.035 2446.959 1741.180 -1.112
864.185 540.655 1908.398 1229.997 -1.113
677.524 437.171 742.811 508.596 -1.113
1109.748 23.606 1104.947 90.631 -1.114
2548.152 1092.059 2538.949 1234.833 -1.115
2058.132 316.950 2096.719 347.533 -1.116
1482.383 64.309 1519.206 110.973 -1.117
1245.653 470.219 1242.459 512.901 -1.118
1990.575 84.990 2328.219 324.095 -1.119
1465.055 59.256 1531.639 126.836 -1.120
1538.894 3.556 1650.922 38.114 -1.121
2113.070 429.959 2098.535 518.029 -1.121
228.648 1215.741 286.544 1275.991 -1.122
501.035 1067.074 596.469 1098.884 -1.122
2478.867 164.036 2454.417 234.393 -1.124
2181.973 1.000 2277.535 57.614 -1.124
71.283 1248.084 146.972 1287.953 -1.124
2097.749 1.000 2273.710 60.825 -1.125
365.288 1212.471 575.169 1386.425 -1.126
13.062 852.731 246.972 1094.814 -1.126
550.769 637.621 696.377 707.672 -1.127
1469.004 9.514 1448.418 87.713 -1.127
1.000 648.723 1657.880 1912.477 -1.128
2042.749 174.658 2028.301 222.460 -1.130
2553.556 46.450 2592.000 76.902 -1.130
1152.436 182.278 1226.872 224.621 -1.130
1937.531 8.468 2028.106 61.985 -1.133
2170.060 1637.707 2250.918 1650.091 -1.134
377.367 26.505 374.218 72.122 -1.135
1902.714 401.620 1899.132 500.805 -1.138
2527.951 166.752 2510.405 229.038 -1.139
2260.388 181.070 2255.715 277.095 -1.139
2050.906 1889.132 2160.421 1941.043 -1.139
1483.467 49.412 1577.174 128.443 -1.140
2485.803 335.111 2590.754 355.913 -1.141
1724.976 112.983 1763.180 148.543 -1.141
2076.337 1663.265 2159.964 1697.844 -1.142
934.947 18.140 1206.676 192.197 -1.142
1597.465 202.618 1913.219 420.791 -1.142
2325.569 39.953 2495.669 87.882 -1.144
1298.170 58.636 1297.048 103.384 -1.144
1499.984 748.085 1495.632 943.171 -1.144
83.669 64.395 78.859 110.384 -1.146
2162.585 451.901 2156.883 489.046 -1.146
1466.205 191.488 1590.186 302.445 -1.147
1163.753 1.000 1355.309 180.371 -1.147
204.285 554.875 192.169 619.937 -1.147
2547.971 630.344 2504.025 710.681 -1.148
2407.603 494.303 2400.801 542.568 -1.148
976.249 264.628 974.483 322.766 -1.148
2562.689 442.347 2561.270 506.783 -1.148
2115.980 1891.657 2282.471 1887.252 -1.149
579.611 35.773 553.534 82.481 -1.149
2568.017 28.777 2520.895 99.515 -1.150
2439.257 180.810 2428.127 227.506 -1.150
1890.842 4.298 2022.397 88.386 -1.150
1846.850 5.600 1839.871 56.952 -1.151
1488.178 26.976 1621.748 137.009 -1.151
1253.953 180.311 1450.118 304.380 -1.152
529.540 372.397 668.797 456.094 -1.152
2121.092 1690.216 2246.466 1764.000 -1.153
2211.432 209.271 2178.581 249.421 -1.155
932.790 201.033 1064.828 325.080 -1.157
2082.815 155.620 2081.624 206.592 -1.157
1448.026 224.902 1443.104 271.768 -1.158
1406.216 61.349 1403.464 102.907 -1.158
1349.677 12.609 1330.082 74.494 -1.158
491.852 130.797 486.923 175.590 -1.158
1454.449 457.613 1452.125 493.797 -1.161
1506.975 225.173 1502.545 276.472 -1.162
2125.455 119.728 2120.972 164.214 -1.162
770.991 304.246 990.878 370.373 -1.163
2446.923 598.528 2428.678 632.308 -1.164
1808.342 95.112 1876.247 124.810 -1.164
2171.929 1744.170 2367.713 1782.829 -1.166
2287.143 125.604 2284.249 155.637 -1.167
689.626 299.245 686.195 348.548 -1.167
2415.145 188.611 2399.366 241.342 -1.168
2446.680 286.128 2440.723 333.821 -1.168
1417.992 701.949 1412.056 762.146 -1.169
2064.012 1503.416 2416.743 1642.928 -1.169
2144.694 240.194 2143.457 280.135 -1.169
821.767 365.883 970.073 419.067 -1.170
2469.268 49.330 2592.000 156.233 -1.170
293.449 22.730 292.275 79.323 -1.170
21.228 149.281 63.572 206.134 -1.171
1142.989 179.777 1255.144 245.205 -1.175
946.207 780.059 917.725 864.586 -1.175
2234.580 1699.292 2355.672 1812.466 -1.175
2526.322 1.000 2592.000 36.270 -1.178
2250.761 1645.054 2385.436 1834.271 -1.178
1427.468 476.841 1424.065 528.626 -1.178
2343.224 8.107 2339.688 45.563 -1.179
1036.872 171.823 2095.179 929.186 -1.179
1760.527 98.161 1820.765 134.211 -1.181
575.421 19.508 573.779 81.340 -1.183
2077.720 1639.088 2157.095 1677.663 -1.185
2408.542 232.686 2396.172 271.177 -1.185
1418.236 892.716 1412.405 958.050 -1.186
1407.327 22.335 1575.065 126.149 -1.186
2271.173 489.639 2268.581 536.287 -1.186
2348.683 174.177 2263.326 450.512 -1.186
358.304 36.854 344.883 119.981 -1.187
1901.264 713.996 1893.727 807.093 -1.187
2093.197 685.334 2065.091 905.091 -1.189
2135.645 213.472 2134.474 254.510 -1.191
1710.088 1.000 1869.700 103.768 -1.192
1573.941 124.335 1609.206 154.402 -1.192
816.774 172.810 1040.655 271.400 -1.193
2419.046 136.024 2415.482 178.728 -1.193
2135.820 633.189 2133.097 678.858 -1.194
1514.220 73.513 1502.460 120.375 -1.194
1827.552 454.415 1821.515 497.759 -1.194
2523.300 315.314 2579.883 345.035 -1.194
2540.601 159.235 2522.562 226.434 -1.195
2049.234 22.896 2067.809 55.067 -1.195
1188.093 30.259 1154.335 77.192 -1.196
632.527 437.583 809.355 562.583 -1.197
83.250 1682.535 77.011 1748.008 -1.197
2318.525 63.780 2317.228 112.846 -1.197
2376.847 178.694 2375.687 222.674 -1.202
1.000 1.000 81.346 61.735 -1.203
1182.479 10.221 1172.390 62.756 -1.203
2073.076 1558.813 2592.000 1944.000 -1.203
558.908 10.332 542.571 66.155 -1.204
626.930 308.935 862.321 457.180 -1.204
818.255 417.788 1002.810 591.495 -1.204
1556.571 1896.746 1731.078 1895.456 -1.206
2319.325 213.492 2316.273 263.481 -1.206
432.506 25.832 425.322 68.148 -1.207
2032.598 391.339 2276.882 667.940 -1.208
1607.456 7.593 1777.677 124.558 -1.208
291.121 215.162 289.428 275.341 -1.209
1857.876 81.963 1938.425 131.773 -1.211
785.113 594.929 893.544 665.197 -1.212
978.816 277.896 967.126 328.497 -1.213
806.296 1915.452 870.612 1944.000 -1.216
429.022 202.715 750.502 288.185 -1.217
1992.718 1169.385 2592.000 1687.496 -1.218
324.984 125.790 314.503 178.559 -1.218
952.587 41.565 929.563 113.303 -1.218
2407.106 843.081 2399.903 897.798 -1.219
1941.267 1472.199 2027.422 1509.092 -1.219
2392.760 133.624 2380.721 192.042 -1.220
183.866 210.098 182.503 265.503 -1.220
2281.342 22.127 2278.533 50.128 -1.221
328.085 51.072 327.047 104.071 -1.221
715.829 425.854 1030.843 632.449 -1.223
1126.831 1202.898 2317.739 1944.000 -1.223
2572.394 431.439 2537.597 503.888 -1.224
2371.959 123.847 2370.703 164.089 -1.224
1658.557 113.911 1705.640 145.074 -1.225
1.000 94.499 114.753 272.209 -1.228
1314.307 913.592 1292.182 1000.157 -1.230
1946.588 198.969 1941.249 244.047 -1.230
2292.690 647.139 2257.437 826.472 -1.231
770.793 1.000 993.497 235.849 -1.231
1039.586 139.601 1028.619 184.210 -1.231
695.680 153.660 691.686 211.630 -1.232
1938.523 98.156 1989.636 125.586 -1.233
1732.432 10.240 1711.538 75.589 -1.235
1663.791 186.167 1651.074 233.873 -1.236
2262.808 463.513 2243.238 553.852 -1.237
2467.672 226.839 2592.000 373.734 -1.237
2579.697 544.901 2578.315 599.619 -1.238
2326.773 499.488 2318.628 544.298 -1.238
2307.417 1840.626 2442.056 1838.474 -1.238
2291.371 444.832 2284.188 487.970 -1.239
910.821 652.837 902.737 824.562 -1.240
2423.320 131.160 2405.617 166.315 -1.240
1878.662 152.688 1875.734 188.435 -1.241
926.510 51.820 918.136 113.406 -1.241
486.295 758.726 468.372 841.642 -1.241
2552.454 155.102 2549.257 208.193 -1.241
2570.578 61.421 2567.265 107.078 -1.241
1184.601 7.054 1179.636 57.691 -1.242
1290.781 60.439 1274.583 123.931 -1.243
2502.447 137.782 2497.511 264.514 -1.243
368.134 319.361 360.780 364.345 -1.244
2444.906 1548.304 2592.000 1545.248 -1.245
1963.658 57.674 2045.961 144.991 -1.245
2516.488 535.522 2506.282 575.048 -1.246
2539.943 268.516 2537.553 317.128 -1.246
1801.729 1.000 2062.703 96.631 -1.247
1515.801 18.218 1507.104 49.169 -1.247
387.218 182.956 818.554 449.553 -1.248
936.519 288.341 894.182 387.635 -1.248
1377.587 53.626 1369.419 92.955 -1.248
2295.301 268.995 2276.566 395.631 -1.249
2456.284 46.799 2431.314 94.203 -1.249
2420.573 278.206 2404.409 316.094 -1.250
2580.462 545.353 2570.351 598.553 -1.251
2540.503 38.344 2526.228 79.837 -1.251
1514.059 11.362 1703.737 136.557 -1.251
514.020 222.044 2592.000 1618.208 -1.251
1505.740 35.849 1497.311 84.147 -1.253
967.579 456.958 921.129 553.515 -1.254
2085.247 42.655 2070.531 77.768 -1.257
2201.821 33.899 2285.356 86.867 -1.258
217.869 56.113 656.037 267.428 -1.258
1858.562 9.710 1840.446 52.064 -1.258
906.393 25.764 900.775 87.744 -1.258
1778.201 153.649 1769.444 223.343 -1.260
425.342 44.899 422.313 124.403 -1.260
217.874 286.048 482.456 467.020 -1.260
2571.244 237.424 2568.541 282.828 -1.260
2338.292 709.952 2311.247 782.605 -1.261
1603.988 115.545 1616.717 159.554 -1.262
2027.226 37.015 2112.269 87.960 -1.263
2202.555 218.708 2185.498 271.121 -1.263
1922.221 394.645 1901.158 506.939 -1.263
2045.739 1904.473 2196.247 1901.908 -1.263
48.298 461.458 361.583 734.567 -1.264
954.019 264.383 941.591 332.482 -1.264
2176.243 314.626 2165.818 368.913 -1.264
2145.013 1.000 2359.176 78.148 -1.265
2363.866 256.040 2356.613 294.477 -1.265
2193.535 201.526 2187.000 255.277 -1.266
2311.618 100.964 2304.928 141.285 -1.266
1725.656 477.941 1719.355 516.683 -1.266
1182.625 74.094 1169.167 114.416 -1.267
2514.915 629.441 2502.303 707.920 -1.268
2401.155 248.685 2394.879 283.841 -1.268
1810.441 855.761 1799.747 966.724 -1.269
240.155 404.284 724.571 692.027 -1.270
216.714 109.710 215.203 161.638 -1.271
2391.354 1.000 2516.781 47.804 -1.271
1615.683 125.242 1613.019 160.645 -1.271
2414.492 249.809 2398.761 285.568 -1.272
583.491 32.389 582.235 73.646 -1.272
213.055 43.217 192.514 130.002 -1.273
1839.715 12.147 1828.914 56.515 -1.274
2192.111 206.683 2168.484 253.567 -1.276
2096.380 404.530 2088.709 436.997 -1.278
2439.953 1619.803 2592.000 1617.311 -1.278
1111.582 30.385 1102.204 73.872 -1.278
2409.016 132.027 2400.438 173.379 -1.278
1361.859 49.424 1358.620 86.205 -1.280
2272.378 78.265 2269.526 120.087 -1.280
721.340 698.580 713.145 759.313 -1.281
980.690 23.733 970.075 69.370 -1.282
1654.579 105.549 1729.585 157.182 -1.282
2123.245 161.343 2116.501 202.246 -1.282
2219.194 211.720 2206.332 257.156 -1.283
1229.289 1685.045 1390.332 1683.151 -1.284
1753.756 170.525 1736.150 236.222 -1.285
2170.018 319.972 2165.048 364.757 -1.285
2117.931 156.593 2113.265 199.573 -1.287
2358.767 11.254 2356.002 45.532 -1.287
2184.385 426.910 2178.890 466.245 -1.287
1326.612 178.023 1318.669 216.184 -1.288
319.778 139.715 311.811 220.468 -1.288
2537.501 431.378 2534.536 505.263 -1.288
2440.557 219.588 2438.150 251.380 -1.289
2385.517 1730.995 2589.598 1729.582 -1.289
2369.680 156.766 2367.655 214.735 -1.289
1559.856 115.714 1739.607 216.332 -1.292
2107.502 463.817 2093.877 508.146 -1.292
2169.122 146.368 2165.758 192.847 -1.293
910.815 1.000 1467.305 193.171 -1.295
465.897 33.203 464.221 106.789 -1.295
1560.460 161.200 1553.987 277.958 -1.295
2277.124 462.705 2238.844 556.954 -1.295
1226.368 1905.162 1368.434 1903.848 -1.297
1426.377 115.547 1512.849 166.441 -1.298
188.013 386.715 174.284 446.304 -1.299
2045.740 21.601 2211.018 122.248 -1.300
1763.166 50.387 1752.913 84.902 -1.300
2421.391 54.559 2411.805 104.787 -1.301
2426.035 305.827 2423.890 338.929 -1.301
1716.581 103.760 1794.767 151.204 -1.301
2428.409 44.159 2412.090 102.428 -1.302
2348.295 68.387 2271.082 275.500 -1.302
426.440 352.397 417.760 399.848 -1.302
2340.441 151.163 2326.126 208.102 -1.302
2502.649 53.634 2500.063 94.330 -1.303
1574.271 94.291 2026.770 182.404 -1.304
1067.201 122.974 1039.260 215.956 -1.304
1818.114 201.046 1811.284 240.425 -1.304
31.056 223.756 15.562 292.318 -1.304
2341.743 136.673 2338.443 183.387 -1.305
110.975 355.663 660.571 481.127 -1.306
2548.334 103.188 2538.884 148.774 -1.306
1329.600 1755.374 1538.544 1754.047 -1.306
2222.711 1539.153 2383.018 1537.170 -1.307
2308.901 13.853 2305.027 52.903 -1.307
1886.923 141.428 1885.568 182.017 -1.308
1750.885 1753.088 1977.537 1749.331 -1.311
1875.235 10.996 1839.102 50.234 -1.311
155.247 183.830 130.095 247.543 -1.312
2528.078 427.202 2511.811 505.981 -1.312
852.213 64.349 838.643 116.150 -1.312
2308.297 96.803 2307.007 145.201 -1.312
2492.592 113.834 2592.000 293.517 -1.313
2356.144 3.254 2546.452 78.740 -1.314
2212.883 1588.031 2363.184 1586.965 -1.314
2586.839 492.933 2512.948 577.565 -1.315
506.088 17.918 502.318 66.146 -1.315
135.698 154.396 629.677 482.414 -1.316
396.561 207.289 367.108 304.986 -1.316
2417.862 204.159 2409.447 241.045 -1.317
1181.284 31.116 1177.766 86.769 -1.317
2313.059 57.874 2291.942 94.648 -1.317
2093.146 43.872 2086.244 81.986 -1.317
2210.269 168.111 2150.091 489.622 -1.318
2541.001 461.822 2528.811 596.828 -1.318
1482.680 1.000 1590.854 14.795 -1.318
708.320 162.348 705.214 211.399 -1.319
2334.326 188.726 2325.148 244.539 -1.322
880.360 459.985 848.075 627.446 -1.322
615.946 136.608 604.455 190.857 -1.322
1269.210 472.134 1262.496 518.292 -1.322
893.491 34.642 872.039 110.767 -1.322
2123.302 983.094 2116.178 1029.969 -1.323
2462.928 1734.978 2458.796 1800.023 -1.323
1413.933 744.831 1396.210 958.302 -1.324
346.569 152.905 344.372 199.828 -1.325
2149.068 178.715 2144.130 217.098 -1.325
2566.125 68.807 2563.718 108.102 -1.325
2275.434 632.153 2272.257 701.689 -1.327
2576.579 499.749 2574.923 565.043 -1.327
264.229 128.238 254.383 250.189 -1.327
2411.645 47.286 2409.396 98.973 -1.328
2458.700 43.598 2409.153 110.689 -1.329
2524.782 459.533 2523.168 488.276 -1.329
136.264 363.184 133.052 421.483 -1.330
2281.125 379.455 2258.531 506.312 -1.330
1185.435 38.311 1182.048 83.126 -1.331
359.578 199.959 355.998 252.450 -1.331
2014.500 128.149 2009.697 193.644 -1.333
336.448 74.826 331.447 122.125 -1.333
2346.978 63.548 2216.336 448.022 -1.334
997.334 140.490 986.984 195.106 -1.336
1693.380 233.451 1682.344 274.770 -1.336
1347.063 1.000 1652.181 133.875 -1.336
2293.329 148.677 2282.471 192.224 -1.337
383.496 1.000 551.744 21.901 -1.338
1950.132 62.126 2129.125 115.871 -1.338
1033.877 492.162 1007.515 577.970 -1.340
1813.620 1718.548 2018.638 1716.737 -1.340
1462.985 58.792 1449.800 94.769 -1.340
2127.564 480.242 2116.747 535.613 -1.341
688.047 688.691 683.036 746.806 -1.342
1288.985 916.125 1280.510 977.659 -1.343
1580.275 1.000 1564.205 43.619 -1.344
586.288 778.530 572.508 871.408 -1.344
1105.268 608.583 1095.508 820.619 -1.346
2058.936 882.042 2054.127 916.477 -1.346
1870.683 713.141 1861.013 809.513 -1.347
2400.550 1731.327 2567.197 1728.067 -1.347
1518.547 497.747 1436.635 838.407 -1.348
2537.323 832.538 2533.572 988.294 -1.348
2196.047 268.583 2187.011 305.708 -1.349
2364.716 61.052 2359.971 124.261 -1.349
1637.253 1485.397 1820.874 1483.137 -1.349
2212.974 1914.208 2385.823 1912.283 -1.349
1670.217 33.999 2253.198 390.640 -1.350
1270.526 823.587 1239.134 904.650 -1.351
569.049 1.000 681.322 14.660 -1.352
654.136 493.570 634.869 556.165 -1.353
1800.561 606.279 1798.515 759.283 -1.353
361.389 36.831 342.620 83.934 -1.353
2292.416 674.773 2264.218 896.448 -1.354
1517.051 115.256 1592.764 162.308 -1.354
358.739 162.687 355.500 207.821 -1.354
240.289 325.397 195.225 538.775 -1.356
2092.341 676.676 2088.018 725.045 -1.356
2271.073 67.758 2261.808 102.157 -1.357
284.357 199.687 257.399 328.566 -1.357
2240.386 756.657 2236.834 792.621 -1.358
2102.557 316.679 2097.290 355.696 -1.359
