622.817 1017.390 2263.041 1852.496 -0.596
103.947 991.559 896.696 1617.128 -0.705
8.859 313.593 2523.865 1916.659 -0.773
726.684 1892.080 871.220 1944.000 -0.821
1223.355 232.044 1349.073 321.077 -0.888
1124.596 232.079 1256.476 322.162 -0.935
393.669 1915.398 509.399 1944.000 -0.952
2509.347 1000.203 2592.000 1078.532 -0.952
2484.034 506.347 2592.000 612.710 -0.967
2419.183 14.075 2515.694 57.667 -0.982
823.629 1906.902 1036.305 1941.871 -0.991
2516.505 1232.246 2592.000 1310.179 -0.996
2522.582 603.561 2592.000 667.013 -1.000
2513.610 205.515 2592.000 288.714 -1.002
900.072 286.592 1029.212 328.910 -1.003
905.254 173.051 1056.100 314.766 -1.006
1560.832 236.011 1641.643 304.677 -1.009
5.491 159.664 98.312 247.382 -1.013
2395.861 1908.083 2592.000 1944.000 -1.015
211.464 219.859 265.385 271.077 -1.015
1846.714 1895.188 2088.701 1944.000 -1.016
2481.725 1121.927 2592.000 1230.455 -1.016
2526.586 451.386 2592.000 516.352 -1.017
2127.090 1910.290 2349.315 1944.000 -1.019
102.733 46.680 164.162 103.402 -1.019
1852.755 76.099 1924.042 136.527 -1.020
215.600 30.596 277.042 91.873 -1.022
1049.979 1893.699 1296.014 1944.000 -1.022
2224.891 219.141 2336.397 292.648 -1.023
2511.312 411.174 2592.000 496.490 -1.028
1601.338 128.125 1677.427 193.161 -1.028
2039.343 57.765 2123.005 126.971 -1.029
75.718 1904.740 278.024 1934.177 -1.029
4.017 122.222 60.359 178.227 -1.031
1188.431 1895.921 1426.441 1940.225 -1.031
1025.614 236.589 1111.870 316.087 -1.034
333.679 220.470 430.654 312.670 -1.034
2118.827 48.509 2187.606 104.665 -1.034
2512.591 1809.165 2592.000 1896.998 -1.035
2531.267 867.208 2592.000 931.333 -1.038
1.000 84.941 74.571 155.218 -1.039
883.133 138.007 1176.415 412.272 -1.040
2497.316 811.142 2592.000 902.209 -1.040
1405.480 1901.842 1651.773 1944.000 -1.040
1643.112 1907.553 1854.470 1944.000 -1.044
2493.071 723.667 2592.000 815.882 -1.044
1.000 277.623 65.951 339.861 -1.045
2511.512 48.692 2592.000 134.506 -1.046
2451.715 168.240 2586.346 247.733 -1.046
1.000 238.166 73.993 322.483 -1.047
2014.546 1910.254 2227.981 1944.000 -1.049
2111.651 177.476 2229.609 282.705 -1.050
2480.513 1844.110 2592.000 1944.000 -1.050
660.500 1899.119 723.913 1944.000 -1.050
1331.584 190.872 1393.985 248.096 -1.051
2524.378 1059.627 2592.000 1125.891 -1.052
1211.576 211.484 1386.843 274.498 -1.052
1534.932 75.570 1631.290 114.407 -1.053
2390.120 34.914 2467.778 100.736 -1.055
2483.916 635.774 2592.000 747.104 -1.055
1444.960 75.825 1551.927 120.415 -1.055
1138.184 161.094 1217.062 227.710 -1.055
1713.086 229.569 1832.080 310.508 -1.055
2269.042 146.044 2373.535 192.878 -1.056
425.327 179.861 1163.697 443.691 -1.058
2118.381 26.442 2212.940 70.910 -1.059
2482.569 369.612 2592.000 478.021 -1.060
1660.755 163.321 1775.269 207.640 -1.060
2482.105 1704.411 2592.000 1817.212 -1.060
208.427 179.975 265.541 237.251 -1.061
2031.341 46.281 2204.142 213.113 -1.061
272.331 185.891 330.202 241.475 -1.061
376.244 109.516 441.452 170.180 -1.063
260.603 170.546 351.720 257.078 -1.063
525.315 85.104 659.880 134.043 -1.063
111.413 151.381 211.541 189.195 -1.064
2481.446 237.231 2572.765 317.086 -1.064
1710.516 111.929 2011.249 384.190 -1.064
2499.394 88.686 2592.000 169.631 -1.064
2481.158 1763.020 2592.000 1875.993 -1.067
140.353 218.216 198.202 273.546 -1.068
2482.199 938.687 2592.000 1048.411 -1.068
2484.104 1512.008 2592.000 1621.393 -1.068
1570.097 179.558 1668.473 270.927 -1.069
1194.102 131.343 1350.174 273.480 -1.069
307.981 56.764 413.042 94.231 -1.070
291.797 7.600 385.330 44.733 -1.071
2232.064 80.170 2334.738 125.762 -1.072
2049.738 219.115 2148.859 305.923 -1.072
825.995 120.228 976.635 177.030 -1.072
2498.392 1.000 2592.000 87.117 -1.073
500.275 1904.546 705.665 1939.202 -1.073
416.773 80.161 506.048 166.229 -1.074
1355.391 21.625 1436.677 92.647 -1.075
462.505 112.251 547.629 193.036 -1.076
2268.948 41.937 2344.267 103.681 -1.076
1383.447 64.968 1551.937 127.404 -1.076
2497.992 1253.765 2592.000 1350.302 -1.077
2458.706 1050.314 2592.000 1095.786 -1.078
2349.343 195.590 2466.153 297.477 -1.079
2467.183 456.436 2586.682 527.742 -1.079
2531.528 1432.804 2592.000 1502.984 -1.080
1097.718 104.752 1160.810 159.741 -1.080
158.272 17.149 238.294 91.387 -1.080
708.236 72.376 767.205 126.603 -1.080
771.603 111.890 837.476 173.914 -1.081
319.717 176.724 432.850 212.044 -1.082
1402.429 174.170 1473.612 236.670 -1.082
1.000 1910.908 176.742 1942.554 -1.082
424.967 8.532 511.386 43.921 -1.082
2538.607 1369.407 2592.000 1439.403 -1.082
2185.612 50.785 2260.341 110.489 -1.084
1871.288 56.975 1952.968 120.895 -1.085
277.051 27.316 332.940 82.527 -1.085
2025.021 175.234 2583.006 394.724 -1.086
845.523 1890.584 1102.041 1944.000 -1.087
198.031 148.012 254.537 203.571 -1.088
2495.141 1429.821 2592.000 1538.647 -1.089
2364.809 1875.664 2592.000 1944.000 -1.089
1768.367 103.754 2499.595 382.035 -1.090
1019.422 90.504 1095.153 156.994 -1.091
367.868 150.812 443.940 220.863 -1.091
167.340 1911.881 367.940 1942.240 -1.091
278.524 61.362 914.089 309.554 -1.091
1572.702 72.971 1660.183 155.891 -1.092
1603.863 37.839 1705.828 79.835 -1.093
1302.605 113.531 1446.520 166.220 -1.094
2519.862 1608.945 2592.000 1697.972 -1.094
2285.049 1893.557 2373.168 1944.000 -1.095
1174.523 57.677 1240.994 117.789 -1.095
1692.571 1892.370 1937.533 1943.432 -1.096
378.225 1903.246 597.924 1941.063 -1.097
2514.493 1390.353 2592.000 1467.290 -1.098
1518.518 91.982 1591.945 155.738 -1.098
1302.446 260.154 1414.532 295.515 -1.098
2346.648 40.570 2427.326 108.102 -1.098
1122.918 27.802 1189.278 88.779 -1.099
74.882 178.869 146.564 249.512 -1.099
1105.694 125.694 1283.652 289.197 -1.099
1371.790 274.757 1561.822 340.218 -1.099
1672.428 52.202 1741.628 109.074 -1.099
2470.324 123.968 2541.152 183.666 -1.099
558.836 1895.800 805.747 1940.576 -1.100
602.828 16.688 680.672 86.707 -1.100
203.809 111.648 295.170 146.811 -1.102
2509.154 1334.254 2592.000 1418.863 -1.103
1402.224 106.927 1480.119 176.521 -1.106
972.509 77.016 1074.419 118.487 -1.106
1978.978 66.775 2062.328 136.434 -1.107
1339.273 192.513 1427.129 267.831 -1.108
226.712 225.779 302.597 301.642 -1.108
1393.305 217.724 1469.065 285.930 -1.109
1948.550 51.190 2030.430 124.100 -1.110
2494.008 1054.575 2592.000 1160.696 -1.111
2469.131 74.029 2592.000 200.359 -1.112
1354.338 139.949 1481.311 188.410 -1.113
89.223 258.447 142.830 311.650 -1.113
36.790 52.485 92.153 108.345 -1.115
1961.054 16.133 2029.127 71.814 -1.115
2180.689 1893.413 2448.624 1944.000 -1.116
1890.785 28.369 1991.491 115.162 -1.116
1470.486 102.623 1593.328 219.880 -1.116
1015.399 5.220 1472.901 444.000 -1.116
843.268 11.508 943.051 69.497 -1.117
2498.005 1644.901 2592.000 1741.774 -1.117
1720.951 55.492 1795.701 119.727 -1.118
153.318 112.336 307.252 169.393 -1.118
1669.087 24.226 1793.700 80.237 -1.118
88.297 9.826 144.471 61.605 -1.118
2409.243 10.846 2528.873 111.860 -1.118
1628.742 74.679 1712.327 150.097 -1.119
1.000 21.045 53.835 78.723 -1.119
893.204 43.932 1047.450 104.019 -1.119
1322.015 166.299 1966.335 395.322 -1.120
929.110 20.537 1042.956 65.392 -1.121
459.305 1.728 526.074 64.204 -1.121
935.781 97.542 993.294 150.731 -1.122
52.378 242.280 110.748 300.828 -1.123
717.701 11.369 788.798 77.575 -1.123
1669.885 89.829 1776.334 187.139 -1.124
2361.414 56.003 2457.124 139.252 -1.125
644.564 1.819 751.897 103.593 -1.125
1491.964 39.708 1584.665 125.027 -1.125
162.090 63.221 227.263 124.951 -1.125
2287.755 21.646 2379.793 100.894 -1.126
2226.796 13.155 2326.560 56.308 -1.126
1815.171 12.970 2021.428 101.379 -1.126
2182.977 31.707 2450.227 139.243 -1.127
91.624 1893.966 339.017 1944.000 -1.127
81.379 97.956 138.478 150.531 -1.127
1728.492 17.689 1843.366 116.944 -1.128
149.845 185.422 231.871 265.044 -1.129
237.672 45.171 341.983 109.715 -1.129
13.409 44.030 133.732 91.394 -1.130
60.081 182.232 166.019 283.799 -1.130
297.190 13.426 369.533 81.953 -1.132
558.621 25.878 619.535 78.690 -1.134
2118.373 108.681 2592.000 594.516 -1.135
92.536 136.538 185.147 169.106 -1.135
225.695 157.708 282.077 213.924 -1.136
1545.789 98.013 1639.529 181.393 -1.137
259.419 1903.981 466.502 1936.645 -1.138
1567.493 9.750 1631.009 68.285 -1.141
544.566 12.808 636.954 102.196 -1.142
55.341 85.559 1020.756 459.192 -1.142
1.000 21.180 89.432 119.135 -1.143
2448.262 18.964 2592.000 144.339 -1.143
2473.830 1573.106 2592.000 1703.493 -1.144
1937.693 1.000 2133.023 126.166 -1.145
1534.575 92.483 1690.293 232.269 -1.146
2513.762 886.861 2592.000 959.762 -1.147
264.417 1.491 326.839 59.818 -1.147
746.837 9.951 847.511 49.958 -1.150
1607.055 39.695 1733.319 154.553 -1.151
1483.473 19.305 1638.086 80.055 -1.157
2482.097 1191.737 2592.000 1303.900 -1.157
2010.146 1890.662 2285.867 1944.000 -1.159
65.450 18.057 154.998 102.184 -1.160
1797.810 54.026 1904.411 144.900 -1.161
405.026 32.105 465.216 87.192 -1.164
2429.040 1784.418 2592.000 1944.000 -1.166
797.973 19.665 864.766 81.287 -1.168
218.900 23.782 388.263 92.597 -1.169
2459.066 780.424 2592.000 931.025 -1.171
1441.709 33.605 1512.477 93.774 -1.171
1537.167 1896.536 1772.514 1940.127 -1.172
1640.415 87.586 1796.413 230.350 -1.174
2486.184 578.267 2592.000 687.570 -1.176
349.565 1.032 431.637 75.834 -1.177
818.104 1.000 927.227 102.387 -1.177
4.641 106.886 94.554 195.006 -1.178
690.945 23.274 866.820 79.908 -1.179
1691.478 56.183 1977.879 171.245 -1.182
2094.801 1.000 2234.128 122.357 -1.184
2478.628 1294.024 2592.000 1400.806 -1.185
2312.021 1.000 2541.359 206.962 -1.185
116.885 15.892 208.359 106.861 -1.186
439.562 30.433 548.913 75.567 -1.188
914.805 50.172 1065.623 160.316 -1.190
1272.992 1891.074 1553.344 1944.000 -1.191
