925.766 1521.967 994.396 1718.188 -0.924
1184.267 407.241 1408.311 671.016 -0.930
855.848 1736.246 1008.110 1817.013 -0.968
1957.304 390.115 2113.648 706.696 -0.972
1095.393 189.243 1176.079 351.091 -0.979
45.712 1094.237 199.155 1377.668 -0.983
861.373 870.699 900.553 954.461 -0.984
584.924 1207.472 635.173 1346.149 -0.986
505.813 759.878 694.273 998.504 -0.987
2227.046 1466.372 2254.918 1623.454 -0.993
2232.255 1194.643 2249.232 1315.144 -0.994
1609.652 1413.147 1661.349 1534.364 -0.998
2229.733 1594.151 2254.568 1703.256 -1.001
617.810 461.887 679.139 621.845 -1.006
2029.690 1312.573 2097.539 1548.070 -1.011
2187.159 1204.306 2247.457 1425.099 -1.015
1912.802 1055.188 1963.478 1170.330 -1.017
894.082 1468.123 1003.941 1716.988 -1.019
853.638 901.254 883.380 996.328 -1.020
1201.217 234.914 1268.678 329.457 -1.022
384.841 1129.879 436.066 1235.068 -1.022
1409.586 160.524 1488.414 268.785 -1.024
1203.124 171.983 1273.540 277.814 -1.026
1880.519 324.947 2061.670 365.033 -1.029
874.218 933.816 910.996 1058.790 -1.029
1051.330 1754.065 1058.459 1836.398 -1.029
2112.072 1275.262 2147.905 1429.075 -1.031
911.603 926.049 943.985 1029.752 -1.033
129.512 1283.116 235.062 1523.539 -1.033
2043.896 256.132 2123.995 392.780 -1.034
1792.415 668.649 1988.004 725.782 -1.038
739.984 723.974 869.195 783.037 -1.043
1354.389 1304.344 1488.515 1513.330 -1.043
1122.028 159.149 1283.709 361.570 -1.044
1644.064 1088.912 1793.857 1125.811 -1.045
769.937 1117.269 897.038 1179.273 -1.045
478.877 1.000 552.296 51.179 -1.046
1043.227 1740.812 1064.245 1842.937 -1.047
680.291 472.620 709.177 559.933 -1.048
1685.308 1636.639 1699.637 1741.521 -1.048
1400.849 2.147 1571.684 50.204 -1.048
1469.058 1287.573 1504.468 1422.027 -1.048
2487.049 250.109 2500.004 342.754 -1.049
111.137 1590.608 997.531 1944.000 -1.050
900.840 1116.379 946.933 1213.552 -1.051
1522.486 1386.225 1540.691 1478.952 -1.052
1385.810 1776.065 1390.169 1863.790 -1.052
837.753 1224.726 885.243 1359.680 -1.053
1011.213 902.971 1288.610 1493.739 -1.055
570.234 1150.323 609.695 1232.775 -1.055
795.647 924.522 827.432 1003.272 -1.055
2193.110 120.474 2550.794 801.967 -1.056
2116.208 1465.473 2134.717 1597.388 -1.057
1990.980 474.491 2592.000 1214.243 -1.060
1938.038 269.141 2017.059 400.289 -1.060
1941.976 900.743 1976.559 1004.542 -1.061
1507.652 594.554 1693.403 655.220 -1.061
1295.926 1323.245 1313.230 1416.553 -1.062
893.621 821.044 1385.273 1816.929 -1.062
1575.818 649.739 1639.555 771.272 -1.062
741.277 521.872 788.436 601.878 -1.063
1351.067 187.437 1415.447 285.443 -1.065
1908.470 641.325 1993.816 780.388 -1.065
460.750 955.251 593.327 1030.228 -1.066
850.915 870.502 926.849 1039.175 -1.067
462.823 1149.588 603.395 1233.260 -1.069
18.744 1175.321 44.073 1244.633 -1.071
815.924 1293.564 855.112 1404.996 -1.071
1529.067 800.469 1810.954 1096.482 -1.072
1845.769 31.166 2592.000 523.871 -1.072
386.020 1069.794 465.975 1248.228 -1.073
1.000 342.191 537.053 1005.547 -1.073
1488.856 481.816 1563.314 583.151 -1.073
471.276 645.158 819.473 987.460 -1.073
1528.875 618.478 1571.129 750.950 -1.074
593.332 374.577 715.236 430.841 -1.074
649.887 353.887 838.856 455.323 -1.074
2071.119 1242.486 2592.000 1852.477 -1.074
