1.000 1.537 205.310 238.941 0.238
6.025 4.230 449.708 261.626 -0.054
2503.448 1720.105 2592.000 1839.605 -0.275
1.707 2.398 265.198 513.920 -0.327
9.706 781.851 241.618 1071.458 -0.352
182.260 619.051 237.718 694.118 -0.433
1576.742 497.998 1714.004 654.697 -0.458
1963.656 1098.679 2063.096 1226.712 -0.539
320.211 391.502 368.631 449.901 -0.560
266.386 1160.084 311.005 1237.321 -0.562
2508.188 34.361 2592.000 63.457 -0.565
1043.947 332.257 1101.437 398.530 -0.590
6.704 568.275 64.733 646.649 -0.597
965.521 570.861 1006.140 657.031 -0.609
1133.277 476.993 1466.500 645.587 -0.618
2542.658 1057.417 2579.745 1137.226 -0.625
2483.417 1810.139 2591.401 1944.000 -0.628
2425.936 9.225 2592.000 321.245 -0.630
1.000 1063.351 123.642 1131.974 -0.640
1085.292 1146.902 1176.890 1187.582 -0.650
2412.336 1718.287 2592.000 1944.000 -0.653
533.543 594.057 642.636 649.634 -0.666
1502.433 500.984 1665.463 671.921 -0.677
998.830 105.332 1054.787 164.195 -0.678
1571.278 428.485 1628.581 491.910 -0.691
211.149 1242.297 669.622 1527.865 -0.694
1315.553 1571.542 1423.655 1615.763 -0.697
2129.855 59.506 2190.061 111.465 -0.704
749.238 1201.819 793.323 1275.290 -0.705
658.371 1539.718 731.708 1651.217 -0.706
1108.287 1212.008 1195.049 1248.450 -0.711
2526.831 865.198 2588.768 932.930 -0.724
969.913 278.989 1092.965 419.442 -0.726
14.992 1826.245 94.445 1944.000 -0.733
757.013 1303.191 838.067 1413.844 -0.778
1175.488 1339.140 1306.975 1626.490 -0.778
2473.524 935.927 2535.057 1008.494 -0.788
756.501 1097.851 802.341 1170.084 -0.789
525.495 570.275 716.709 657.632 -0.794
1949.250 1107.253 2233.937 1225.880 -0.802
2531.995 1496.073 2589.884 1572.873 -0.806
13.673 1610.817 56.976 1695.527 -0.817
2511.874 1059.662 2591.567 1153.679 -0.817
1145.156 1257.008 1193.757 1330.306 -0.819
2538.317 1664.202 2592.000 1744.841 -0.820
1050.318 1138.896 1145.806 1173.002 -0.824
2098.303 1136.399 2592.000 1425.588 -0.826
2058.082 5.051 2117.353 55.168 -0.830
1307.966 748.175 1360.670 816.581 -0.831
2299.863 46.222 2364.992 103.319 -0.831
1539.164 407.500 1764.477 664.008 -0.832
13.369 1750.996 165.435 1944.000 -0.835
7.248 1589.494 324.594 1944.000 -0.836
2521.332 759.333 2592.000 839.063 -0.846
2402.659 1455.252 2457.255 1533.801 -0.854
2096.643 877.957 2194.465 992.458 -0.854
1352.512 511.375 1625.729 641.448 -0.857
1006.083 1592.101 1050.459 1670.739 -0.864
1178.292 703.051 1265.944 811.622 -0.868
528.172 587.788 654.255 745.327 -0.873
2192.899 1696.394 2592.000 1912.764 -0.892
1519.647 1714.787 1578.700 1808.552 -0.898
1.000 1108.790 93.701 1160.609 -0.901
1129.998 1193.278 1178.785 1268.458 -0.902
2343.950 42.492 2404.811 97.481 -0.911
340.442 262.275 491.934 439.480 -0.914
2510.985 913.177 2591.351 1002.407 -0.920
6.806 715.513 62.747 794.583 -0.923
621.486 1840.508 701.135 1944.000 -0.923
1049.477 1278.642 1100.368 1359.587 -0.924
753.709 1427.194 810.854 1521.195 -0.927
1942.314 102.173 2216.256 398.022 -0.928
2376.045 366.528 2592.000 627.128 -0.933
1866.794 1487.624 1934.785 1586.533 -0.933
1750.466 1004.938 1822.996 1091.410 -0.935
532.226 754.429 698.150 944.866 -0.937
939.559 1698.344 1028.945 1737.315 -0.941
2320.255 1258.076 2592.000 1605.883 -0.941
1731.717 276.674 1921.757 677.155 -0.942
10.965 1169.448 50.413 1243.618 -0.943
6.574 639.092 84.445 740.675 -0.944
1400.384 224.689 1455.405 281.583 -0.946
1868.454 846.911 2592.000 1240.834 -0.946
364.254 591.171 439.535 632.333 -0.949
1354.894 1781.384 1412.087 1879.569 -0.950
2387.903 714.608 2592.000 967.183 -0.951
2133.885 1570.230 2283.138 1762.892 -0.952
1135.718 1179.930 1228.525 1212.958 -0.953
2180.603 52.029 2246.023 112.582 -0.956
1023.472 1304.012 1075.770 1384.580 -0.958
160.828 582.834 234.481 681.223 -0.959
1065.962 1240.629 1114.728 1316.744 -0.961
638.556 913.169 688.416 984.706 -0.964
1563.449 178.754 1624.828 240.227 -0.966
1086.036 1215.323 1143.495 1302.250 -0.967
960.218 1371.880 1014.192 1455.508 -0.969
837.727 341.839 892.364 405.726 -0.970
701.204 1338.530 748.783 1419.856 -0.970
2373.467 22.701 2442.068 80.553 -0.973
1579.239 1585.479 1626.179 1662.037 -0.973
951.723 1181.391 1003.586 1259.356 -0.977
724.805 45.103 789.075 113.771 -0.980
1234.902 736.503 1310.662 829.007 -0.987
1764.331 1821.118 1825.387 1918.737 -0.988
631.127 1207.360 680.833 1290.287 -0.993
960.703 735.171 1030.493 821.476 -0.993
67.268 1220.709 140.244 1330.170 -0.995
1.000 1178.186 687.964 1569.526 -0.997
982.432 598.135 1032.894 659.735 -0.997
1.000 469.066 333.512 671.504 -0.998
733.453 1205.749 801.092 1308.971 -1.001
1929.783 777.448 1989.132 848.237 -1.002
1541.138 814.479 1770.043 1066.393 -1.003
2015.258 1877.568 2068.261 1944.000 -1.003
889.131 195.879 1082.500 412.064 -1.004
1179.115 1265.995 1226.474 1339.825 -1.005
871.839 720.926 941.198 811.331 -1.010
2255.489 1603.822 2325.593 1705.396 -1.012
2394.210 1630.430 2469.055 1733.691 -1.014
1932.204 462.312 2081.725 638.537 -1.014
2023.880 1532.343 2091.222 1627.716 -1.017
1110.054 1205.589 1177.418 1300.517 -1.020
1404.979 898.961 1457.593 967.011 -1.020
712.737 1828.019 796.163 1944.000 -1.022
737.610 742.373 785.303 807.377 -1.027
68.720 3.093 491.726 470.323 -1.033
1.000 785.944 470.441 1046.063 -1.033
532.710 211.856 625.300 255.908 -1.037
691.039 5.761 744.708 58.536 -1.040
2455.668 1638.198 2523.947 1734.822 -1.041
880.981 1187.206 936.944 1270.195 -1.042
1092.789 1188.609 1179.332 1222.656 -1.043
2463.955 1653.546 2592.000 1708.906 -1.043
743.679 240.762 796.731 301.086 -1.043
734.089 1344.962 777.675 1422.021 -1.044
1872.570 96.804 1954.418 119.738 -1.044
1053.432 1688.977 1100.941 1774.104 -1.047
1319.021 142.306 1375.728 203.283 -1.053
1083.934 1417.151 1130.161 1494.240 -1.053
1002.318 704.385 1090.172 813.689 -1.055
1130.153 1204.905 1212.722 1317.851 -1.058
1018.912 1193.484 1064.395 1268.783 -1.061
1027.893 1206.434 1084.585 1289.614 -1.065
1423.162 171.511 1571.324 344.051 -1.066
878.418 1116.684 995.838 1169.127 -1.067
2510.887 634.275 2590.252 715.468 -1.068
1026.334 112.232 1097.773 146.192 -1.068
2073.958 743.221 2135.147 814.447 -1.069
1947.391 1866.071 2002.797 1944.000 -1.073
1068.586 1006.966 1121.382 1083.165 -1.074
714.916 291.854 771.472 361.509 -1.075
1069.707 1284.394 1155.546 1323.289 -1.079
667.684 1669.040 746.740 1788.524 -1.079
1853.068 184.369 1910.641 242.124 -1.083
2015.642 1749.056 2069.661 1834.670 -1.084
1349.398 827.755 1399.570 895.794 -1.084
589.940 263.509 652.035 339.365 -1.085
1266.331 713.763 1358.348 826.040 -1.087
1413.003 957.737 1478.342 1041.278 -1.087
868.826 1322.694 906.067 1415.415 -1.090
807.669 337.467 843.973 412.966 -1.091
722.965 738.978 823.841 858.872 -1.091
758.288 454.027 809.019 513.855 -1.092
1763.779 1211.495 1860.603 1244.466 -1.093
5.458 665.914 165.373 866.888 -1.096
524.491 475.280 696.760 667.332 -1.099
979.385 1166.419 1053.725 1271.005 -1.101
1309.859 464.580 1704.380 648.784 -1.101
1545.452 319.840 1601.981 377.801 -1.102
947.136 570.383 1025.481 666.552 -1.103
2014.081 1637.753 2069.547 1723.225 -1.104
1131.305 1338.455 1177.233 1411.391 -1.105
2110.722 54.316 2225.697 96.383 -1.105
1020.012 1400.847 1076.054 1488.675 -1.106
579.862 1690.682 628.807 1777.960 -1.110
1069.275 1188.502 1123.076 1270.088 -1.111
1007.747 992.254 1065.431 1072.226 -1.116
2014.927 1585.253 2082.823 1681.545 -1.118
1799.540 1646.672 1851.452 1729.282 -1.121
2388.645 277.642 2461.088 345.825 -1.122
751.116 1007.919 808.920 1091.180 -1.124
1879.372 1340.565 1955.895 1444.773 -1.124
2006.997 1675.101 2071.989 1769.385 -1.128
1317.998 884.996 1368.530 951.243 -1.130
1984.312 1831.022 2083.947 1944.000 -1.131
1905.611 25.589 2106.009 119.479 -1.131
592.779 5.673 664.675 85.314 -1.132
2229.204 408.909 2304.852 490.767 -1.132
1406.858 1000.949 1481.318 1100.418 -1.134
846.576 241.757 899.694 299.886 -1.135
1216.217 431.832 1280.504 505.896 -1.136
2283.512 1389.984 2343.646 1472.231 -1.136
513.929 90.986 568.486 156.676 -1.136
1402.316 1478.695 1451.118 1560.723 -1.144
1351.555 961.781 1427.993 1059.269 -1.145
1330.421 1463.483 1377.817 1542.599 -1.146
955.631 1155.200 1136.198 1382.452 -1.151
1348.225 726.854 1428.828 821.132 -1.155
1642.438 172.113 1718.462 249.601 -1.156
1088.630 1438.691 1188.969 1479.006 -1.157
2025.141 1240.921 2135.547 1286.851 -1.159
963.242 1573.494 1012.813 1695.788 -1.160
8.528 1007.316 114.440 1147.033 -1.161
2335.432 404.290 2400.156 467.068 -1.162
1713.718 1346.047 1798.265 1459.238 -1.166
1912.583 589.158 1980.590 664.597 -1.166
1167.037 1715.892 1253.463 1750.958 -1.166
741.633 1463.870 807.205 1562.940 -1.168
999.479 1684.366 1091.342 1725.268 -1.174
1333.471 864.711 1403.508 959.025 -1.174
1459.238 1376.344 1564.317 1635.189 -1.174
1797.562 181.024 1859.526 239.193 -1.175
466.301 39.908 545.923 127.175 -1.176
671.256 319.619 720.562 377.007 -1.177
1842.672 1784.038 1904.112 1878.394 -1.179
2148.797 1790.895 2264.540 1944.000 -1.179
386.636 518.070 433.155 582.204 -1.180
1560.698 1559.810 1766.707 1654.397 -1.180
978.521 971.130 1060.564 1077.746 -1.184
1354.181 1470.847 1515.946 1552.500 -1.184
779.825 1067.483 1350.566 1744.095 -1.186
1445.926 744.731 1502.113 811.998 -1.187
677.645 368.986 728.459 431.820 -1.188
2044.230 1344.669 2097.572 1422.268 -1.192
1808.105 1166.869 1896.077 1190.248 -1.193
666.300 1203.551 721.944 1289.550 -1.193
855.908 1740.156 899.085 1825.496 -1.196
379.410 1528.699 425.440 1613.211 -1.197
1698.000 1711.771 1746.955 1792.219 -1.197
2277.996 367.220 2592.000 739.510 -1.197
354.684 1575.000 394.737 1654.544 -1.198
777.441 245.110 842.493 316.433 -1.199
415.239 1606.439 465.676 1701.367 -1.200
720.009 1100.870 818.618 1149.382 -1.202
817.171 761.713 909.213 803.132 -1.202
675.424 1418.748 730.286 1510.709 -1.203
1651.629 469.321 2043.217 657.389 -1.203
2236.157 757.440 2304.436 832.853 -1.206
861.162 510.649 918.908 583.902 -1.206
666.052 61.539 732.129 133.825 -1.208
423.237 941.286 515.022 1062.209 -1.209
1781.708 1778.519 1875.012 1811.463 -1.210
444.443 1794.941 524.237 1928.857 -1.212
1124.790 5.411 1196.643 78.062 -1.212
800.513 535.491 877.182 569.321 -1.213
2193.916 99.904 2592.000 332.179 -1.214
2216.677 46.997 2286.918 112.274 -1.214
1934.139 1486.491 2017.279 1600.391 -1.215
2235.286 657.520 2297.960 726.066 -1.218
825.923 499.741 893.751 578.406 -1.219
308.305 590.236 387.234 632.832 -1.219
1333.595 682.428 1389.557 750.610 -1.219
945.433 670.518 1063.070 811.632 -1.223
1579.061 705.238 1647.580 785.430 -1.224
722.426 1577.269 783.450 1675.822 -1.225
1638.844 714.218 1699.321 787.040 -1.225
58.281 1527.030 105.027 1613.849 -1.227
405.995 700.920 495.779 813.168 -1.230
428.526 1764.984 573.896 1944.000 -1.232
2261.073 32.750 2331.800 96.459 -1.233
1515.978 1572.900 1654.957 1758.998 -1.234
1492.789 1622.220 1532.652 1732.728 -1.234
478.623 311.027 528.336 370.311 -1.235
801.253 797.735 848.736 860.873 -1.236
410.788 1686.797 452.340 1768.070 -1.236
454.840 1656.605 941.966 1912.625 -1.238
2063.518 76.582 2151.887 99.778 -1.239
2116.046 408.262 2193.206 490.047 -1.239
1130.275 760.835 1185.191 829.208 -1.239
831.737 1027.539 952.677 1083.289 -1.240
781.738 631.680 1151.681 799.791 -1.240
341.876 259.675 658.365 442.540 -1.241
1746.779 1761.818 1823.807 1873.829 -1.242
195.212 1237.038 783.277 1944.000 -1.242
2069.934 697.793 2156.207 800.885 -1.243
557.698 5.579 626.988 86.165 -1.244
1289.576 1828.022 1376.385 1944.000 -1.246
1408.304 1546.068 1605.426 1803.537 -1.251
1990.445 678.363 2058.507 754.176 -1.251
1.000 598.586 262.822 750.383 -1.253
1202.955 824.335 1259.657 898.940 -1.254
1929.079 1788.311 1983.455 1876.369 -1.255
1304.511 230.494 1363.340 292.691 -1.255
1087.210 245.171 1163.613 400.357 -1.256
1255.916 154.068 1309.874 210.809 -1.256
1687.915 183.733 1763.949 261.591 -1.257
1947.511 1749.986 1999.925 1834.061 -1.257
12.141 1511.602 98.415 1644.269 -1.258
1778.943 158.572 1983.617 379.403 -1.260
476.878 464.305 539.673 540.155 -1.260
1791.170 1509.978 1846.003 1592.940 -1.263
1733.206 745.024 1819.147 769.676 -1.263
2139.993 621.743 2215.630 704.653 -1.265
418.070 465.552 570.226 648.124 -1.265
700.708 255.835 792.650 358.394 -1.265
1685.789 1301.938 1819.195 1468.663 -1.266
1108.375 987.651 1173.233 1075.803 -1.266
960.593 889.387 1008.299 959.560 -1.267
1203.246 334.007 1256.122 395.739 -1.267
1104.330 908.163 1158.754 982.833 -1.267
1275.925 978.521 1341.023 1062.789 -1.268
2087.604 1660.569 2120.588 1745.934 -1.268
1368.245 256.279 2106.342 629.132 -1.269
1044.313 979.150 1104.242 1060.638 -1.270
1670.663 1531.217 1771.668 1565.599 -1.272
1219.796 1764.056 1288.768 1868.372 -1.272
1632.723 3.678 1696.795 64.013 -1.273
2516.977 1551.548 2592.000 1663.108 -1.273
904.564 8.900 1019.158 142.915 -1.276
1202.512 174.125 1260.210 229.794 -1.276
1080.656 864.047 1133.574 933.166 -1.277
1490.070 785.677 1850.115 1180.952 -1.277
529.157 1021.947 607.323 1060.539 -1.277
418.579 437.483 724.554 646.548 -1.278
1527.193 96.666 1582.143 152.474 -1.279
633.964 1187.563 853.330 1290.958 -1.283
2094.256 50.693 2164.076 116.922 -1.284
1899.907 1517.932 1962.517 1608.009 -1.284
1728.738 1618.394 1778.574 1695.406 -1.285
1759.025 715.321 1820.752 788.789 -1.288
1036.173 975.516 1163.929 1125.537 -1.289
1938.693 1627.628 2015.795 1733.992 -1.289
1364.444 1780.040 1497.477 1944.000 -1.290
2150.187 1520.446 2206.856 1602.946 -1.294
1977.815 683.648 2073.922 798.886 -1.294
443.320 4.872 569.654 147.404 -1.294
1231.465 1829.391 1315.660 1944.000 -1.294
1877.395 1332.873 2014.916 1394.058 -1.295
939.526 124.332 1425.755 451.055 -1.295
1081.920 5.759 1176.957 103.503 -1.296
1029.178 447.988 1101.384 535.647 -1.300
1129.779 497.883 1399.819 805.992 -1.300
1801.612 1781.280 1859.339 1871.670 -1.301
1005.046 985.166 1262.034 1115.548 -1.302
6.658 1124.553 38.333 1211.860 -1.304
1614.397 1731.559 1663.882 1816.395 -1.306
2108.865 527.174 2167.758 588.029 -1.307
1129.468 929.081 1518.178 1139.821 -1.308
1596.772 1763.793 1649.463 1850.479 -1.309
10.344 640.863 249.209 925.124 -1.309
1768.179 1717.050 1819.751 1801.588 -1.310
379.484 708.433 424.962 772.972 -1.314
2258.020 1473.968 2331.203 1573.785 -1.315
1238.175 5.413 1310.787 76.903 -1.316
481.385 669.117 533.229 740.394 -1.316
1374.694 677.182 1438.987 754.657 -1.316
1540.345 1838.058 1586.031 1921.925 -1.316
18.979 3.733 883.053 472.130 -1.317
1091.231 578.417 1148.749 646.382 -1.319
1548.650 668.215 1642.872 782.597 -1.320
1291.477 437.614 1344.500 502.195 -1.328
2218.260 456.458 2280.182 517.895 -1.328
1381.566 1282.278 1527.814 1461.880 -1.331
1038.384 34.553 1106.389 105.044 -1.331
1401.626 766.003 1457.213 839.616 -1.332
640.821 685.596 690.460 750.601 -1.332
390.091 675.266 438.831 742.775 -1.333
2507.252 337.601 2592.000 363.094 -1.334
1675.282 1652.700 1765.346 1777.125 -1.334
1631.816 723.592 1764.335 775.282 -1.334
1160.808 843.339 1221.727 924.312 -1.334
1955.230 1371.950 2012.221 1454.150 -1.334
2223.113 717.222 2302.003 805.333 -1.335
1897.708 1806.578 1947.125 1890.216 -1.336
2077.780 652.132 2140.893 723.426 -1.338
1841.978 1845.864 1890.637 1928.494 -1.340
2185.614 750.007 2246.516 823.525 -1.340
1526.502 1813.276 1600.418 1926.323 -1.347
2358.227 790.913 2415.275 853.083 -1.348
1839.516 1727.240 1895.973 1817.180 -1.349
1703.726 662.754 1819.122 793.088 -1.350
1785.028 1691.347 1868.592 1810.415 -1.352
1727.881 1218.872 1856.885 1274.977 -1.357
1866.559 341.874 2581.788 740.929 -1.359
971.827 873.392 1044.688 962.381 -1.360
1363.283 1653.939 1424.030 1749.644 -1.363
2005.481 1504.684 2059.162 1582.793 -1.363
1164.292 1358.071 1610.252 1584.720 -1.364
611.154 910.855 662.962 984.729 -1.364
1656.445 1790.090 1721.908 1896.371 -1.366
2259.802 1536.352 2317.260 1618.012 -1.366
787.877 1007.907 959.220 1090.331 -1.369
1223.201 48.643 1286.959 111.021 -1.369
1573.384 1237.468 1660.841 1266.061 -1.371
1863.837 1695.565 2008.312 1755.192 -1.372
849.207 503.092 1389.473 809.470 -1.373
1870.463 1464.085 1967.831 1597.183 -1.373
2133.164 1172.967 2572.928 1728.357 -1.376
351.610 540.718 391.801 633.726 -1.377
730.682 667.569 790.140 741.010 -1.377
2101.520 1726.243 2159.974 1818.545 -1.378
824.764 441.875 936.245 491.935 -1.378
327.254 447.012 505.890 656.959 -1.378
305.118 709.611 353.119 777.704 -1.379
1880.653 1742.131 1944.775 1841.717 -1.381
1806.110 1602.828 2019.815 1880.545 -1.382
987.835 818.672 1038.156 888.783 -1.382
469.707 660.456 584.742 731.254 -1.384
1849.328 87.614 1959.427 125.227 -1.386
723.222 927.312 797.295 1087.300 -1.386
1906.534 6.208 2592.000 361.053 -1.387
2077.251 1641.428 2159.800 1758.404 -1.393
323.325 683.586 371.087 748.982 -1.396
1483.761 1846.291 1556.026 1944.000 -1.396
1842.901 1239.311 1896.898 1317.289 -1.397
1316.871 1539.431 1393.982 1653.078 -1.397
1329.026 4.045 1388.626 60.493 -1.397
1333.327 1632.700 1430.103 1665.273 -1.402
814.880 455.778 854.027 532.681 -1.405
896.075 441.944 960.399 519.607 -1.408
1062.216 430.813 1141.447 522.352 -1.409
1716.722 1453.006 1793.482 1558.167 -1.409
1566.113 108.631 2015.594 363.893 -1.409
1093.782 1788.723 1140.550 1873.308 -1.410
971.761 432.611 1029.310 498.138 -1.411
1676.527 1572.205 1818.937 1758.216 -1.411
1267.666 880.952 1320.760 950.260 -1.412
1188.572 437.663 1242.182 502.848 -1.414
1819.181 1130.385 1914.750 1248.440 -1.414
700.562 1005.366 853.065 1080.052 -1.415
868.051 451.259 947.646 546.957 -1.415
1148.196 886.157 1205.981 963.725 -1.417
1629.732 1237.442 1717.580 1265.534 -1.418
1406.781 7.141 1475.151 73.940 -1.418
1418.845 754.185 1492.487 844.584 -1.419
1462.331 1.612 1517.770 56.814 -1.422
1957.657 769.913 2027.893 852.270 -1.424
133.661 1100.730 165.252 1184.891 -1.424
1268.827 1535.810 1896.744 1938.508 -1.426
1057.042 813.002 1114.295 890.304 -1.429
2040.847 737.462 2108.859 814.261 -1.429
765.569 860.991 819.075 932.658 -1.429
2027.166 1336.428 2129.745 1466.651 -1.436
227.375 683.065 286.297 765.950 -1.438
777.590 490.472 858.405 589.758 -1.439
1382.099 837.440 1433.664 903.964 -1.446
1854.282 1393.205 1905.976 1468.568 -1.447
112.013 1542.418 159.841 1632.714 -1.448
1032.643 1834.524 1110.160 1944.000 -1.449
1940.776 715.573 2058.027 849.940 -1.450
1331.877 433.892 1383.293 493.434 -1.453
1501.945 707.363 1566.029 784.230 -1.454
2292.192 717.839 2363.173 797.045 -1.455
1414.931 50.606 1470.867 101.802 -1.460
1267.798 42.737 1340.581 116.230 -1.461
944.927 956.346 995.987 1030.192 -1.461
1644.038 44.108 1705.141 105.263 -1.461
663.115 668.196 718.789 740.064 -1.468
2032.194 1782.621 2081.121 1864.534 -1.469
2.313 343.374 249.333 791.949 -1.469
1057.277 290.686 1661.581 627.423 -1.472
297.536 333.745 582.552 673.901 -1.477
1772.305 1064.873 2592.000 1607.986 -1.478
1667.016 1434.445 1795.413 1592.756 -1.479
1174.806 3.858 1246.158 72.273 -1.481
837.036 181.425 933.686 222.887 -1.484
806.586 450.697 927.299 599.621 -1.484
420.026 675.854 498.334 713.270 -1.485
497.471 867.803 573.617 970.775 -1.486
10.862 1101.979 82.485 1208.826 -1.488
257.033 688.551 351.960 739.529 -1.488
2040.963 1602.633 2592.000 1898.486 -1.490
1004.862 3.424 1063.669 61.499 -1.490
1218.552 660.801 1535.958 839.375 -1.495
950.974 832.081 1009.901 951.742 -1.496
1212.893 888.902 1268.239 961.400 -1.498
1551.084 19.892 1616.591 81.651 -1.502
1701.235 28.840 1758.512 77.203 -1.503
1282.042 832.884 1375.901 949.011 -1.503
1976.961 1747.031 2050.132 1917.531 -1.504
1587.077 1476.895 1680.044 1505.439 -1.504
508.326 591.360 761.906 733.488 -1.505
1041.599 934.186 1088.653 999.588 -1.506
260.960 726.640 310.748 795.492 -1.508
1223.612 883.329 1339.117 932.468 -1.509
1863.751 1862.696 1994.260 1914.483 -1.510
2184.279 799.655 2263.923 892.848 -1.510
1972.996 1757.075 2134.240 1944.000 -1.511
354.957 684.195 401.066 750.400 -1.512
1047.626 1651.764 1149.439 1871.221 -1.512
342.932 697.558 384.320 783.677 -1.513
1336.217 1261.642 1422.299 1290.438 -1.516
298.668 722.932 377.690 825.158 -1.523
1015.292 852.737 1075.705 934.174 -1.529
967.258 92.701 1079.944 147.011 -1.530
1579.763 1424.779 1833.650 1552.382 -1.532
1.000 1004.019 1580.129 1816.836 -1.533
1381.394 129.479 1473.299 165.936 -1.533
1.000 471.644 302.495 1026.318 -1.533
879.162 105.720 936.341 163.341 -1.534
672.970 899.688 2592.000 1942.169 -1.545
1478.311 10.135 1542.132 76.094 -1.546
926.656 434.347 992.681 507.815 -1.549
1085.223 829.389 1150.980 915.158 -1.553
923.035 816.124 1019.419 856.929 -1.553
2050.926 742.267 2151.391 855.251 -1.554
860.875 4.926 925.945 71.659 -1.555
1369.731 4.824 1459.105 94.296 -1.562
1564.606 672.959 1752.379 759.259 -1.563
354.976 720.554 418.947 806.716 -1.564
2312.890 761.932 2375.346 829.614 -1.568
2127.023 805.961 2186.462 871.276 -1.570
2227.927 798.894 2301.391 884.326 -1.573
1582.114 36.128 1657.761 64.303 -1.574
2118.232 798.068 2211.031 822.636 -1.578
2157.039 741.791 2286.216 894.531 -1.581
1259.603 2.834 1350.495 96.610 -1.590
2134.855 668.047 2592.000 911.792 -1.597
1796.237 90.367 1866.900 111.016 -1.598
1170.652 125.089 2259.803 701.865 -1.606
744.730 560.222 801.049 626.257 -1.612
947.713 278.160 1141.067 674.761 -1.613
731.238 443.838 972.187 579.522 -1.614
917.927 824.899 974.951 903.600 -1.627
1718.470 10.799 1790.541 30.809 -1.638
1694.630 440.435 2123.326 1272.661 -1.641
993.915 16.218 1114.618 82.154 -1.642
500.438 762.390 916.192 959.205 -1.646
1169.766 816.102 1249.056 917.246 -1.648
1764.211 3.686 1826.397 58.968 -1.657
1.000 659.957 669.232 1022.710 -1.657
859.553 47.912 918.081 110.347 -1.660
847.195 91.228 958.677 154.825 -1.666
1509.610 1.000 1613.150 109.695 -1.669
950.042 819.950 1079.269 977.864 -1.676
998.370 61.632 1053.474 118.807 -1.688
1770.206 93.413 1848.784 122.219 -1.693
1485.823 105.649 1556.487 129.118 -1.701
1334.944 51.547 1390.024 103.880 -1.703
1207.782 786.165 1295.207 900.815 -1.708
1158.968 39.573 1216.100 92.595 -1.714
1.000 381.549 552.692 685.355 -1.718
1325.540 817.725 1450.687 870.333 -1.722
1414.971 851.906 1478.194 930.159 -1.722
1304.332 1.000 1408.283 108.195 -1.723
1703.986 22.927 1799.810 60.139 -1.730
1010.717 1.000 1164.090 168.244 -1.734
1135.725 861.776 1184.164 927.071 -1.739
2051.826 651.818 2206.885 833.513 -1.745
1025.310 380.812 2173.593 1077.250 -1.748
844.231 114.019 943.430 220.527 -1.754
785.897 219.105 995.406 436.476 -1.761
364.198 358.660 869.967 673.058 -1.765
853.977 312.583 1023.069 640.977 -1.774
1787.830 18.999 1850.169 75.659 -1.780
1844.162 19.091 1900.421 70.589 -1.785
1890.303 632.771 2592.000 1002.621 -1.804
1611.437 36.873 1717.409 76.539 -1.810
1150.009 73.903 1211.736 139.734 -1.820
1688.396 85.552 1776.254 126.928 -1.821
1619.761 2.893 1713.633 96.096 -1.834
717.562 427.050 1124.388 651.151 -1.841
1539.868 83.121 1685.774 146.750 -1.846
1427.767 46.396 1532.665 87.545 -1.848
1672.747 56.247 1841.060 126.265 -1.849
843.197 9.553 990.075 171.112 -1.860
1823.750 61.625 1953.500 119.027 -1.869
