1603.358 537.963 1831.603 659.961 -0.624
761.902 485.459 1254.041 681.589 -0.725
1426.085 329.159 1550.034 377.512 -0.731
1114.441 1546.690 1287.508 1601.424 -0.773
1144.873 1162.758 1218.886 1228.229 -0.799
288.042 1900.896 417.260 1936.353 -0.859
1218.738 527.571 1337.582 573.094 -0.875
1599.597 1176.817 1844.875 1259.117 -0.893
313.889 397.345 456.705 451.749 -0.915
494.935 1017.641 614.798 1056.227 -0.949
2019.134 339.849 2166.469 397.825 -0.985
2103.236 65.419 2213.706 114.855 -0.998
129.311 440.356 695.736 678.923 -1.017
1270.837 1044.789 1484.368 1127.707 -1.018
1470.879 556.580 1724.001 663.575 -1.019
563.840 386.827 700.910 439.857 -1.023
1982.766 1063.365 2184.706 1141.093 -1.034
609.968 1901.603 742.730 1935.910 -1.035
536.151 157.395 743.463 236.597 -1.042
434.425 693.836 576.271 744.149 -1.052
2444.711 1904.069 2556.838 1936.959 -1.053
