1491.377 1406.676 1540.856 1441.753 -0.624
1925.490 555.681 1955.480 647.824 -0.783
1914.914 467.277 2003.626 664.700 -0.801
1839.037 546.148 1895.012 585.971 -0.909
967.872 595.217 1039.858 659.859 -0.912
1654.355 293.070 1793.679 393.716 -0.912
1458.965 348.182 1510.256 389.514 -0.915
1005.706 189.987 1105.447 399.746 -0.923
1131.006 1388.747 1198.964 1467.248 -0.924
357.026 310.480 483.638 452.427 -0.927
2550.705 1160.670 2592.000 1183.976 -0.952
1504.576 1349.870 1515.276 1460.657 -0.963
1966.356 1079.035 2036.978 1129.327 -0.978
8.141 794.066 70.332 857.453 -0.980
785.641 895.182 832.532 1033.918 -0.984
1186.427 1022.021 1232.282 1057.018 -0.985
1652.516 1196.549 1710.858 1236.892 -0.990
547.627 1240.081 608.455 1310.284 -0.991
1170.647 655.320 1238.212 766.912 -0.995
1845.193 635.748 1904.745 732.789 -1.006
1458.647 1441.087 1534.258 1589.083 -1.010
1539.597 1484.013 1587.186 1587.449 -1.015
1191.099 568.908 1287.472 644.923 -1.015
849.752 1747.868 890.137 1786.017 -1.015
1102.608 1535.067 1105.726 1680.846 -1.020
166.925 1382.685 214.656 1521.910 -1.022
2017.795 285.828 2126.321 382.605 -1.023
1375.299 558.456 1447.712 653.891 -1.027
2268.295 1845.622 2327.827 1944.000 -1.028
1855.851 293.530 1945.579 376.963 -1.030
655.493 350.100 762.276 444.705 -1.030
2199.646 1213.555 2211.420 1341.048 -1.031
1535.750 660.575 1620.436 789.401 -1.034
1573.067 573.592 1624.647 648.582 -1.035
956.243 498.095 1136.465 665.220 -1.037
2145.213 217.232 2205.410 271.823 -1.039
97.794 1064.256 130.399 1178.330 -1.039
793.781 972.623 845.082 1095.878 -1.042
1178.015 259.555 1268.451 400.861 -1.043
1141.319 553.497 1211.268 657.762 -1.046
1504.034 1558.736 1564.885 1695.347 -1.048
297.225 198.913 856.131 1120.179 -1.051
1112.083 287.264 1199.986 398.869 -1.051
2553.373 1488.844 2592.000 1583.111 -1.051
1785.308 579.400 1847.590 647.088 -1.052
1671.156 557.843 1747.930 663.486 -1.052
1299.856 13.371 1357.324 60.292 -1.053
1954.433 634.854 2021.871 728.784 -1.055
2008.354 1802.132 2007.832 1937.176 -1.056
1511.000 1166.582 1553.865 1258.780 -1.057
552.528 149.173 594.544 217.116 -1.059
1006.091 652.362 1054.053 757.862 -1.060
1702.439 602.996 1766.015 724.874 -1.060
1964.738 1142.457 2033.803 1210.455 -1.061
1918.851 864.934 1978.337 953.880 -1.065
821.006 1834.644 859.938 1944.000 -1.065
2078.789 19.259 2130.475 60.950 -1.066
2396.217 24.023 2466.475 65.450 -1.066
2458.473 179.463 2535.175 271.730 -1.067
119.856 974.366 162.439 1084.381 -1.071
1885.537 1145.579 1946.693 1254.718 -1.071
1488.896 1270.752 1528.261 1375.717 -1.071
1511.453 172.734 2185.918 1283.397 -1.072
584.836 1286.325 616.574 1398.181 -1.072
1317.429 987.833 1363.845 1081.092 -1.073
741.223 677.665 977.376 1126.501 -1.074
2464.769 266.582 2523.676 318.418 -1.075
1870.797 42.184 2592.000 991.898 -1.078
15.845 1577.738 68.333 1661.854 -1.078
1043.137 361.329 1091.960 448.305 -1.080
1242.815 548.309 1300.457 671.784 -1.080
859.673 1379.045 892.464 1489.577 -1.082
1209.367 1486.176 1264.343 1623.909 -1.088
1430.356 1830.509 1465.071 1944.000 -1.089
1764.453 1207.958 1842.134 1376.055 -1.089
1855.000 1137.932 2288.780 1944.000 -1.089
191.273 481.898 229.203 567.584 -1.090
1135.046 598.251 1213.050 735.360 -1.091
921.093 336.483 973.458 413.547 -1.092
1363.079 1747.914 1404.371 1875.985 -1.092
1170.548 572.851 1261.544 755.245 -1.092
1372.098 1440.206 1670.262 1944.000 -1.093
196.342 562.862 264.288 700.150 -1.095
2351.325 1780.885 2406.669 1908.081 -1.096
584.870 1217.425 625.862 1346.013 -1.096
590.984 1457.817 627.019 1595.284 -1.097
858.957 1165.920 897.112 1276.708 -1.097
919.900 1551.738 997.327 1707.149 -1.097
962.234 100.887 1019.280 180.739 -1.097
1078.826 1573.511 1116.240 1704.350 -1.098
138.942 1322.028 169.266 1440.210 -1.098
1136.063 237.517 1204.473 331.106 -1.099
1093.380 1394.966 1137.907 1500.725 -1.099
1.000 832.400 28.782 925.156 -1.100
312.418 1385.328 356.694 1501.257 -1.100
1.000 1.000 602.231 1042.189 -1.101
1106.633 1147.825 1149.318 1266.915 -1.101
345.372 1415.734 378.999 1558.974 -1.101
1087.820 1745.848 1129.668 1875.586 -1.103
1373.758 189.147 1433.054 262.740 -1.105
1303.159 601.856 1374.224 702.111 -1.105
1171.438 1533.249 1221.891 1673.563 -1.105
535.409 1384.356 589.937 1516.939 -1.106
581.739 1343.877 629.061 1481.393 -1.107
2559.945 1581.124 2592.000 1678.818 -1.108
1.000 998.817 39.523 1109.423 -1.108
976.111 1567.065 1021.581 1705.346 -1.108
12.876 1151.647 68.176 1221.385 -1.108
234.079 1121.732 267.328 1225.475 -1.111
1647.467 103.567 2592.000 1944.000 -1.111
1069.151 12.552 1119.809 63.499 -1.111
838.434 1164.748 904.495 1320.047 -1.111
155.823 1108.191 190.737 1221.698 -1.111
303.931 1227.055 354.977 1362.239 -1.111
1188.100 188.729 1261.108 260.786 -1.111
2.577 1122.246 40.865 1248.007 -1.111
159.394 1181.114 194.062 1299.781 -1.111
