50.124 1.000 2575.565 1784.773 2.721
23.582 1193.493 47.232 1305.657 0.629
10.874 526.190 68.148 633.968 0.367
28.358 1361.845 50.154 1488.784 0.301
20.395 1008.380 75.870 1146.053 0.285
5.128 224.764 72.155 322.386 0.244
5.644 277.661 76.451 381.645 0.232
2441.730 1852.231 2592.000 1904.818 0.221
17.226 898.087 67.432 1021.942 0.173
2.445 1.997 43.916 114.581 0.168
23.281 1113.759 68.096 1246.815 0.149
13.878 650.674 68.131 764.975 0.038
34.913 1712.467 79.661 1887.622 0.004
4.067 105.681 78.672 204.761 -0.033
2512.110 1743.743 2557.466 1907.297 -0.083
8.767 382.655 58.156 470.297 -0.089
30.226 1518.753 41.776 1637.794 -0.090
30.811 1635.123 47.847 1761.889 -0.106
1.902 60.483 68.565 148.243 -0.186
1.000 1728.734 201.522 1850.314 -0.201
16.410 774.504 63.596 890.641 -0.204
1105.416 1727.765 1115.494 1861.688 -0.217
1.000 3.140 88.960 57.454 -0.233
29.159 1565.325 57.995 1702.789 -0.253
13.444 597.486 56.581 692.228 -0.254
3.537 2.427 87.810 114.062 -0.258
9.021 458.325 58.319 547.734 -0.275
14.173 721.422 66.874 836.864 -0.299
28.248 1513.419 67.850 1653.602 -0.328
29.744 1640.234 59.408 1784.544 -0.338
1682.222 1715.218 1729.743 1890.227 -0.400
895.293 1194.286 880.122 1417.880 -0.410
2105.911 1691.937 2219.144 1939.501 -0.451
10.093 592.698 85.505 720.350 -0.479
851.340 1856.642 1046.275 1937.952 -0.482
3.154 164.168 92.217 288.304 -0.495
2258.694 1866.918 2446.350 1919.170 -0.501
21.821 1261.777 76.442 1404.999 -0.510
1.000 1842.091 162.509 1940.426 -0.525
1872.703 1693.535 1961.874 1922.230 -0.534
1111.021 1721.040 1127.228 1853.377 -0.574
7.068 308.618 87.412 438.897 -0.584
222.526 1863.825 395.120 1944.000 -0.615
2456.523 1823.362 2592.000 1878.567 -0.643
18.055 832.572 78.932 961.493 -0.662
2491.609 1692.675 2563.773 1892.353 -0.676
1099.181 1726.477 1123.703 1870.956 -0.714
1281.642 1756.531 1455.406 1833.282 -0.720
993.845 1765.741 1201.870 1867.769 -0.730
2469.562 1774.499 2511.906 1939.881 -0.754
2378.468 1754.638 2411.092 1911.924 -0.754
892.157 1194.184 878.846 1417.135 -0.755
25.784 1348.923 72.348 1494.943 -0.766
2438.051 1678.020 2564.756 1941.647 -0.769
932.017 1750.833 1091.814 1828.230 -0.787
24.958 1063.982 56.833 1358.176 -0.792
2023.931 1786.418 2043.538 1928.460 -0.805
38.028 1680.144 31.007 1944.000 -0.824
1062.374 1830.735 1241.922 1903.944 -0.825
1626.265 1777.638 1640.538 1915.175 -0.826
695.637 1744.438 903.340 1840.510 -0.834
1743.807 1821.500 1997.400 1916.760 -0.856
8.214 409.694 74.813 520.365 -0.860
1378.385 1766.115 1568.065 1840.922 -0.861
1186.953 1857.857 1374.456 1933.755 -0.869
27.566 1434.013 53.408 1561.830 -0.887
2219.760 1776.972 2240.505 1918.669 -0.890
26.251 1171.953 23.653 1393.410 -0.896
695.624 1791.447 941.954 1923.951 -0.897
1303.798 1852.733 1489.745 1932.894 -0.912
940.892 1794.822 1169.263 1910.872 -0.923
1531.356 1808.943 1726.296 1884.850 -0.944
2249.382 1195.251 2226.859 1434.229 -0.957
11.498 471.438 86.730 591.303 -0.964
1662.392 1759.032 1863.710 1841.590 -0.967
1414.394 1809.075 1585.795 1876.201 -0.984
895.543 1195.326 879.444 1423.811 -1.001
1598.489 1181.970 1596.253 1454.311 -1.004
1160.381 1717.419 1442.547 1862.312 -1.009
525.636 1759.931 692.471 1841.870 -1.010
1471.562 1801.535 1729.933 1918.299 -1.016
868.970 877.374 864.536 1067.705 -1.017
2577.185 1629.357 2543.015 1921.586 -1.045
1418.150 1761.829 1460.757 1935.054 -1.048
596.924 1764.371 808.367 1881.635 -1.052
2064.672 1774.938 2398.600 1904.990 -1.055
1250.322 1140.240 1233.256 1358.643 -1.064
3.189 2.901 88.730 229.283 -1.081
35.743 1595.579 19.125 1858.841 -1.112
2559.252 935.909 2557.068 1178.223 -1.118
2142.018 1634.678 2592.000 1928.834 -1.121
1796.786 1773.832 1979.072 1836.818 -1.124
1252.908 1817.596 1441.706 1908.236 -1.131
2428.753 1700.731 2393.902 1944.000 -1.134
1763.377 1706.196 1837.050 1912.687 -1.134
2585.726 1725.337 2543.898 1944.000 -1.161
884.582 1197.794 872.317 1432.656 -1.162
202.562 1763.227 401.124 1872.284 -1.163
97.993 1843.661 273.757 1931.129 -1.168
2565.361 1071.306 2556.822 1317.859 -1.169
1212.295 955.388 1210.957 1166.489 -1.170
33.085 1405.885 16.445 1635.818 -1.176
1478.033 1700.509 1531.409 1875.002 -1.186
2577.558 1567.587 2545.966 1856.295 -1.191
1656.042 1816.001 1836.219 1884.501 -1.193
2546.636 1626.261 2544.782 1944.000 -1.197
903.942 1437.317 902.455 1741.707 -1.204
2121.632 1379.760 2107.954 1665.722 -1.205
