1675.998 563.587 1729.033 641.144 -0.569
196.341 697.107 245.999 764.274 -0.632
490.305 763.582 700.585 984.592 -0.737
1503.781 787.724 1841.219 1102.985 -0.785
2020.163 261.614 2126.908 382.156 -0.805
1185.509 174.179 1270.577 318.871 -0.852
2479.311 366.291 2592.000 485.568 -0.878
1600.244 1608.332 1673.957 1677.126 -0.888
895.809 953.819 982.195 1028.335 -0.916
1187.559 566.681 1253.230 629.331 -0.922
1263.981 1554.088 1343.319 1628.265 -0.927
1178.582 1602.070 1241.956 1665.976 -0.930
1715.935 576.432 1794.493 653.794 -0.939
1633.945 556.704 1736.201 658.778 -0.947
1526.417 1462.493 1588.371 1627.700 -0.952
996.818 496.530 1089.604 590.047 -0.955
2217.993 1218.337 2253.009 1317.936 -0.960
1244.362 1325.767 1516.198 1583.815 -0.963
2201.657 259.036 2243.480 349.901 -0.965
351.988 1141.626 467.311 1241.815 -0.967
1953.084 1.000 2039.787 75.483 -0.973
1723.089 556.578 1835.949 659.829 -0.973
898.228 1547.341 1103.788 1722.031 -0.975
414.973 954.645 479.396 1016.129 -0.980
181.554 1108.832 254.778 1170.939 -0.987
1967.995 84.257 2271.138 388.597 -0.988
606.864 1186.204 869.623 1427.603 -0.988
1932.072 562.477 1986.870 643.817 -0.989
1572.577 591.287 1641.698 658.359 -0.991
1241.442 1250.233 1313.943 1325.510 -0.991
873.662 1447.238 954.880 1693.496 -0.993
2477.008 1653.243 2592.000 1767.594 -0.995
1557.230 402.907 1632.329 471.633 -0.997
573.708 1164.726 630.489 1242.052 -0.999
1504.092 1327.566 1578.172 1565.905 -1.004
1137.199 190.965 1201.918 366.116 -1.004
1327.375 561.226 1411.378 643.970 -1.007
725.100 541.070 793.562 605.534 -1.011
1344.185 191.753 1411.334 271.093 -1.013
1478.033 1583.897 1551.633 1649.318 -1.014
460.761 1149.009 557.324 1242.569 -1.021
164.082 157.927 1078.975 1065.609 -1.024
1266.198 1056.138 1361.769 1132.819 -1.029
1781.296 500.386 1852.119 572.864 -1.029
1018.338 1768.049 1088.718 1837.683 -1.033
1890.579 78.685 1955.532 154.114 -1.035
1894.539 656.949 2000.894 762.463 -1.039
867.003 1735.788 962.650 1818.893 -1.039
1936.407 450.166 1971.030 544.048 -1.039
1075.368 200.587 1157.212 415.853 -1.040
1201.944 1511.534 1231.397 1643.134 -1.042
1286.322 578.021 1361.723 650.237 -1.044
1347.372 1066.003 1427.937 1150.536 -1.046
1526.041 467.926 1916.979 1148.121 -1.047
2203.253 1457.976 2255.946 1625.574 -1.049
1219.955 214.619 1277.734 405.568 -1.049
589.357 1240.115 617.048 1346.845 -1.051
2450.867 344.146 2592.000 788.917 -1.054
1.000 1236.801 49.113 1319.908 -1.054
625.469 1193.837 875.645 1668.394 -1.054
2479.915 62.004 2592.000 357.395 -1.055
1413.598 565.000 1476.655 632.448 -1.057
2046.745 1.000 2131.550 76.955 -1.059
2075.377 1794.109 2172.146 1887.470 -1.061
239.540 1112.531 902.107 1680.633 -1.061
2094.345 1420.729 2150.540 1605.550 -1.065
2019.338 459.177 2093.216 664.813 -1.065
2232.773 377.421 2317.790 469.297 -1.072
3.844 1.516 74.965 66.117 -1.074
1.000 16.945 87.877 98.803 -1.074
1399.913 149.498 1581.396 320.318 -1.074
1567.171 233.572 1632.734 307.187 -1.078
2105.811 1346.402 2162.886 1507.912 -1.081
1160.251 1275.864 1564.423 1658.400 -1.082
974.524 1759.738 1085.926 1852.920 -1.085
1474.964 387.697 1570.545 481.178 -1.085
1617.630 253.967 1706.183 345.222 -1.085
1016.876 1732.110 1130.805 1834.322 -1.086
1592.277 1526.890 1669.884 1600.221 -1.086
2056.912 44.919 2125.411 119.090 -1.087
2400.528 343.825 2592.000 1050.224 -1.088
1.633 330.096 84.218 410.628 -1.088
513.757 1.000 582.782 63.913 -1.089
2069.714 1871.190 2153.957 1944.000 -1.093
2211.810 1199.777 2269.856 1375.722 -1.094
1177.914 496.014 1262.260 572.264 -1.095
1269.351 537.542 1302.799 635.310 -1.096
926.656 1484.970 994.739 1547.747 -1.099
875.432 1398.091 1076.444 1718.675 -1.101
1461.839 389.486 1574.972 562.039 -1.101
1275.029 512.532 1341.029 579.980 -1.105
1064.939 1793.486 1188.607 1903.073 -1.108
2281.150 1856.013 2377.693 1944.000 -1.109
2144.806 1222.356 2329.010 1837.474 -1.110
1.000 1156.992 71.540 1227.265 -1.110
1983.303 653.386 2095.695 764.271 -1.112
2020.243 1328.934 2108.863 1592.506 -1.118
1176.920 567.107 1267.941 660.052 -1.118
846.386 1851.865 931.733 1928.238 -1.120
1568.926 1182.361 1642.958 1253.531 -1.124
1138.620 545.337 1226.858 629.633 -1.125
1704.512 1297.612 2124.723 1683.088 -1.125
1989.315 386.563 2068.460 468.916 -1.125
55.909 1159.659 152.653 1235.671 -1.126
1592.544 1835.672 1674.250 1905.329 -1.127
1228.531 569.945 1312.341 641.842 -1.128
82.860 1337.532 159.632 1399.724 -1.133
9.581 1443.578 53.401 1605.376 -1.133
395.227 1.000 465.060 41.786 -1.134
1590.395 1671.712 1671.062 1745.897 -1.134
911.976 1127.576 1012.015 1213.827 -1.134
2563.045 1086.688 2592.000 1186.900 -1.134
1925.057 496.513 1988.503 645.641 -1.134
1375.154 1745.302 1451.338 1823.303 -1.135
1988.839 1154.653 2275.174 1840.401 -1.136
1.000 1.000 242.142 161.056 -1.137
87.464 1.000 1784.640 1205.723 -1.139
2205.405 480.321 2246.474 592.867 -1.139
2120.933 754.397 2206.494 848.526 -1.142
1554.637 1417.309 1677.688 1530.853 -1.146
1970.036 486.463 2033.022 650.074 -1.146
2474.994 1838.577 2556.397 1921.766 -1.148
910.006 1752.247 1098.527 1906.009 -1.150
1830.035 307.827 1900.288 376.322 -1.150
2201.479 567.791 2234.967 664.062 -1.152
178.655 1321.562 203.887 1435.150 -1.155
1.000 1279.682 28.443 1395.285 -1.156
1929.435 379.296 2000.289 449.647 -1.158
2023.355 136.862 2244.146 651.203 -1.159
1748.652 1692.895 1839.435 1780.890 -1.159
1905.184 368.992 1995.340 693.130 -1.159
2506.477 1.000 2583.632 29.386 -1.161
2159.975 314.570 2592.000 1699.404 -1.161
1107.024 1118.185 1248.878 1633.375 -1.162
1.000 1569.827 39.366 1729.777 -1.166
1.000 710.943 77.854 774.290 -1.169
1630.927 1297.077 1745.494 1404.671 -1.170
1618.386 1177.039 1722.713 1266.000 -1.171
1897.384 1061.652 1997.078 1164.737 -1.173
1.000 1058.885 80.432 1144.960 -1.175
63.215 1132.666 154.284 1448.228 -1.175
2115.643 1.000 2229.247 64.783 -1.178
2281.546 1.000 2588.511 349.623 -1.178
1807.207 244.700 1897.891 330.470 -1.180
2055.919 922.077 2138.183 996.092 -1.182
2230.938 91.529 2328.071 192.874 -1.183
1661.842 101.090 2011.950 403.916 -1.184
6.531 877.917 175.847 1362.462 -1.185
1.000 837.913 231.433 1818.714 -1.188
1951.207 458.996 2083.798 589.297 -1.190
3.782 263.722 34.178 360.992 -1.192
1.000 220.400 60.944 272.279 -1.192
803.861 1682.779 879.788 1746.774 -1.193
763.952 1675.883 882.558 1777.933 -1.193
1942.457 453.647 2098.928 682.979 -1.194
1102.523 1590.778 1218.006 1678.331 -1.196
1743.452 1.000 1847.084 33.707 -1.201
1773.397 1221.077 1822.683 1358.675 -1.203
1162.417 1628.249 1241.302 1700.033 -1.206
1260.944 1828.807 1344.392 1894.651 -1.209
1218.405 1176.657 1287.278 1244.238 -1.210
1.000 627.496 38.110 789.016 -1.213
2564.818 1749.851 2592.000 1861.642 -1.215
9.020 1812.854 38.362 1944.000 -1.216
2.367 406.681 113.085 506.913 -1.220
1901.301 972.658 1942.943 1104.094 -1.220
1901.148 834.239 1950.043 997.484 -1.221
2536.356 1683.302 2592.000 1857.124 -1.222
1875.806 891.156 1963.027 1150.299 -1.222
495.524 1650.346 613.722 1754.723 -1.227
1872.690 126.854 2253.108 1247.739 -1.228
1468.546 1273.741 1798.490 1597.713 -1.230
1437.478 1615.279 1550.833 1723.482 -1.231
4.737 757.574 39.908 865.861 -1.232
1.000 1803.210 80.207 1881.599 -1.232
1086.960 1576.843 1129.135 1731.839 -1.233
2139.403 1794.661 2306.689 1940.097 -1.236
390.160 1679.669 473.098 1747.513 -1.239
3.987 44.348 153.505 465.174 -1.239
2219.953 1.000 2258.554 35.484 -1.240
1875.250 1.000 2046.698 91.733 -1.240
2453.865 1718.546 2562.012 1817.100 -1.241
1038.198 750.134 1931.034 1539.172 -1.243
1757.181 1842.939 1832.193 1916.474 -1.246
1.000 555.225 61.900 614.797 -1.248
1472.906 143.334 2556.031 1116.878 -1.248
879.196 1827.823 995.671 1944.000 -1.251
1856.489 1697.211 1940.029 1764.338 -1.254
216.272 1424.266 261.049 1577.484 -1.254
615.893 1772.665 690.739 1833.112 -1.255
2242.891 1.000 2307.946 25.319 -1.255
1.000 1.000 2429.358 1700.579 -1.257
1028.334 1567.779 1136.547 1876.606 -1.261
1650.125 1664.834 1744.629 1755.665 -1.269
1352.069 1553.074 1684.274 1863.248 -1.270
1.000 1839.257 84.436 1926.904 -1.272
853.028 1709.430 926.741 1775.102 -1.274
1820.359 1826.339 1909.075 1897.709 -1.278
800.231 1665.114 879.984 1929.750 -1.279
1505.821 1820.030 1615.481 1929.998 -1.280
1264.285 1664.546 1333.539 1741.726 -1.280
1306.147 1771.937 1383.792 1839.779 -1.280
630.142 1666.917 725.164 1748.030 -1.281
428.611 1760.308 517.498 1845.142 -1.283
2485.157 1780.129 2592.000 1887.235 -1.288
475.287 1715.252 563.385 1792.775 -1.290
1121.877 1566.990 1223.774 1840.244 -1.291
1288.388 1738.472 1388.195 1829.860 -1.295
1292.647 1858.343 1365.544 1921.673 -1.299
2567.741 1848.912 2592.000 1944.000 -1.301
1192.527 1843.007 1267.334 1924.277 -1.303
542.314 1737.924 665.508 1836.531 -1.305
2512.105 1866.310 2592.000 1944.000 -1.311
1868.937 1774.861 1983.613 1897.236 -1.311
1193.928 1752.763 1272.289 1834.762 -1.312
2002.805 1801.279 2037.526 1910.725 -1.315
680.999 1682.703 765.396 1757.521 -1.319
1901.504 1846.143 2013.659 1944.000 -1.322
2311.413 1806.607 2401.314 1890.611 -1.324
2381.952 1704.121 2480.120 1811.424 -1.326
972.348 1581.410 1269.584 1843.578 -1.329
1795.378 1698.385 1892.841 1783.850 -1.332
2044.521 1803.098 2081.447 1919.396 -1.335
1790.717 1851.567 1868.519 1925.693 -1.335
1393.837 1820.437 1491.630 1913.608 -1.337
1930.110 1738.192 2008.527 1816.936 -1.337
255.332 1853.775 332.359 1916.102 -1.338
853.990 1721.277 1008.079 1860.719 -1.338
