104.924 174.855 183.278 224.591 -0.986
1.000 36.358 122.821 123.865 -1.029
94.267 159.477 235.689 255.944 -1.110
1.000 7.434 206.000 140.791 -1.125
186.102 132.379 253.777 170.502 -1.141
170.405 112.772 230.228 151.957 -1.162
48.438 127.423 171.313 221.378 -1.170
47.898 202.707 119.073 253.164 -1.184
42.215 68.231 256.000 185.771 -1.197
172.063 4.610 252.577 55.376 -1.199
2.243 163.225 62.538 201.452 -1.211
1.000 162.358 116.019 246.650 -1.219
1.000 34.671 256.000 241.259 -1.327
223.900 236.218 256.000 256.000 -1.539
1.000 244.766 48.595 256.000 -1.624
18.266 238.755 76.684 256.000 -1.693
137.083 1.000 200.714 6.249 -1.766
67.173 1.000 170.996 11.419 -1.770
20.555 1.000 82.757 8.670 -1.793
236.158 1.000 256.000 8.825 -1.824
1.000 1.000 18.286 7.934 -1.833
5.921 1.000 102.328 12.436 -1.834
147.430 1.000 219.196 9.554 -1.838
215.275 1.000 256.000 6.626 -1.893
