1.000 105.440 183.693 241.957 -0.631
193.307 75.482 253.809 180.606 -0.759
1.000 52.196 73.732 107.438 -0.779
142.700 5.879 193.005 68.755 -0.960
132.974 65.495 256.000 186.448 -0.972
188.342 15.151 256.000 102.594 -1.002
137.644 125.159 255.372 254.272 -1.005
88.435 50.894 154.157 130.361 -1.038
86.783 65.739 247.876 248.867 -1.045
81.040 27.325 125.696 82.867 -1.046
118.860 21.654 176.784 93.401 -1.060
1.000 17.886 36.786 149.348 -1.063
44.721 57.208 103.921 123.903 -1.063
86.672 8.415 163.116 93.606 -1.064
46.239 230.194 102.742 256.000 -1.068
1.000 1.000 210.618 256.000 -1.070
199.980 1.000 247.223 24.710 -1.140
243.785 1.000 256.000 24.074 -1.181
168.169 1.000 256.000 38.963 -1.222
