1.000 82.600 16.635 143.533 -0.283
1.000 77.143 34.153 177.126 -0.299
1.000 34.494 50.059 223.825 -0.302
209.246 36.301 256.000 236.369 -0.348
239.744 230.758 256.000 256.000 -0.358
1.000 1.000 73.859 86.729 -0.364
1.000 174.815 74.452 256.000 -0.372
155.936 13.271 256.000 231.250 -0.380
83.842 98.416 256.000 256.000 -0.392
1.000 106.685 110.037 256.000 -0.426
1.000 1.000 104.410 132.741 -0.429
238.273 1.000 256.000 19.786 -0.454
1.000 1.000 237.301 102.147 -0.471
1.000 1.000 144.994 256.000 -0.511
59.504 1.000 256.000 188.867 -0.690
