138.931 10.581 194.598 66.013 -0.817
225.560 7.610 254.094 94.759 -0.849
166.043 11.374 233.543 70.924 -0.886
3.363 19.696 56.018 69.087 -0.959
16.030 19.191 111.975 106.016 -1.113
10.688 95.753 42.481 184.952 -1.124
181.799 165.287 238.245 216.910 -1.127
1.000 123.438 111.737 238.020 -1.155
85.388 111.650 147.718 174.448 -1.155
174.780 159.536 252.906 248.340 -1.160
153.181 3.352 249.245 95.083 -1.168
161.113 116.057 195.589 228.847 -1.168
1.000 1.000 198.179 123.829 -1.175
103.604 151.280 180.951 227.784 -1.193
48.558 114.386 178.320 237.280 -1.293
222.277 92.273 255.206 190.747 -1.322
