8.425 68.817 67.480 109.697 -1.040
26.608 61.914 84.606 133.220 -1.049
3.472 20.912 145.086 98.008 -1.077
3.193 85.036 101.700 149.381 -1.104
78.783 163.714 184.060 228.259 -1.111
167.911 187.250 227.196 221.852 -1.120
60.542 135.244 162.573 199.325 -1.150
75.585 79.457 187.076 150.659 -1.161
190.571 38.217 251.230 85.144 -1.181
13.454 114.527 118.599 186.725 -1.204
200.337 181.008 256.000 223.497 -1.205
8.697 180.188 72.486 226.497 -1.206
1.000 60.573 220.346 217.877 -1.206
187.337 80.681 256.000 136.262 -1.225
208.259 224.203 255.618 256.000 -1.245
173.702 176.249 245.298 233.082 -1.262
193.048 151.387 256.000 201.474 -1.265
137.122 23.102 196.420 58.431 -1.273
40.900 1.000 106.127 24.961 -1.287
151.763 34.149 249.761 96.929 -1.297
88.539 209.135 156.849 256.000 -1.297
4.145 1.000 220.214 111.714 -1.304
32.014 197.885 138.939 256.000 -1.311
170.789 226.152 231.145 256.000 -1.319
61.500 159.344 255.393 256.000 -1.331
196.279 1.000 256.000 32.771 -1.398
202.474 128.392 253.182 161.094 -1.403
188.026 7.641 256.000 53.648 -1.434
187.251 105.612 256.000 169.326 -1.441
1.000 220.757 47.139 256.000 -1.443
1.000 192.084 26.842 245.345 -1.567
1.000 184.857 77.790 256.000 -1.595
186.783 27.590 256.000 146.853 -1.602
134.667 2.964 256.000 161.582 -1.654
