5.571 1.449 256.000 169.490 -0.306
581.148 1.000 256.000 96.735 -0.317
1.000 1.000 -53.489 62.277 -0.337
85.621 1.000 63.328 26.700 -0.339
403.460 1.000 256.000 16.021 -0.340
1.000 1.000 -12.680 42.330 -0.342
293.913 1.000 256.000 3.970 -0.345
332.148 1.000 157.117 49.855 -0.348
1.000 1.000 -174.438 161.770 -0.350
1.000 1.000 -13.697 45.362 -0.352
504.736 1.000 256.000 66.572 -0.354
286.921 1.000 256.000 20.831 -0.361
1.000 1.000 8.802 104.099 -0.361
337.512 1.000 256.000 44.818 -0.363
1.000 1.000 -30.551 64.969 -0.364
281.946 1.000 256.000 26.267 -0.366
1.000 1.000 -101.074 68.482 -0.369
374.276 1.000 256.000 100.907 -0.369
259.728 1.000 256.000 26.576 -0.371
269.778 1.000 256.000 48.821 -0.373
311.572 1.000 256.000 6.177 -0.374
257.183 1.000 256.000 35.595 -0.377
261.353 1.000 256.000 45.250 -0.379
1.000 26.208 -37.380 88.710 -0.379
1.000 1.000 -271.953 200.598 -0.381
178.858 1.000 129.747 27.952 -0.383
230.886 227.275 256.000 256.000 -0.387
199.744 220.320 256.000 256.000 -0.388
293.573 1.000 256.000 3.995 -0.389
269.521 1.000 256.000 34.731 -0.389
93.251 1.000 29.463 23.456 -0.389
1.000 1.000 -108.434 73.390 -0.390
80.354 1.000 72.010 0.514 -0.391
255.297 1.000 235.421 47.043 -0.391
269.471 1.000 256.000 17.120 -0.394
258.767 109.621 256.000 141.107 -0.394
318.153 1.000 256.000 -0.096 -0.396
289.832 1.000 136.970 43.414 -0.396
131.084 1.000 53.239 21.751 -0.397
1.000 26.942 -50.169 85.167 -0.398
270.783 1.000 256.000 30.797 -0.398
274.434 1.000 256.000 52.315 -0.399
143.470 201.224 256.000 256.000 -0.399
264.538 1.000 256.000 45.561 -0.400
291.017 1.000 256.000 21.658 -0.400
1.000 1.000 -73.964 100.452 -0.401
1.000 27.277 -16.936 71.225 -0.403
1.000 1.000 -253.642 187.171 -0.404
1.000 1.000 -291.578 214.989 -0.405
1.000 206.269 32.200 253.244 -0.406
294.644 1.000 256.000 3.806 -0.407
1.000 7.043 -349.685 256.000 -0.408
228.884 1.000 219.414 22.632 -0.409
1.000 1.000 -45.838 24.472 -0.410
1.000 187.815 110.430 256.000 -0.410
162.435 1.000 149.982 22.006 -0.411
1.000 1.000 -18.519 29.960 -0.412
1.000 1.000 -31.436 59.518 -0.412
266.135 1.000 256.000 52.562 -0.412
1.000 1.000 -2.090 18.211 -0.413
1.000 1.000 -1.158 102.748 -0.414
350.606 1.000 256.000 53.655 -0.414
1.000 1.000 -64.568 67.006 -0.415
79.803 172.315 256.000 256.000 -0.416
1.000 1.000 -54.900 30.176 -0.418
1.000 148.190 -18.574 189.772 -0.419
290.058 1.000 256.000 66.480 -0.419
1.000 70.652 -30.670 144.284 -0.419
262.416 1.000 256.000 30.812 -0.420
1.000 1.000 -3.660 25.330 -0.420
282.401 1.000 256.000 48.711 -0.420
273.753 1.000 256.000 54.514 -0.422
287.005 1.000 256.000 41.109 -0.422
421.165 1.000 256.000 62.062 -0.422
1.000 219.507 -8.231 256.000 -0.422
304.611 1.000 229.659 73.006 -0.423
1.000 186.486 -48.347 256.000 -0.423
1.000 1.000 -396.721 256.000 -0.423
1.000 25.232 -22.489 92.324 -0.423
1.000 1.000 -60.145 62.525 -0.424
1.000 1.000 -101.642 199.422 -0.424
1.000 5.793 -159.563 256.000 -0.424
1.000 33.533 -81.107 96.474 -0.425
304.112 1.000 256.000 -0.065 -0.425
264.268 1.000 256.000 71.951 -0.425
1.000 13.686 -134.175 118.498 -0.426
232.834 1.000 228.599 51.181 -0.427
279.315 1.000 256.000 51.302 -0.427
1.000 39.561 -52.575 101.958 -0.427
103.553 1.000 94.854 0.467 -0.427
147.196 1.000 143.041 22.150 -0.427
390.047 1.000 256.000 -6.915 -0.428
1.000 1.000 -113.517 116.593 -0.428
1.000 1.000 -84.261 128.128 -0.428
268.965 1.000 248.046 2.857 -0.429
1.000 1.000 -41.165 99.984 -0.429
306.363 1.000 239.968 16.867 -0.429
1.000 33.884 -92.125 91.110 -0.430
1.000 38.977 -97.265 109.585 -0.430
241.291 1.000 234.953 34.803 -0.430
1.000 1.000 -27.164 50.560 -0.430
277.265 1.000 256.000 54.972 -0.431
1.000 1.000 -78.519 119.554 -0.431
1.000 1.000 -73.162 111.554 -0.431
261.632 1.000 256.000 43.588 -0.432
1.000 33.716 -149.587 228.878 -0.432
97.698 1.000 86.809 23.562 -0.432
1.000 113.867 69.458 256.000 -0.433
1.000 52.919 -17.780 97.930 -0.433
311.167 1.000 256.000 6.837 -0.433
344.992 1.000 256.000 80.256 -0.433
1.000 1.000 -29.220 54.182 -0.434
181.795 1.000 176.396 20.683 -0.434
288.934 1.000 256.000 105.586 -0.436
1.000 42.636 -60.181 91.880 -0.436
1.000 149.539 -20.544 194.310 -0.437
15.798 138.180 129.307 203.582 -0.437
1.000 15.450 -138.381 106.552 -0.437
1.000 1.000 -68.163 104.090 -0.437
1.000 1.000 -114.269 124.342 -0.438
1.000 41.743 -104.353 117.443 -0.438
1.000 12.799 -125.091 110.569 -0.439
266.154 1.000 256.000 32.415 -0.439
1.000 31.096 -26.285 83.436 -0.439
1.000 1.000 -97.011 147.166 -0.440
1.000 1.000 -59.148 90.628 -0.441
55.966 1.000 32.180 -3.778 -0.441
1.000 32.808 -51.137 107.691 -0.441
1.000 221.737 -3.849 256.000 -0.441
1.000 14.472 -7.161 58.372 -0.442
1.000 194.082 -36.554 256.000 -0.442
1.000 1.000 -115.504 88.377 -0.443
299.411 1.000 226.646 34.324 -0.443
1.000 1.000 -90.415 137.317 -0.444
301.940 1.000 195.593 40.646 -0.444
195.327 1.000 185.858 28.289 -0.444
249.523 1.000 233.120 39.786 -0.445
1.000 1.000 -173.222 178.598 -0.445
1.000 1.000 -161.523 166.645 -0.445
339.878 1.000 256.000 43.921 -0.445
1.000 33.018 -13.918 93.266 -0.446
1.000 1.000 -32.114 25.448 -0.446
53.553 1.000 45.631 17.603 -0.446
1.000 159.045 -29.079 219.148 -0.448
1.000 1.000 -12.311 34.403 -0.448
301.165 1.000 256.000 13.457 -0.450
1.000 49.670 -22.311 90.162 -0.450
1.000 1.000 -39.880 31.308 -0.451
287.263 5.020 256.000 62.199 -0.451
1.000 1.000 -42.739 65.738 -0.452
118.390 1.000 111.157 93.768 -0.452
