31.460 3.007 206.211 136.077 -0.964
161.592 164.907 225.897 256.000 -0.979
209.193 29.781 256.000 92.307 -1.071
103.980 153.250 154.912 250.647 -1.083
5.780 204.875 69.612 256.000 -1.086
14.867 141.833 100.650 242.127 -1.099
1.000 91.703 24.332 168.397 -1.100
207.981 191.379 254.604 256.000 -1.101
58.921 27.150 256.000 256.000 -1.107
1.000 37.362 39.815 134.519 -1.108
1.000 1.000 44.565 80.654 -1.119
1.000 29.793 70.841 197.689 -1.123
1.000 1.000 118.162 241.483 -1.126
193.455 1.000 256.000 48.703 -1.138
