16.357 182.777 91.793 227.900 -1.119
104.841 132.093 183.875 177.973 -1.141
9.574 127.341 102.549 175.900 -1.220
79.547 11.085 154.520 63.318 -1.220
85.644 154.336 165.092 201.623 -1.267
59.921 24.370 160.676 91.689 -1.285
90.246 206.193 177.992 255.176 -1.285
64.462 128.549 173.833 198.874 -1.303
59.747 1.000 256.000 140.017 -1.314
49.958 175.069 120.211 217.451 -1.316
10.099 40.800 78.838 82.618 -1.319
18.991 161.270 121.143 227.137 -1.326
19.254 18.300 94.041 59.305 -1.330
158.532 165.477 229.519 219.889 -1.353
1.000 85.520 68.610 129.817 -1.359
