1.000 39.688 112.488 112.685 -1.003
70.327 171.931 133.873 216.350 -1.009
115.703 28.351 184.829 72.003 -1.037
142.650 94.546 209.309 135.369 -1.039
165.549 19.716 256.000 66.987 -1.052
94.239 33.806 199.940 102.668 -1.054
1.000 173.207 68.539 229.854 -1.061
114.051 4.558 234.425 92.405 -1.094
84.814 154.033 232.373 228.648 -1.097
90.840 88.772 184.940 150.400 -1.109
21.415 158.611 103.941 221.663 -1.129
7.212 1.000 219.254 154.458 -1.136
1.000 145.177 162.507 256.000 -1.159
50.950 51.842 243.567 240.378 -1.201
165.453 226.263 224.669 256.000 -1.282
212.894 225.654 256.000 256.000 -1.353
186.128 1.000 256.000 128.747 -1.514
127.640 228.161 200.565 256.000 -1.520
231.935 201.280 256.000 246.613 -1.597
182.176 219.135 256.000 256.000 -1.625
240.019 131.771 256.000 175.824 -1.651
237.813 165.986 256.000 212.395 -1.694
225.842 178.900 256.000 256.000 -1.708
1.000 117.122 16.085 167.748 -1.739
232.194 84.412 256.000 179.793 -1.746
1.000 4.047 12.060 50.196 -1.803
1.000 102.334 22.322 182.734 -1.862
1.000 1.000 8.948 5.971 -1.863
106.641 228.967 256.000 256.000 -1.864
1.000 58.757 49.607 227.926 -1.879
