754.414 1.000 256.000 116.496 -0.315
188.554 1.000 256.000 49.519 -0.317
1.000 1.000 87.001 23.699 -0.322
126.438 1.000 199.490 58.147 -0.331
1.000 1.000 39.318 54.225 -0.336
94.655 1.000 256.000 49.751 -0.336
1.000 75.543 23.439 121.617 -0.337
152.055 1.000 256.000 168.470 -0.346
207.936 1.000 168.881 36.499 -0.346
1.000 1.000 116.789 51.585 -0.352
1.000 1.000 -16.143 52.109 -0.359
1.000 1.000 128.195 174.497 -0.363
45.554 1.000 256.000 91.734 -0.365
346.153 1.000 232.938 30.758 -0.367
270.804 1.000 256.000 8.955 -0.372
146.774 1.000 141.021 39.052 -0.373
1.000 1.000 -19.775 42.217 -0.375
1.000 1.000 -54.675 123.657 -0.376
253.900 1.000 256.000 -2.184 -0.378
1.000 1.000 -28.139 26.227 -0.380
262.153 1.000 256.000 18.384 -0.381
1.000 1.000 -9.251 32.104 -0.390
348.792 1.000 256.000 33.735 -0.392
1.000 226.554 27.820 256.000 -0.392
1.000 1.000 -15.954 52.092 -0.395
401.132 1.000 256.000 5.595 -0.397
282.785 1.000 256.000 74.012 -0.398
311.110 1.000 254.006 70.880 -0.399
1.000 1.000 -51.300 78.909 -0.399
1.000 223.579 -16.300 256.000 -0.401
1.000 1.000 -47.765 73.631 -0.401
1.000 203.574 27.376 245.655 -0.402
1.000 1.000 -37.954 79.964 -0.402
6.375 225.118 71.561 253.396 -0.405
197.419 1.000 186.832 3.279 -0.405
573.012 1.000 256.000 88.311 -0.405
1.000 1.000 -0.981 95.874 -0.406
360.426 1.000 256.000 51.894 -0.406
268.053 1.000 256.000 22.599 -0.406
260.482 1.000 239.387 16.518 -0.407
1.000 1.000 -24.031 101.287 -0.407
46.643 1.000 44.004 2.149 -0.407
265.506 3.449 256.000 50.946 -0.408
392.975 1.000 256.000 77.618 -0.408
1.000 215.036 -0.208 256.000 -0.409
291.469 1.000 256.000 6.733 -0.409
302.704 1.000 256.000 79.317 -0.412
174.003 1.000 165.862 69.375 -0.412
144.765 1.000 137.105 24.518 -0.413
1.000 1.000 -3.927 7.675 -0.414
1.000 217.126 -1.729 254.386 -0.415
291.211 1.000 256.000 6.293 -0.418
274.742 1.000 256.000 42.241 -0.419
1.000 1.000 -55.088 84.566 -0.419
1.000 1.000 -17.205 55.824 -0.419
260.571 25.630 256.000 83.391 -0.419
1.000 1.000 -44.467 68.707 -0.420
1.000 90.150 -133.841 256.000 -0.420
311.309 1.000 226.861 83.839 -0.421
129.972 153.654 256.000 256.000 -0.422
1.000 220.181 -21.863 256.000 -0.423
1.000 210.500 -26.774 250.858 -0.423
1.000 1.000 -14.786 48.610 -0.423
284.836 1.000 256.000 26.509 -0.424
278.100 1.000 256.000 39.416 -0.424
292.872 1.000 256.000 55.011 -0.424
275.862 1.000 256.000 62.597 -0.425
266.630 1.000 256.000 37.186 -0.425
1.000 222.570 -6.411 256.000 -0.426
327.822 1.000 256.000 140.192 -0.426
1.000 1.000 -13.697 45.362 -0.427
267.498 1.000 223.163 13.560 -0.427
305.097 1.000 256.000 6.439 -0.428
1.000 218.183 -23.675 256.000 -0.428
1.000 1.000 -114.269 124.342 -0.428
1.000 184.151 72.465 256.000 -0.428
1.000 1.000 -39.443 44.024 -0.428
258.086 1.000 256.000 19.081 -0.429
1.000 1.000 -20.286 62.439 -0.429
246.655 1.000 204.923 39.783 -0.431
93.080 1.000 82.502 15.304 -0.431
281.609 1.000 256.000 45.264 -0.431
336.746 1.000 256.000 35.301 -0.431
261.734 1.000 256.000 35.012 -0.432
87.490 1.000 73.281 -2.364 -0.432
1.000 56.990 -25.849 103.555 -0.432
1.000 68.979 -47.466 137.572 -0.433
124.337 1.000 82.907 19.795 -0.433
30.186 173.463 125.803 235.727 -0.433
1.000 1.000 -106.517 116.022 -0.433
134.169 1.000 115.350 2.069 -0.434
102.793 74.923 256.000 256.000 -0.435
120.852 1.000 67.270 14.390 -0.436
337.678 1.000 256.000 142.768 -0.436
1.000 1.000 -77.771 59.125 -0.436
246.929 1.000 200.750 36.275 -0.437
1.000 1.000 -142.544 108.783 -0.437
1.000 114.459 54.606 238.255 -0.437
1.000 1.000 -42.380 47.176 -0.437
1.000 62.586 -16.921 100.262 -0.438
1.000 1.000 -43.947 104.393 -0.438
1.000 1.000 -122.576 133.260 -0.438
1.000 1.000 -2.533 29.964 -0.438
293.089 1.000 256.000 171.894 -0.438
264.366 1.000 256.000 10.827 -0.439
1.000 1.000 -94.571 218.282 -0.439
1.000 81.898 -20.464 121.765 -0.439
257.615 1.000 256.000 17.813 -0.439
1.000 1.000 -102.508 150.354 -0.439
1.000 186.227 -70.435 256.000 -0.439
1.000 1.000 -99.285 108.259 -0.439
198.881 1.000 183.658 31.076 -0.440
365.669 1.000 256.000 38.742 -0.440
1.000 1.000 -45.528 50.556 -0.440
1.000 202.086 -22.869 256.000 -0.441
1.000 1.000 -17.274 61.449 -0.441
231.518 1.000 221.037 24.653 -0.441
263.475 1.000 256.000 10.112 -0.441
264.762 72.548 256.000 108.941 -0.443
350.922 1.000 256.000 20.303 -0.443
1.000 205.069 -17.361 248.763 -0.443
1.000 1.000 -14.362 39.505 -0.443
252.227 1.000 245.314 38.044 -0.444
276.600 1.000 256.000 67.810 -0.445
268.049 1.000 256.000 10.442 -0.445
1.000 208.212 -17.870 256.000 -0.445
360.586 1.000 256.000 86.679 -0.446
1.000 136.759 -35.556 213.897 -0.446
296.076 1.000 256.000 72.670 -0.447
291.061 1.000 251.259 16.139 -0.448
1.000 1.000 -90.415 137.317 -0.449
244.004 1.000 228.585 25.277 -0.449
306.584 1.000 256.000 119.199 -0.449
1.000 1.000 -94.928 127.776 -0.449
275.467 1.000 256.000 132.798 -0.450
323.311 1.000 256.000 10.102 -0.450
284.313 1.000 256.000 42.235 -0.450
277.431 13.467 256.000 56.274 -0.450
1.000 1.000 -57.646 134.405 -0.450
1.000 1.000 -48.902 54.177 -0.450
356.352 1.000 256.000 50.164 -0.451
275.360 1.000 256.000 34.333 -0.451
292.833 38.565 256.000 130.900 -0.451
