108.859 91.248 167.664 188.719 0.491
134.364 98.903 195.689 200.634 -0.487
178.924 118.008 251.656 247.546 -0.630
65.151 111.546 156.692 250.050 -0.776
128.201 69.158 198.042 117.629 -0.909
193.124 77.539 255.423 129.709 -0.961
53.778 81.284 121.121 139.530 -0.963
1.000 186.963 48.790 239.142 -0.992
3.400 80.272 74.565 165.432 -0.997
113.684 91.272 218.578 221.763 -1.000
90.867 13.903 185.886 83.718 -1.000
200.425 12.241 256.000 76.704 -1.022
2.320 157.670 77.685 243.600 -1.035
77.177 221.488 216.235 256.000 -1.045
1.000 61.479 104.473 241.521 -1.057
18.168 27.727 62.924 78.908 -1.059
65.689 12.110 110.329 64.123 -1.067
65.415 80.869 256.000 246.137 -1.070
44.869 28.166 85.969 79.637 -1.072
198.408 29.522 256.000 124.295 -1.073
1.000 10.923 38.584 74.398 -1.076
1.000 210.877 166.909 256.000 -1.081
6.119 7.038 81.705 100.599 -1.082
1.000 1.000 174.525 202.563 -1.094
150.695 14.113 216.481 96.072 -1.104
166.097 1.000 251.909 43.758 -1.121
168.654 7.277 256.000 147.150 -1.122
226.978 238.377 256.000 256.000 -1.139
199.801 240.179 250.107 256.000 -1.146
98.640 1.000 256.000 55.484 -1.203
101.568 1.000 249.736 155.287 -1.236
