1.000 1.000 9.127 114.134 -0.090
1.000 175.712 22.625 221.688 -0.098
1.000 1.000 23.886 256.000 -0.100
189.531 1.000 256.000 256.000 -0.111
1.000 1.000 58.174 256.000 -0.116
1.000 1.000 -2.352 256.000 -0.136
1.000 1.000 -6.022 256.000 -0.136
1.000 1.000 -9.691 256.000 -0.136
1.000 1.000 -13.361 256.000 -0.136
1.000 1.000 -17.031 256.000 -0.136
271.150 1.000 256.000 256.000 -0.136
267.485 1.000 256.000 256.000 -0.136
263.821 1.000 256.000 256.000 -0.136
260.156 1.000 256.000 256.000 -0.136
1.000 1.000 -2.124 256.000 -0.136
1.000 1.000 -5.548 256.000 -0.136
1.000 1.000 -8.972 256.000 -0.136
1.000 1.000 -12.396 256.000 -0.136
1.000 1.000 -15.820 256.000 -0.136
1.000 1.000 -1.911 256.000 -0.136
1.000 1.000 -5.106 256.000 -0.136
1.000 1.000 -8.300 256.000 -0.136
1.000 1.000 -11.495 256.000 -0.136
1.000 1.000 -14.690 256.000 -0.136
277.936 2.524 256.000 256.000 -0.136
274.745 1.000 256.000 256.000 -0.136
271.555 1.000 256.000 256.000 -0.136
268.365 1.000 256.000 256.000 -0.136
265.175 1.000 256.000 256.000 -0.136
261.985 1.000 256.000 256.000 -0.136
258.795 1.000 256.000 256.000 -0.136
1.000 1.000 -1.712 256.000 -0.136
1.000 1.000 -4.693 256.000 -0.136
1.000 1.000 -7.674 256.000 -0.136
1.000 1.000 -10.655 256.000 -0.136
1.000 1.000 -13.635 256.000 -0.136
259.394 2.447 256.000 256.000 -0.136
1.000 1.000 -1.527 256.000 -0.136
1.000 1.000 -4.308 256.000 -0.136
1.000 1.000 -7.089 256.000 -0.136
1.000 1.000 -9.871 256.000 -0.136
1.000 1.000 -12.652 256.000 -0.136
278.439 49.494 256.000 256.000 -0.136
275.661 2.375 256.000 256.000 -0.136
272.884 1.000 256.000 256.000 -0.136
270.107 1.000 256.000 256.000 -0.136
267.330 1.000 256.000 256.000 -0.136
264.553 1.000 256.000 256.000 -0.136
261.776 1.000 256.000 256.000 -0.136
258.999 1.000 256.000 256.000 -0.136
1.000 1.000 -1.354 256.000 -0.136
1.000 1.000 -3.949 256.000 -0.136
1.000 1.000 -6.544 256.000 -0.136
1.000 1.000 -9.139 256.000 -0.136
1.000 1.000 -11.734 256.000 -0.136
259.863 46.271 256.000 256.000 -0.136
257.272 2.308 256.000 256.000 -0.136
1.000 1.000 -1.193 256.000 -0.136
1.000 1.000 -3.614 256.000 -0.136
1.000 1.000 -6.035 256.000 -0.136
1.000 1.000 -8.456 256.000 -0.136
1.000 1.000 -10.877 256.000 -0.136
274.172 84.284 256.000 256.000 -0.136
271.754 43.265 256.000 256.000 -0.136
269.336 2.245 256.000 256.000 -0.136
266.919 1.000 256.000 256.000 -0.136
264.501 1.000 256.000 256.000 -0.136
262.084 1.000 256.000 256.000 -0.136
259.666 1.000 256.000 256.000 -0.136
257.248 1.000 256.000 256.000 -0.136
1.000 1.000 -1.042 256.000 -0.136
1.000 1.000 -3.301 256.000 -0.136
1.000 1.000 -5.560 256.000 -0.136
1.000 1.000 -7.819 256.000 -0.136
1.000 1.000 -10.078 256.000 -0.136
1.000 1.000 -0.902 256.000 -0.136
1.000 1.000 -3.010 256.000 -0.136
1.000 1.000 -5.117 256.000 -0.136
1.000 1.000 -7.225 256.000 -0.136
1.000 1.000 -9.333 251.202 -0.136
266.361 109.260 256.000 256.000 -0.136
264.257 73.551 256.000 256.000 -0.136
262.152 37.842 256.000 256.000 -0.136
260.048 2.132 256.000 256.000 -0.136
257.943 1.000 256.000 256.000 -0.136
1.000 1.000 -0.771 256.000 -0.136
1.000 1.000 -2.738 256.000 -0.136
1.000 1.000 -4.704 256.000 -0.136
1.000 1.000 -6.671 250.765 -0.136
1.000 1.000 -8.637 234.422 -0.136
274.294 135.354 256.000 256.000 -0.136
272.331 102.036 256.000 256.000 -0.136
270.367 68.718 256.000 256.000 -0.136
268.403 35.400 256.000 256.000 -0.136
266.440 2.082 256.000 256.000 -0.136
264.476 1.000 256.000 256.000 -0.136
262.512 1.000 256.000 256.000 -0.136
260.548 1.000 256.000 256.000 -0.136
258.585 1.000 256.000 256.000 -0.136
1.000 1.000 -0.649 256.000 -0.136
1.000 1.000 -2.484 256.000 -0.136
1.000 1.000 -4.319 249.263 -0.136
1.000 1.000 -6.153 234.014 -0.136
1.000 1.000 -7.988 218.765 -0.136
1.000 1.000 -0.535 256.000 -0.136
1.000 1.000 -2.247 246.840 -0.136
1.000 1.000 -3.959 232.612 -0.136
1.000 1.000 -5.671 218.385 -0.136
1.000 1.000 -7.383 204.157 -0.136
261.297 147.015 256.000 256.000 -0.136
259.587 118.010 256.000 256.000 -0.136
257.878 89.005 256.000 256.000 -0.136
1.000 1.000 -0.428 243.626 -0.136
1.000 1.000 -2.026 230.352 -0.136
1.000 1.000 -3.623 217.077 -0.136
1.000 1.000 -5.220 203.802 -0.136
1.000 1.000 -6.818 190.528 -0.136
264.744 164.324 256.000 256.000 -0.136
263.149 137.262 256.000 256.000 -0.136
261.554 110.199 256.000 256.000 -0.136
259.959 83.137 256.000 256.000 -0.136
258.364 56.074 256.000 256.000 -0.136
1.000 1.000 -0.329 227.354 -0.136
1.000 1.000 -1.819 214.968 -0.136
1.000 1.000 -3.310 202.582 -0.136
1.000 1.000 -4.800 190.196 -0.136
1.000 1.000 -6.291 177.811 -0.136
266.562 178.662 256.000 256.000 -0.136
265.074 153.412 256.000 256.000 -0.136
263.586 128.162 256.000 256.000 -0.136
262.098 102.911 256.000 256.000 -0.136
260.610 77.661 256.000 256.000 -0.136
259.121 52.411 256.000 256.000 -0.136
257.633 27.161 256.000 256.000 -0.136
1.000 1.000 -0.236 212.171 -0.136
1.000 1.000 -1.627 200.614 -0.136
1.000 1.000 -3.018 189.058 -0.136
1.000 1.000 -4.408 177.502 -0.136
1.000 1.000 -5.799 165.945 -0.136
266.955 190.349 256.000 256.000 -0.136
265.566 166.790 256.000 256.000 -0.136
264.178 143.231 256.000 256.000 -0.136
262.789 119.671 256.000 256.000 -0.136
261.401 96.112 256.000 256.000 -0.136
260.012 72.552 256.000 256.000 -0.136
258.623 48.993 256.000 251.916 -0.136
257.235 25.434 256.000 241.134 -0.136
1.000 1.000 -0.150 198.004 -0.136
1.000 1.000 -1.447 187.222 -0.136
1.000 1.000 -2.745 176.439 -0.136
1.000 1.000 -4.042 165.657 -0.136
1.000 1.000 -5.340 154.875 -0.136
266.104 199.676 256.000 256.000 -0.136
264.808 177.694 256.000 256.000 -0.136
263.513 155.712 256.000 256.000 -0.136
262.217 133.731 256.000 256.000 -0.136
260.922 111.749 256.000 256.000 -0.136
259.626 89.767 256.000 255.209 -0.136
258.330 67.786 256.000 245.149 -0.136
257.035 45.804 256.000 235.088 -0.136
1.000 1.000 -0.069 184.787 -0.136
1.000 1.000 -1.280 174.726 -0.136
1.000 1.000 -2.490 164.666 -0.136
1.000 1.000 -3.701 154.606 -0.136
1.000 1.000 -4.912 144.545 -0.136
264.174 206.906 256.000 256.000 -0.136
262.966 186.396 256.000 256.000 -0.136
261.757 165.886 256.000 256.000 -0.136
260.548 145.377 256.000 256.000 -0.136
259.339 124.867 256.000 256.000 -0.136
258.130 104.358 256.000 247.547 -0.136
1.000 1.000 -1.124 163.067 -0.136
1.000 1.000 -2.253 153.681 -0.136
1.000 1.000 -3.383 144.294 -0.136
1.000 1.000 -4.512 134.908 -0.136
261.315 212.278 256.000 256.000 -0.136
260.187 193.142 256.000 256.000 -0.136
259.059 174.006 256.000 256.000 -0.136
257.931 154.870 256.000 256.000 -0.136
1.000 1.000 -0.978 152.189 -0.136
1.000 1.000 -2.032 143.431 -0.136
1.000 1.000 -3.085 134.673 -0.136
1.000 1.000 -4.139 125.915 -0.136
271.430 233.864 256.000 256.000 -0.136
270.378 216.009 256.000 256.000 -0.136
269.326 198.154 256.000 256.000 -0.136
268.273 180.300 256.000 256.000 -0.136
267.221 162.445 256.000 248.270 -0.136
266.169 144.590 256.000 240.098 -0.136
265.116 126.736 256.000 231.927 -0.136
264.064 108.881 256.000 223.755 -0.136
263.012 91.026 256.000 215.584 -0.136
261.959 73.172 256.000 207.412 -0.136
260.907 55.317 256.000 199.241 -0.136
259.855 37.462 256.000 191.069 -0.136
258.802 19.608 256.000 182.898 -0.136
257.750 1.753 256.000 174.726 -0.136
1.000 1.000 -0.842 142.040 -0.136
1.000 1.000 -1.825 133.868 -0.136
1.000 1.000 -2.808 125.697 -0.136
1.000 1.000 -3.791 117.525 -0.136
266.174 234.954 256.000 256.000 -0.136
265.192 218.295 256.000 256.000 -0.136
264.210 201.636 256.000 254.559 -0.136
263.229 184.977 256.000 246.935 -0.136
262.247 168.318 256.000 239.310 -0.136
261.265 151.659 256.000 231.686 -0.136
260.283 135.000 256.000 224.062 -0.136
259.301 118.341 256.000 216.437 -0.136
258.319 101.682 256.000 208.813 -0.136
257.337 85.023 256.000 201.189 -0.136
1.000 1.000 -0.715 132.570 -0.136
1.000 1.000 -1.632 124.946 -0.136
1.000 1.000 -2.550 117.321 -0.136
1.000 1.000 -3.467 109.697 -0.136
272.399 250.398 256.000 256.000 -0.136
271.482 234.855 256.000 256.000 -0.136
270.566 219.311 256.000 251.782 -0.136
269.650 203.768 256.000 244.668 -0.136
268.734 188.225 256.000 237.554 -0.136
267.818 172.681 256.000 230.440 -0.136
266.902 157.138 256.000 223.327 -0.136
265.986 141.595 256.000 216.213 -0.136
265.070 126.051 256.000 209.099 -0.136
264.154 110.508 256.000 201.985 -0.136
263.238 94.964 256.000 194.872 -0.136
262.321 79.421 256.000 187.758 -0.136
261.405 63.878 256.000 180.644 -0.136
260.489 48.334 256.000 173.530 -0.136
259.573 32.791 256.000 166.417 -0.136
258.657 17.247 256.000 159.303 -0.136
257.741 1.704 256.000 152.189 -0.136
261.326 250.398 256.000 256.000 -0.136
260.409 234.855 256.000 256.000 -0.136
259.493 219.311 256.000 251.782 -0.136
258.577 203.768 256.000 244.668 -0.136
257.661 188.225 256.000 237.554 -0.136
1.000 1.000 -0.596 123.734 -0.136
1.000 1.000 -1.452 116.621 -0.136
1.000 1.000 -2.308 109.507 -0.136
1.000 1.000 -3.164 102.393 -0.136
265.414 248.224 256.000 254.875 -0.136
264.559 233.722 256.000 248.237 -0.136
263.705 219.219 256.000 241.600 -0.136
262.850 204.717 256.000 234.963 -0.136
261.995 190.214 256.000 228.325 -0.136
261.140 175.712 256.000 221.688 -0.136
260.286 161.209 256.000 215.051 -0.136
259.431 146.707 256.000 208.413 -0.136
258.576 132.204 256.000 201.776 -0.136
257.721 117.702 256.000 195.139 -0.136
1.000 1.000 -0.486 115.490 -0.136
1.000 1.000 -1.284 108.853 -0.136
1.000 1.000 -2.083 102.216 -0.136
1.000 1.000 -2.882 95.578 -0.136
268.586 258.756 256.000 250.234 -0.136
267.788 245.225 256.000 244.041 -0.136
266.991 231.693 256.000 237.849 -0.136
266.193 218.162 256.000 231.656 -0.136
265.395 204.631 256.000 225.463 -0.136
264.598 191.100 256.000 219.270 -0.136
263.800 177.568 256.000 213.077 -0.136
263.003 164.037 256.000 206.884 -0.136
262.205 150.506 256.000 200.691 -0.136
261.408 136.974 256.000 194.499 -0.136
260.610 123.443 256.000 188.306 -0.136
259.813 109.912 256.000 182.113 -0.136
259.015 96.380 256.000 175.920 -0.136
258.218 82.849 256.000 169.727 -0.136
257.420 69.318 256.000 163.534 -0.136
1.000 258.756 16.757 250.234 -0.136
1.000 245.225 16.012 244.041 -0.136
1.000 1.000 -0.383 107.798 -0.136
1.000 1.000 -1.128 101.605 -0.136
1.000 1.000 -1.873 95.413 -0.136
1.000 1.000 -2.618 89.220 -0.136
270.147 266.770 256.000 245.075 -0.136
269.403 254.145 256.000 239.297 -0.136
268.658 241.520 256.000 233.519 -0.136
267.914 228.895 256.000 227.741 -0.136
267.170 216.270 256.000 221.963 -0.136
266.426 203.644 256.000 216.185 -0.136
265.682 191.019 256.000 210.406 -0.136
264.938 178.394 256.000 204.628 -0.136
264.194 165.769 256.000 198.850 -0.136
263.450 153.144 256.000 193.072 -0.136
262.706 140.519 256.000 187.294 -0.136
261.961 127.894 256.000 181.516 -0.136
261.217 115.268 256.000 175.737 -0.136
260.473 102.643 256.000 169.959 -0.136
259.729 90.018 256.000 164.181 -0.136
258.985 77.393 256.000 158.403 -0.136
258.241 64.768 256.000 152.625 -0.136
257.497 52.143 256.000 146.847 -0.136
1.000 266.770 17.096 245.075 -0.136
1.000 254.145 16.401 239.297 -0.136
1.000 241.520 15.705 233.519 -0.136
1.000 228.895 15.010 227.741 -0.136
1.000 1.000 -0.286 100.622 -0.136
1.000 1.000 -0.982 94.843 -0.136
1.000 1.000 -1.677 89.065 -0.136
1.000 1.000 -2.372 83.287 -0.136
270.299 272.557 256.000 239.488 -0.136
269.605 260.777 256.000 234.097 -0.136
268.910 248.997 256.000 228.705 -0.136
268.216 237.218 256.000 223.314 -0.136
267.522 225.438 256.000 217.923 -0.136
266.828 213.658 256.000 212.532 -0.136
266.133 201.879 256.000 207.141 -0.136
265.439 190.099 256.000 201.749 -0.136
264.745 178.319 256.000 196.358 -0.136
264.050 166.540 256.000 190.967 -0.136
263.356 154.760 256.000 185.576 -0.136
262.662 142.980 256.000 180.185 -0.136
261.968 131.201 256.000 174.793 -0.136
261.273 119.421 256.000 169.402 -0.136
260.579 107.641 256.000 164.011 -0.136
259.885 95.862 256.000 158.620 -0.136
259.190 84.082 256.000 153.229 -0.136
258.496 72.302 256.000 147.837 -0.136
257.802 60.523 256.000 142.446 -0.136
257.108 48.743 256.000 137.055 -0.136
1.000 272.557 17.319 239.488 -0.136
1.000 260.777 16.670 234.097 -0.136
1.000 248.997 16.022 228.705 -0.136
1.000 237.218 15.373 223.314 -0.136
1.000 225.438 14.724 217.923 -0.136
1.000 213.658 14.075 212.532 -0.136
1.000 1.000 -0.196 93.925 -0.136
1.000 1.000 -0.845 88.534 -0.136
1.000 1.000 -1.494 83.143 -0.136
1.000 1.000 -2.143 77.752 -0.136
269.224 276.378 256.000 233.553 -0.136
268.576 265.387 256.000 228.522 -0.136
267.929 254.396 256.000 223.492 -0.136
267.281 243.406 256.000 218.462 -0.136
266.633 232.415 256.000 213.432 -0.136
265.985 221.424 256.000 208.402 -0.136
265.337 210.433 256.000 203.372 -0.136
264.690 199.442 256.000 198.341 -0.136
264.042 188.451 256.000 193.311 -0.136
263.394 177.461 256.000 188.281 -0.136
262.746 166.470 256.000 183.251 -0.136
262.098 155.479 256.000 178.221 -0.136
261.451 144.488 256.000 173.190 -0.136
260.803 133.497 256.000 168.160 -0.136
260.155 122.506 256.000 163.130 -0.136
259.507 111.516 256.000 158.100 -0.136
258.860 100.525 256.000 153.070 -0.136
258.212 89.534 256.000 148.040 -0.136
257.564 78.543 256.000 143.009 -0.136
1.000 276.378 17.440 233.553 -0.136
1.000 265.387 16.835 228.522 -0.136
1.000 254.396 16.230 223.492 -0.136
1.000 243.406 15.625 218.462 -0.136
1.000 232.415 15.019 213.432 -0.136
1.000 221.424 14.414 208.402 -0.136
1.000 210.433 13.809 203.372 -0.136
1.000 199.442 13.203 198.341 -0.136
1.000 1.000 -0.113 87.677 -0.136
1.000 1.000 -0.718 82.647 -0.136
1.000 1.000 -1.323 77.617 -0.136
1.000 1.000 -1.929 72.587 -0.136
1.000 213.658 22.467 212.532 -0.139
257.932 254.145 256.000 239.297 -0.141
1.000 228.895 24.004 227.741 -0.143
255.494 245.225 256.000 244.041 -0.143
1.000 276.378 25.270 233.553 -0.146
1.000 221.424 22.244 208.402 -0.147
1.000 237.218 23.765 223.314 -0.147
258.711 233.864 256.000 256.000 -0.147
257.658 216.009 256.000 256.000 -0.147
258.946 258.756 256.000 250.234 -0.147
257.351 231.693 256.000 237.849 -0.147
1.000 258.756 26.397 250.234 -0.147
1.000 245.225 25.651 244.041 -0.147
261.153 266.770 256.000 245.075 -0.147
259.664 241.520 256.000 233.519 -0.147
1.000 266.770 26.090 245.075 -0.147
1.000 254.145 25.395 239.297 -0.147
1.000 241.520 24.699 233.519 -0.147
261.907 272.557 256.000 239.488 -0.147
261.213 260.777 256.000 234.097 -0.147
260.519 248.997 256.000 228.705 -0.147
1.000 272.557 25.711 239.488 -0.147
1.000 260.777 25.062 234.097 -0.147
1.000 248.997 24.413 228.705 -0.147
261.394 276.378 256.000 233.553 -0.147
260.746 265.387 256.000 228.522 -0.147
260.099 254.396 256.000 223.492 -0.147
1.000 265.387 24.665 228.522 -0.147
1.000 254.396 24.060 223.492 -0.147
1.000 243.406 23.454 218.462 -0.147
259.488 226.882 256.000 198.103 -0.149
1.000 222.349 17.947 221.282 -0.149
257.047 190.099 256.000 201.749 -0.150
1.000 213.315 26.462 200.237 -0.151
259.824 237.218 256.000 223.314 -0.155
259.451 243.406 256.000 218.462 -0.158
1.000 232.415 22.849 213.432 -0.158
258.920 228.895 256.000 227.741 -0.159
259.864 219.508 256.000 201.494 -0.159
256.860 199.442 256.000 198.341 -0.161
258.176 216.270 256.000 221.963 -0.162
259.130 225.438 256.000 217.923 -0.162
257.741 201.879 256.000 207.141 -0.162
258.803 232.415 256.000 213.432 -0.162
1.000 204.968 33.069 203.781 -0.165
264.360 235.680 256.000 256.000 -0.173
253.891 254.145 256.000 239.297 -0.175
250.274 254.703 256.000 232.847 -0.195
247.394 263.903 256.000 219.301 -0.200
251.163 245.225 256.000 244.041 -0.200
3.162 214.799 28.222 209.458 -0.208
259.711 258.413 256.000 256.000 -0.212
1.000 218.639 33.770 204.102 -0.214
3.009 276.378 33.100 233.553 -0.221
116.286 1.000 256.000 256.000 -0.224
4.737 271.055 29.310 229.688 -0.225
8.314 258.756 45.676 250.234 -0.225
3.612 266.851 30.041 235.346 -0.225
258.957 260.064 256.000 224.658 -0.227
1.000 277.040 34.883 230.854 -0.230
248.087 263.906 256.000 240.317 -0.231
1.000 199.442 26.707 198.341 -0.231
4.151 270.711 39.803 232.387 -0.232
257.906 231.512 256.000 219.172 -0.232
1.000 194.583 30.342 193.116 -0.233
1.000 229.922 32.288 209.289 -0.233
5.295 266.483 43.597 238.239 -0.234
1.000 254.145 34.389 239.297 -0.235
1.000 271.576 35.921 235.822 -0.238
252.403 228.895 256.000 227.741 -0.239
1.000 263.906 36.933 240.317 -0.242
253.129 232.415 256.000 213.432 -0.251
1.000 245.225 37.945 244.041 -0.251
245.513 235.627 256.000 213.431 -0.252
261.967 243.225 256.000 244.111 -0.252
1.000 1.000 133.887 256.000 -0.253
252.454 277.040 256.000 230.854 -0.255
2.194 256.315 53.822 254.617 -0.255
251.021 271.576 256.000 235.822 -0.258
231.433 251.779 256.000 248.799 -0.266
257.648 134.559 256.000 166.585 -0.268
257.810 244.514 256.000 237.339 -0.269
4.110 260.260 45.260 243.736 -0.270
6.055 244.514 32.025 237.339 -0.273
7.016 250.213 31.161 231.548 -0.273
252.574 280.562 256.000 225.497 -0.276
1.000 232.415 28.523 213.432 -0.279
1.563 248.030 30.035 234.858 -0.285
251.186 199.442 256.000 198.341 -0.286
4.888 269.571 41.053 220.467 -0.295
250.630 247.589 256.000 210.407 -0.296
1.000 230.501 40.557 213.548 -0.301
241.573 255.454 256.000 252.990 -0.302
245.734 276.378 256.000 233.553 -0.303
7.147 260.777 39.535 234.097 -0.305
10.164 265.461 45.514 231.383 -0.312
245.123 272.557 256.000 239.488 -0.321
3.442 249.073 28.100 219.628 -0.322
74.468 272.195 98.529 241.608 -0.323
1.000 247.776 31.835 215.930 -0.324
18.676 259.180 42.397 246.912 -0.326
240.269 163.702 256.000 161.849 -0.329
72.267 268.073 98.146 248.121 -0.329
11.980 270.711 47.633 232.387 -0.333
210.976 260.260 252.126 243.736 -0.333
188.430 255.925 226.229 245.623 -0.341
236.531 163.349 256.000 155.741 -0.342
238.217 283.115 256.000 232.104 -0.345
11.376 266.483 49.678 238.239 -0.349
70.950 272.195 95.011 241.608 -0.350
10.628 260.260 51.778 243.736 -0.351
15.299 258.756 52.661 250.234 -0.353
18.478 261.146 38.992 231.204 -0.354
239.376 273.280 256.000 246.414 -0.357
78.348 268.073 104.227 248.121 -0.362
39.688 255.925 77.487 245.623 -0.370
75.890 261.965 103.724 254.329 -0.373
232.681 258.756 256.000 250.234 -0.373
70.881 275.738 78.376 256.000 -0.376
242.217 276.378 256.000 233.553 -0.378
238.806 258.951 256.000 230.044 -0.380
196.822 255.925 234.621 245.623 -0.381
66.186 268.073 92.065 248.121 -0.381
206.585 276.378 236.677 233.553 -0.383
23.906 262.079 82.964 228.965 -0.384
224.621 282.046 249.151 234.718 -0.386
217.347 273.280 245.721 246.414 -0.386
66.896 261.965 94.730 254.329 -0.387
18.607 265.731 37.662 225.823 -0.388
248.167 195.669 256.000 150.856 -0.388
62.199 283.530 75.137 243.939 -0.389
216.571 276.378 246.662 233.553 -0.389
82.078 266.527 111.699 240.442 -0.400
251.061 194.505 256.000 170.891 -0.401
14.874 269.571 51.039 220.467 -0.402
33.968 253.744 82.082 244.246 -0.409
14.477 265.261 53.329 225.463 -0.409
249.680 228.709 256.000 208.177 -0.409
19.158 265.461 54.509 231.383 -0.411
89.051 268.073 114.930 248.121 -0.413
41.293 251.779 85.501 248.799 -0.413
87.361 261.965 115.195 254.329 -0.413
201.902 272.195 225.962 241.608 -0.414
34.707 255.454 68.929 252.990 -0.416
223.581 284.705 244.004 241.986 -0.421
241.883 254.703 256.000 232.847 -0.422
240.555 259.720 256.000 227.357 -0.423
227.352 284.705 247.774 241.986 -0.424
117.246 266.770 152.008 245.075 -0.426
41.543 256.676 70.694 247.332 -0.426
173.880 266.527 203.502 240.442 -0.430
22.014 251.779 66.222 248.799 -0.430
248.991 238.581 256.000 222.104 -0.432
220.223 266.770 254.985 245.075 -0.433
35.714 286.229 66.275 226.663 -0.433
108.543 272.557 140.886 239.488 -0.438
189.540 266.527 219.161 240.442 -0.440
101.407 265.043 142.620 231.221 -0.442
6.308 259.265 62.380 233.616 -0.443
68.643 273.679 81.112 250.829 -0.444
236.569 274.147 256.000 249.371 -0.445
36.650 284.705 57.073 241.986 -0.446
42.015 252.202 72.583 245.477 -0.449
115.761 258.413 150.995 256.000 -0.451
22.099 260.260 63.248 243.736 -0.452
162.753 272.195 186.813 241.608 -0.453
123.785 258.413 159.019 256.000 -0.454
4.264 179.203 41.556 173.227 -0.456
184.857 262.344 208.447 248.498 -0.456
28.874 282.046 53.405 234.718 -0.457
5.347 234.157 42.426 198.378 -0.458
108.252 266.770 143.014 245.075 -0.461
71.928 270.179 80.059 256.000 -0.462
166.050 266.527 195.672 240.442 -0.464
4.995 229.749 43.729 227.339 -0.464
239.167 195.917 256.000 182.584 -0.465
257.149 107.833 256.000 141.036 -0.465
37.146 265.461 72.497 231.383 -0.467
247.634 199.056 256.000 169.022 -0.469
167.788 265.180 174.779 256.000 -0.470
3.313 213.315 39.966 200.237 -0.470
182.349 255.925 220.148 245.623 -0.470
37.342 265.261 76.194 225.463 -0.471
31.261 265.261 70.113 225.463 -0.471
119.930 265.733 150.446 251.669 -0.472
25.661 259.180 49.383 246.912 -0.472
237.753 277.862 256.000 242.774 -0.473
161.216 263.828 173.214 256.000 -0.473
124.989 282.046 149.519 234.718 -0.473
38.364 269.571 74.529 220.467 -0.474
97.889 265.043 139.102 231.221 -0.475
243.633 158.012 256.000 148.707 -0.475
235.694 229.777 256.000 224.469 -0.475
94.885 260.583 117.976 256.000 -0.476
247.107 244.514 256.000 237.339 -0.477
171.484 257.515 196.859 255.506 -0.477
153.386 263.828 165.385 256.000 -0.479
104.773 272.557 137.116 239.488 -0.480
38.610 253.744 86.724 244.246 -0.482
65.000 265.387 95.134 228.522 -0.485
43.664 265.461 79.014 231.383 -0.485
135.965 277.862 154.465 242.774 -0.486
115.756 251.779 159.964 248.799 -0.487
167.950 263.589 187.365 256.000 -0.488
247.301 232.225 256.000 204.495 -0.488
244.439 254.396 256.000 223.492 -0.488
169.272 258.864 176.863 256.000 -0.489
86.902 266.483 125.205 238.239 -0.490
116.935 272.557 149.278 239.488 -0.491
174.652 263.669 189.171 256.000 -0.492
259.524 241.916 256.000 211.508 -0.493
96.816 277.862 115.315 242.774 -0.493
62.537 254.145 97.348 239.297 -0.494
96.607 268.475 118.054 255.668 -0.495
240.243 221.114 256.000 216.418 -0.495
251.718 228.770 256.000 208.521 -0.497
236.936 236.463 256.000 219.540 -0.497
25.847 257.353 63.840 235.559 -0.498
243.037 155.937 256.000 150.985 -0.499
176.504 261.999 208.343 246.872 -0.500
110.290 265.733 140.806 251.669 -0.501
250.568 201.555 256.000 164.239 -0.502
123.685 258.555 178.150 233.144 -0.502
243.598 206.525 256.000 170.049 -0.502
178.440 257.159 199.346 256.000 -0.502
159.396 265.180 166.387 256.000 -0.502
100.396 261.965 128.230 254.329 -0.506
247.356 229.856 256.000 203.494 -0.506
246.189 250.489 256.000 190.170 -0.508
143.344 278.086 178.645 237.161 -0.511
121.295 255.925 159.094 245.623 -0.511
47.781 257.353 85.774 235.559 -0.512
125.396 251.779 169.604 248.799 -0.514
239.924 192.886 256.000 189.738 -0.514
187.434 257.159 208.341 256.000 -0.514
104.525 260.583 127.615 256.000 -0.514
25.676 265.461 61.026 231.383 -0.514
11.945 251.955 42.909 216.493 -0.516
115.828 253.750 163.366 242.397 -0.517
138.493 282.046 163.023 234.718 -0.517
30.242 256.662 44.292 239.838 -0.520
140.615 258.756 177.977 250.234 -0.520
129.687 255.925 167.486 245.623 -0.521
193.835 258.951 235.573 230.044 -0.522
231.339 249.869 256.000 234.247 -0.523
36.827 261.204 60.930 236.578 -0.528
94.591 270.711 130.243 232.387 -0.528
62.119 260.777 94.508 234.097 -0.529
54.766 257.353 92.759 235.559 -0.530
29.584 261.548 42.607 233.879 -0.531
229.695 244.145 256.000 240.232 -0.532
41.343 261.146 61.857 231.204 -0.534
61.032 254.703 99.381 232.847 -0.536
45.395 260.064 70.010 224.658 -0.544
70.934 252.202 101.502 245.477 -0.545
244.354 198.912 256.000 184.202 -0.546
1.000 199.442 30.225 198.341 -0.550
57.170 265.387 87.304 228.522 -0.553
1.000 185.683 31.095 171.909 -0.554
19.497 269.745 64.812 216.830 -0.559
246.167 210.916 256.000 201.881 -0.559
234.440 154.012 256.000 151.897 -0.565
227.906 246.720 256.000 239.146 -0.566
158.694 145.475 195.546 130.210 -0.566
53.728 260.777 86.116 234.097 -0.573
167.841 265.261 206.693 225.463 -0.574
51.496 265.387 81.630 228.522 -0.575
252.695 209.149 256.000 191.190 -0.577
50.984 265.630 77.961 222.571 -0.577
230.316 262.763 256.000 207.381 -0.578
22.704 269.571 58.869 220.467 -0.579
190.552 243.062 231.850 221.161 -0.580
222.216 257.020 240.288 244.633 -0.581
40.017 248.030 68.488 234.858 -0.582
53.543 254.145 88.354 239.297 -0.582
187.507 245.685 216.701 242.302 -0.582
25.547 248.997 57.981 228.705 -0.584
30.877 254.396 61.053 223.492 -0.584
68.298 259.720 103.992 227.357 -0.584
229.660 253.481 256.000 220.072 -0.585
229.067 246.325 256.000 224.266 -0.587
180.003 265.261 218.855 225.463 -0.589
203.151 243.398 254.836 232.689 -0.590
212.230 257.020 230.303 244.633 -0.591
193.976 235.010 235.223 232.180 -0.592
188.527 242.923 226.920 227.456 -0.592
71.531 254.145 106.342 239.297 -0.593
