1.000 1.933 16.312 55.104 -0.270
191.282 169.467 256.000 256.000 -0.342
1.000 164.126 47.758 256.000 -0.350
237.361 6.837 256.000 67.376 -0.351
192.305 16.031 256.000 218.148 -0.371
1.000 103.192 40.979 202.431 -0.374
1.000 127.396 120.647 256.000 -0.414
1.000 1.000 23.982 79.893 -0.420
156.163 142.756 256.000 256.000 -0.425
84.275 122.064 256.000 256.000 -0.442
1.000 63.301 22.381 136.109 -0.451
1.000 1.000 143.536 130.500 -0.461
218.651 1.000 256.000 24.821 -0.462
127.015 1.000 256.000 111.069 -0.463
138.493 1.000 256.000 226.658 -0.511
1.000 1.000 194.735 192.654 -0.676
1.000 72.407 256.000 256.000 -0.774
