116.484 82.749 244.826 120.161 -1.061
14.184 67.739 124.750 102.464 -1.066
30.796 19.909 173.493 63.187 -1.072
68.855 80.589 172.298 131.856 -1.086
183.806 63.995 256.000 105.004 -1.093
13.699 121.669 256.000 221.634 -1.097
127.425 53.246 227.762 86.749 -1.105
128.872 197.725 256.000 256.000 -1.109
66.464 13.754 254.160 75.100 -1.132
106.738 58.914 256.000 104.760 -1.134
1.000 201.350 81.528 248.075 -1.141
24.352 243.702 125.259 256.000 -1.144
92.878 81.902 245.972 150.618 -1.160
3.371 66.167 159.388 141.205 -1.162
4.856 23.865 256.000 106.276 -1.187
3.858 224.307 239.265 256.000 -1.224
1.000 57.280 232.610 181.691 -1.238
7.414 4.290 126.211 36.594 -1.242
1.000 13.601 256.000 240.876 -1.251
