182.941 96.818 245.931 204.725 -0.746
105.434 26.579 157.687 76.041 -0.909
178.170 19.439 237.653 69.713 -0.952
75.205 28.395 129.470 79.872 -0.998
6.298 13.907 84.065 256.000 -1.031
226.352 7.761 255.135 95.628 -1.108
37.566 1.000 254.598 83.531 -1.112
1.000 1.000 256.000 153.848 -1.128
99.125 167.981 160.297 224.074 -1.187
106.835 147.494 192.856 221.106 -1.210
64.447 168.718 130.490 225.291 -1.247
143.950 136.223 243.793 239.444 -1.248
68.017 97.829 115.789 230.945 -1.248
53.353 88.285 246.411 236.134 -1.249
