865.447 1079.561 1520.454 1808.438 -0.932
1252.246 600.262 1348.539 738.063 -0.939
2428.697 535.341 2464.667 580.331 -0.941
2060.503 618.436 2106.708 654.988 -0.975
499.052 1702.827 590.794 1755.533 -0.980
1872.816 1470.624 1936.626 1495.921 -0.993
1627.279 1657.723 1702.822 1679.717 -1.004
503.666 765.788 590.254 822.773 -1.007
2248.169 292.233 2319.942 392.334 -1.008
2156.107 1362.447 2299.400 1487.235 -1.011
2380.944 465.323 2455.778 559.698 -1.013
1800.046 517.208 1887.988 617.865 -1.014
1350.130 963.035 2511.937 1810.543 -1.018
23.421 242.557 116.509 322.922 -1.020
946.571 646.281 1037.041 770.532 -1.022
528.149 795.235 635.097 878.830 -1.023
450.724 807.276 720.702 1027.634 -1.024
1814.488 1836.332 1888.311 1853.269 -1.025
1313.616 533.094 1360.119 604.764 -1.027
109.550 1429.101 344.882 1576.095 -1.029
200.729 886.017 2145.638 1944.000 -1.031
2194.615 603.120 2284.485 701.409 -1.031
2256.209 866.046 2360.585 971.299 -1.031
1282.622 503.597 1361.649 563.397 -1.035
94.672 1189.753 188.753 1231.878 -1.038
2262.233 674.602 2351.664 741.638 -1.038
63.331 1537.476 200.215 1610.116 -1.042
1199.130 274.736 1289.104 347.362 -1.042
103.913 725.544 246.227 821.774 -1.043
2237.630 1879.785 2341.311 1926.836 -1.045
877.623 399.470 1954.551 1258.421 -1.045
195.266 230.659 245.990 303.916 -1.048
2468.744 1584.462 2571.022 1644.406 -1.048
32.497 186.445 108.085 239.737 -1.050
54.227 1747.433 110.298 1893.869 -1.051
1840.122 355.499 1883.220 400.871 -1.052
375.382 592.635 445.773 635.953 -1.052
136.653 1718.050 256.659 1768.464 -1.052
21.698 602.356 109.816 658.657 -1.053
2372.709 160.440 2434.341 257.799 -1.056
424.948 768.691 525.152 836.668 -1.057
27.494 305.210 138.599 400.732 -1.060
1807.418 294.705 1848.205 342.468 -1.061
1650.170 71.219 1691.935 115.334 -1.063
2135.716 513.898 2592.000 1103.943 -1.063
2525.097 1598.779 2574.656 1706.209 -1.065
225.394 541.392 839.036 1017.346 -1.068
1896.773 507.361 2050.901 692.717 -1.069
1802.443 229.440 1884.511 328.675 -1.070
2363.972 1914.161 2423.411 1924.887 -1.074
1936.829 208.064 1971.079 241.621 -1.075
2243.061 1830.228 2339.678 1914.010 -1.077
2337.297 1887.836 2429.780 1927.539 -1.077
2174.560 119.218 2208.850 156.019 -1.078
1098.150 92.762 1173.384 161.234 -1.079
2103.948 63.567 2133.450 96.817 -1.082
