1785.829 746.660 1811.011 846.166 -0.436
1918.612 404.859 1953.419 520.907 -0.684
68.924 141.474 110.229 264.997 -0.720
2096.880 272.528 2121.349 364.445 -0.740
2024.187 441.443 2049.995 536.249 -0.787
2039.275 890.136 2067.384 987.842 -0.788
1909.594 306.351 1970.493 537.615 -0.885
82.072 550.981 112.042 666.276 -0.901
2152.764 906.286 2180.888 1004.170 -0.904
2040.825 779.878 2068.614 872.345 -0.916
2208.876 437.049 2237.653 550.159 -0.927
1859.677 239.828 1884.411 336.338 -0.939
1137.454 214.138 1384.649 849.850 -0.946
489.534 1047.929 553.885 1164.220 -0.983
2208.016 692.624 2256.811 823.509 -0.988
2531.880 788.316 2573.624 890.455 -0.995
1430.477 334.803 1492.014 486.315 -0.997
2266.164 883.702 2302.814 1027.258 -1.002
2475.930 917.011 2513.941 987.383 -1.003
497.967 577.585 535.595 645.593 -1.008
2533.876 860.020 2562.750 943.363 -1.011
2496.984 961.968 2526.665 1040.522 -1.021
2498.530 286.561 2522.395 384.380 -1.021
1773.848 422.259 1808.536 504.748 -1.021
2089.008 868.614 2146.617 982.773 -1.023
1394.051 1492.785 1451.044 1590.850 -1.027
1653.838 813.479 1946.565 1481.290 -1.031
396.706 820.743 689.266 1313.833 -1.035
1990.857 883.328 2027.389 971.844 -1.036
2089.216 560.739 2144.822 708.626 -1.039
1605.627 768.598 1655.468 873.245 -1.044
1017.201 1517.586 1120.391 1669.899 -1.045
433.773 584.310 503.298 714.834 -1.047
2291.611 921.551 2335.362 1007.210 -1.047
1838.241 750.049 1867.541 839.456 -1.048
21.038 849.926 62.507 901.279 -1.055
1352.360 1391.797 1459.069 1598.367 -1.057
1702.517 419.724 1742.731 515.716 -1.062
1281.554 758.899 2006.227 1807.527 -1.063
1357.197 121.439 1674.688 713.855 -1.064
1150.798 1567.857 1180.591 1618.425 -1.067
1229.596 1783.484 1262.946 1852.473 -1.068
2175.918 805.598 2208.813 884.192 -1.068
2189.951 1442.578 2246.454 1538.167 -1.069
2065.149 1399.514 2104.057 1488.132 -1.071
1665.032 155.136 1704.888 242.731 -1.072
2399.102 1499.734 2446.483 1589.990 -1.073
2043.878 719.354 2081.519 797.555 -1.075
2404.646 421.429 2437.064 502.494 -1.076
2130.967 780.470 2163.180 862.357 -1.076
722.232 895.260 758.649 965.295 -1.078
2227.580 777.705 2266.277 871.574 -1.078
455.599 1124.603 687.049 1509.074 -1.081
2245.501 632.339 2524.773 1114.076 -1.081
2323.713 180.148 2388.454 320.408 -1.083
1954.331 431.253 1993.695 544.110 -1.085
2268.790 272.403 2324.760 402.636 -1.087
1854.392 1849.530 1889.269 1905.035 -1.087
1245.786 1812.307 1293.726 1944.000 -1.087
906.800 960.341 941.610 1046.015 -1.088
1684.444 641.771 1733.884 775.125 -1.088
982.045 1621.909 1032.919 1685.651 -1.089
2207.128 879.712 2240.065 1012.100 -1.091
2138.818 265.063 2183.232 350.038 -1.091
1791.041 671.541 1847.836 781.717 -1.091
1178.439 1133.731 1212.985 1194.925 -1.091
75.717 946.752 127.023 1002.501 -1.092
2137.874 729.569 2216.965 958.418 -1.093
2349.178 1622.717 2553.350 1944.000 -1.093
29.519 968.678 74.218 1047.442 -1.093
2505.692 1472.801 2533.985 1538.971 -1.094
2406.885 340.843 2471.060 573.531 -1.094
724.182 840.644 802.966 993.083 -1.095
1119.536 1523.199 1220.240 1696.134 -1.097
2134.073 209.663 2193.011 385.549 -1.097
35.791 592.806 77.979 647.997 -1.098
15.606 1841.365 49.722 1886.973 -1.098
974.669 1535.561 1071.023 1689.283 -1.099
184.915 1457.556 260.909 1545.166 -1.100
80.177 1777.693 113.552 1806.144 -1.101
2544.752 935.750 2572.922 1012.314 -1.101
1675.159 1844.256 1722.503 1937.500 -1.102
2055.072 443.528 2095.849 531.058 -1.103
2544.823 1820.965 2586.848 1919.450 -1.104
782.801 634.390 1290.004 1472.973 -1.105
2214.393 790.136 2268.878 922.653 -1.105
239.349 959.682 284.975 1014.723 -1.106
573.636 1519.242 642.855 1645.275 -1.107
1183.155 1449.164 1236.577 1515.564 -1.107
2127.613 937.746 2174.989 1024.509 -1.107
2509.244 939.651 2551.661 1085.205 -1.108
1804.269 544.547 1846.980 636.362 -1.110
1752.762 305.844 1800.617 367.068 -1.110
2418.297 1460.158 2448.303 1536.413 -1.110
1084.006 1474.655 1124.113 1546.736 -1.110
303.385 1176.888 354.602 1355.699 -1.110
16.341 1756.904 51.938 1812.608 -1.112
325.683 116.793 358.617 202.918 -1.112
2229.826 262.980 2263.949 351.904 -1.113
249.676 1136.117 288.734 1204.068 -1.114
1134.031 1469.833 1178.714 1560.315 -1.114
2147.424 452.627 2184.278 540.736 -1.114
733.521 33.300 1399.527 1038.007 -1.115
10.320 1165.254 47.941 1217.881 -1.116
1714.455 181.537 1755.287 265.097 -1.116
1409.772 1782.077 1441.972 1835.961 -1.117
474.517 1666.651 528.612 1746.624 -1.117
2101.962 789.960 2138.729 869.387 -1.117
128.015 2.223 161.898 84.270 -1.118
570.329 3.825 1560.850 1726.320 -1.118
298.472 1491.336 330.253 1542.410 -1.118
79.961 279.618 124.337 377.228 -1.119
1851.788 92.563 1972.320 327.101 -1.119
85.858 1748.950 116.360 1792.981 -1.120
2329.221 1098.311 2383.868 1201.802 -1.121
1.000 1446.983 128.525 1927.514 -1.121
2548.825 890.485 2576.545 991.791 -1.123
2025.298 828.895 2322.129 1403.298 -1.124
1652.508 1882.181 1677.050 1935.183 -1.125
2430.428 203.713 2471.149 292.882 -1.126
1.000 920.191 85.978 1074.714 -1.127
2537.937 1180.803 2567.788 1255.249 -1.128
1653.069 541.777 1705.183 647.302 -1.130
179.177 987.883 318.091 1207.842 -1.130
1760.700 177.063 1858.939 360.141 -1.131
2529.689 736.465 2585.118 865.735 -1.131
29.808 541.960 69.621 603.072 -1.132
2102.744 453.814 2136.408 552.383 -1.132
1647.936 1785.599 1690.143 1869.515 -1.133
2198.866 565.944 2314.910 814.587 -1.133
2222.648 359.184 2277.140 488.917 -1.134
2026.573 1514.744 2061.630 1612.794 -1.134
2417.009 254.677 2478.072 390.685 -1.135
206.708 1866.457 238.976 1908.630 -1.135
157.885 579.141 202.060 639.079 -1.135
401.449 325.649 451.894 420.370 -1.136
217.017 230.435 255.797 302.612 -1.136
91.813 404.780 140.363 485.272 -1.136
465.972 1732.632 508.878 1809.103 -1.137
2144.022 1755.216 2183.064 1815.283 -1.137
2277.764 349.182 2347.274 568.708 -1.138
1630.633 1785.283 1694.236 1910.977 -1.138
2231.291 209.264 2300.636 368.101 -1.138
71.894 1535.128 247.458 1927.084 -1.138
2404.320 1401.599 2461.509 1534.712 -1.138
265.537 1444.676 340.104 1545.102 -1.139
198.041 749.007 242.751 807.144 -1.139
2394.288 250.133 2439.048 357.718 -1.139
104.766 457.053 153.364 528.943 -1.139
320.912 178.069 359.652 258.941 -1.139
1081.298 1834.146 1106.170 1864.365 -1.140
2029.038 310.668 2052.169 412.383 -1.140
2071.764 433.590 2111.103 558.721 -1.141
798.108 1888.827 828.815 1928.249 -1.141
2261.820 1451.453 2291.216 1527.624 -1.142
434.993 513.044 485.717 648.916 -1.142
1958.154 355.537 2018.564 516.677 -1.143
1724.277 531.297 1776.074 638.997 -1.143
2498.010 390.737 2546.589 500.395 -1.144
266.616 6.699 307.482 113.786 -1.144
44.600 1223.543 110.219 1322.822 -1.144
2493.871 65.864 2540.866 173.705 -1.144
1553.234 1891.624 1584.142 1944.000 -1.144
2048.102 242.417 2109.012 346.752 -1.144
56.743 391.141 94.558 461.539 -1.144
44.949 304.902 84.229 374.941 -1.145
2542.763 622.684 2577.231 734.444 -1.145
1778.104 617.142 1817.023 760.834 -1.145
109.796 269.662 148.853 355.806 -1.146
