1465.474 753.661 1627.825 869.653 -0.707
793.557 1525.068 878.324 1601.025 -0.891
807.939 1565.569 926.670 1657.973 -0.897
2234.811 498.106 2305.679 555.174 -0.901
774.743 721.783 864.759 786.488 -0.908
2150.163 489.413 2218.456 545.802 -0.917
2253.653 1452.224 2390.774 1561.454 -0.921
595.112 108.375 1063.705 451.630 -0.924
466.864 1580.923 546.813 1654.727 -0.930
1495.649 1123.690 1643.802 1244.871 -0.931
2026.932 482.940 2090.956 533.284 -0.936
83.826 1334.127 177.645 1407.673 -0.942
456.175 1387.798 614.865 1545.918 -0.944
2419.931 1524.905 2539.158 1626.700 -0.946
1034.450 862.745 1709.439 1273.881 -0.949
1376.657 272.859 1443.264 318.648 -0.951
815.137 636.432 918.029 709.087 -0.952
1759.593 657.484 1824.429 716.725 -0.954
1104.285 1482.141 1197.417 1560.440 -0.956
1881.330 1429.607 2315.994 1725.203 -0.958
1769.117 867.285 1790.467 941.325 -0.958
376.258 587.568 478.500 652.459 -0.960
2233.810 1204.292 2330.437 1288.580 -0.960
957.595 450.585 1021.558 498.396 -0.961
1868.380 947.351 2259.284 1184.071 -0.962
1753.775 1001.056 1831.904 1069.288 -0.962
611.336 1380.826 678.875 1503.794 -0.962
1667.535 1027.716 1932.646 1360.830 -0.962
990.617 1431.563 1152.255 1540.052 -0.963
283.208 1146.630 636.679 1359.045 -0.964
338.450 580.292 366.004 632.389 -0.966
254.879 663.472 1043.924 1159.159 -0.966
1991.200 1454.040 2553.686 1799.973 -0.967
1846.488 180.154 1954.964 251.218 -0.967
1684.722 916.072 1781.545 991.347 -0.969
1264.760 1042.411 1620.706 1566.907 -0.971
515.572 353.596 593.893 405.561 -0.973
1128.428 1575.294 1136.425 1627.929 -0.976
1420.721 555.780 1501.814 615.481 -0.976
2111.542 1445.079 2085.343 1479.029 -0.977
335.926 1345.778 626.469 1591.537 -0.978
2346.403 195.326 2486.497 401.925 -0.980
1050.766 75.021 1758.911 471.866 -0.980
61.233 751.673 151.504 810.911 -0.980
1155.718 436.419 1744.965 808.009 -0.980
2211.378 979.856 2206.840 1026.341 -0.981
1231.825 23.255 1313.144 75.303 -0.981
2245.174 259.849 2307.935 297.013 -0.984
1752.504 945.769 2592.000 1445.057 -0.985
1788.805 627.377 1846.004 676.601 -0.985
2158.672 618.440 2271.723 706.860 -0.990
900.529 1347.373 1466.858 1702.896 -0.991
1841.273 607.929 1903.511 659.893 -0.991
772.220 439.247 1163.589 683.420 -0.992
527.118 1650.344 581.034 1705.620 -0.992
2170.565 93.048 2250.523 144.357 -0.994
1766.790 875.618 1832.024 933.665 -0.995
1791.150 751.350 1798.073 810.738 -0.995
184.809 1576.160 279.021 1650.367 -0.998
