23.014 934.097 107.932 1030.140 -0.510
918.988 1032.772 1020.289 1115.840 -0.619
1688.036 938.975 1865.118 1054.680 -0.785
680.732 1241.455 781.455 1355.878 -0.874
632.828 1416.912 733.335 1524.753 -0.890
1865.772 982.579 2592.000 1432.477 -0.900
1120.939 14.005 1225.400 65.726 -0.918
361.111 1467.387 480.070 1537.415 -0.924
2051.709 1546.482 2592.000 1932.203 -0.940
487.806 766.585 945.662 1044.237 -0.941
1.000 749.589 67.298 828.485 -0.953
1509.311 1323.837 1641.652 1448.446 -0.962
2459.715 943.004 2557.234 1003.121 -0.971
840.255 1239.490 928.760 1292.472 -0.972
404.423 1.000 529.459 56.683 -0.978
59.949 843.898 167.671 898.767 -0.980
540.954 1765.007 638.361 1825.061 -0.985
963.638 1814.910 1063.738 1865.103 -0.990
1108.971 356.961 1208.434 410.470 -0.991
1888.915 11.204 1970.038 53.155 -0.992
1596.438 1871.292 1699.082 1923.116 -0.992
1026.474 47.920 1120.174 95.092 -0.995
1484.504 1812.561 1611.434 1944.000 -0.999
551.654 1194.180 640.603 1291.816 -1.000
1114.418 1172.767 1231.422 1230.247 -1.001
924.937 1106.421 1059.067 1243.250 -1.003
562.053 1486.016 727.509 1561.979 -1.004
539.619 1507.766 699.816 1677.731 -1.005
1917.157 171.057 2003.145 214.221 -1.007
1514.653 809.231 1624.471 899.816 -1.007
1645.935 1705.959 1771.604 1766.739 -1.008
1159.889 1571.894 1789.639 1944.000 -1.008
1294.180 1234.762 1539.237 1360.788 -1.010
166.840 1441.857 364.117 1548.226 -1.011
891.681 1047.606 1051.088 1200.861 -1.012
1093.624 1194.016 1220.570 1257.322 -1.016
301.557 1550.294 607.784 1699.693 -1.018
1410.728 880.002 1540.721 942.981 -1.019
2351.926 694.857 2515.999 844.778 -1.019
1217.986 515.534 1354.716 643.393 -1.020
1157.401 1096.154 1685.600 1351.273 -1.021
805.418 1544.311 942.373 1618.184 -1.024
2071.895 22.423 2155.407 65.525 -1.024
1493.030 391.116 1650.353 476.062 -1.025
633.840 1150.041 987.014 1584.614 -1.027
938.218 604.516 1027.334 647.520 -1.028
1089.823 284.948 1196.141 384.077 -1.028
1813.055 1765.858 1952.794 1845.632 -1.029
314.873 1403.711 423.976 1461.685 -1.029
462.233 1028.432 551.582 1126.244 -1.030
720.340 1717.773 834.338 1843.672 -1.032
876.230 812.792 1020.110 886.276 -1.033
1206.219 306.654 1342.653 381.410 -1.034
791.476 1851.776 891.749 1908.070 -1.035
1233.796 717.579 1375.375 794.038 -1.035
1538.837 904.311 1639.793 952.501 -1.035
431.350 716.826 563.161 780.967 -1.037
314.851 814.088 385.890 896.882 -1.038
1902.156 23.429 2048.641 95.938 -1.038
1576.539 256.104 1682.619 308.293 -1.038
1254.040 629.467 1349.315 672.375 -1.041
1385.211 213.002 1496.400 271.167 -1.042
1032.850 1029.177 1113.495 1105.763 -1.042
431.966 1106.450 508.965 1146.977 -1.043
147.457 747.490 239.029 791.866 -1.043
1402.661 927.303 1507.681 978.996 -1.043
1332.089 762.554 1440.579 825.937 -1.045
1758.552 1358.922 2592.000 1785.915 -1.045
1806.536 25.814 1910.673 73.675 -1.046
994.689 1339.612 1391.213 1561.100 -1.046
655.254 133.257 736.637 171.528 -1.046
9.025 1538.166 87.560 1581.025 -1.049
1356.285 708.855 1496.244 778.065 -1.049
794.664 268.470 932.352 333.076 -1.049
1563.263 26.725 1695.896 94.245 -1.051
1061.742 1206.600 1240.386 1392.131 -1.051
1364.116 1.000 1469.164 72.240 -1.051
1.000 1245.713 82.599 1293.364 -1.052
1348.617 414.216 1494.586 481.245 -1.052
2269.285 24.668 2366.305 75.390 -1.052
455.337 488.777 578.854 551.278 -1.052
1772.662 1094.806 1881.590 1180.078 -1.053
459.663 565.147 535.440 646.341 -1.053
1358.258 1052.188 1464.886 1110.575 -1.054
4.237 894.705 117.464 954.781 -1.055
1058.804 818.892 1145.513 869.141 -1.055
590.070 1310.012 672.375 1353.090 -1.055
696.113 10.662 953.928 126.998 -1.055
1431.775 123.923 1546.252 187.716 -1.055
2162.662 24.206 2270.211 75.731 -1.056
1.000 1347.508 108.864 1408.034 -1.056
1433.880 1400.088 1563.448 1463.046 -1.056
89.611 835.108 228.594 907.317 -1.056
1894.543 122.472 1989.438 196.150 -1.057
1966.547 1855.049 2087.252 1913.112 -1.057
565.935 1060.556 652.124 1105.303 -1.057
301.297 1032.374 404.195 1085.365 -1.057
1762.772 1170.884 1952.205 1354.222 -1.057
288.499 1151.576 428.640 1223.237 -1.058
1249.119 780.916 1356.917 831.992 -1.058
1513.286 17.858 1740.787 133.917 -1.059
652.310 427.607 761.890 487.774 -1.059
1100.080 1545.051 1238.200 1617.030 -1.059
797.708 595.006 904.594 645.512 -1.060
1871.078 207.130 1969.984 257.240 -1.061
1.000 684.188 272.042 816.193 -1.062
1.255 1160.529 103.972 1283.031 -1.062
197.602 1661.399 283.673 1711.425 -1.062
2226.720 583.934 2316.085 628.614 -1.062
1390.214 498.261 1495.897 552.147 -1.062
1150.983 14.233 1318.976 97.745 -1.062
1132.209 474.111 1238.338 521.803 -1.062
1776.050 118.049 1897.562 174.990 -1.063
2114.824 22.666 2234.942 85.771 -1.063
629.709 1625.036 997.943 1808.946 -1.063
1130.599 838.666 1216.374 884.781 -1.064
1079.360 1735.484 1204.668 1804.360 -1.064
1101.990 113.187 1215.123 167.279 -1.064
324.631 1792.660 420.826 1899.923 -1.064
352.174 33.248 439.566 77.040 -1.065
