1255.285 628.242 1325.690 678.742 -0.540
1422.661 451.702 1504.125 489.113 -0.721
1179.422 583.016 1278.591 621.071 -0.762
7.658 971.696 112.765 1019.543 -0.792
2388.639 1425.250 2475.938 1473.737 -0.900
823.014 643.301 916.942 720.705 -0.918
565.349 1609.084 673.930 1646.509 -0.930
1349.592 248.617 1490.332 317.990 -0.969
544.809 1342.195 641.918 1435.169 -0.978
1088.709 1198.668 1182.787 1274.538 -0.980
2066.364 1366.033 2138.742 1446.332 -0.981
1065.711 1226.314 1151.568 1303.640 -0.988
19.718 615.416 589.381 877.179 -0.994
499.199 1606.467 591.152 1684.980 -1.006
791.498 594.670 911.467 652.255 -1.010
1170.171 594.033 1322.584 676.117 -1.016
988.901 1499.390 1130.990 1557.509 -1.022
1597.888 764.329 1657.044 831.510 -1.041
2375.649 1442.031 2504.843 1511.681 -1.042
2545.209 78.915 2591.256 128.336 -1.044
1573.917 1151.711 1646.750 1223.238 -1.048
883.064 1508.796 965.465 1582.466 -1.051
313.471 1645.536 399.525 1738.930 -1.052
1291.403 460.760 1368.461 542.277 -1.058
203.270 1883.619 280.607 1920.413 -1.059
2530.827 1707.115 2592.000 1787.196 -1.061
819.097 1589.467 892.602 1609.953 -1.063
2482.835 986.730 2575.903 1071.416 -1.067
2452.496 795.981 2510.130 862.940 -1.068
840.095 1528.887 954.155 1655.542 -1.081
19.946 1408.658 352.744 1570.765 -1.084
945.070 658.035 1033.025 749.808 -1.088
1655.073 641.946 2582.413 1606.809 -1.090
1547.466 1055.424 1649.297 1159.056 -1.091
590.343 914.771 1714.667 1867.602 -1.097
267.794 863.532 580.922 1180.665 -1.099
139.284 1576.980 240.973 1671.014 -1.114
480.514 1606.924 610.649 1728.909 -1.114
772.383 1837.665 889.604 1944.000 -1.116
1.000 922.661 111.176 1022.426 -1.118
1.000 1331.158 1115.128 1944.000 -1.123
91.639 955.050 199.724 1076.475 -1.133
1465.932 715.231 1547.082 791.935 -1.142
100.590 431.186 2592.000 1944.000 -1.144
1201.782 320.499 1302.046 418.959 -1.146
1860.692 83.885 1922.007 146.677 -1.147
2203.307 105.593 2254.892 152.131 -1.162
454.831 119.467 530.163 194.104 -1.169
1918.493 209.499 1975.309 264.671 -1.171
1478.889 152.827 1541.886 214.101 -1.186
1383.599 179.206 1439.317 239.834 -1.193
1211.633 96.997 1266.542 152.609 -1.199
1207.842 251.885 1271.946 314.897 -1.199
1.000 1277.463 84.903 1362.176 -1.200
1082.586 265.274 1139.132 330.342 -1.203
2019.342 84.045 2092.926 155.740 -1.206
1759.194 5.319 1849.334 110.509 -1.210
2126.601 77.801 2174.547 129.054 -1.211
611.675 172.770 663.142 232.372 -1.224
2548.531 14.777 2592.000 65.451 -1.226
783.153 311.064 878.504 403.715 -1.229
1446.628 288.968 1501.026 351.041 -1.232
1200.737 103.826 1278.941 178.339 -1.232
491.887 325.862 570.525 392.835 -1.232
1.000 1203.285 62.866 1283.835 -1.234
1.000 92.794 47.088 151.285 -1.235
598.352 52.923 662.894 118.396 -1.237
791.198 28.503 839.737 92.982 -1.238
740.402 124.094 805.465 185.752 -1.238
778.642 2.536 834.206 66.067 -1.238
1380.779 293.718 1464.044 370.128 -1.239
937.456 356.884 1032.624 440.049 -1.240
1214.171 222.943 1299.248 311.042 -1.240
2540.974 101.493 2586.731 159.782 -1.241
2499.203 92.084 2592.000 179.932 -1.247
2534.819 163.779 2592.000 247.259 -1.251
1194.495 253.783 1300.150 391.525 -1.251
1670.188 230.689 1725.988 291.196 -1.252
2149.164 176.946 2244.401 222.615 -1.252
1.000 827.446 110.661 938.455 -1.252
483.679 186.046 580.208 267.599 -1.253
1155.222 190.587 1247.139 235.807 -1.254
762.252 103.015 827.148 175.043 -1.256
990.145 163.547 1062.703 237.320 -1.256
2151.297 82.159 2217.502 145.055 -1.257
733.391 89.803 791.336 147.342 -1.257
636.725 260.882 710.543 337.547 -1.263
1890.972 66.961 1945.419 128.627 -1.266
2203.195 226.478 2256.078 282.733 -1.266
2110.856 95.121 2169.544 153.937 -1.268
1092.087 91.743 1184.692 182.923 -1.268
875.390 57.132 934.108 108.119 -1.269
2387.763 135.097 2450.279 196.439 -1.269
1964.301 88.754 2015.806 136.484 -1.271
1300.362 233.943 1353.053 288.656 -1.271
858.295 177.966 916.542 241.499 -1.272
716.633 109.910 772.984 170.113 -1.272
2366.788 69.202 2451.850 153.298 -1.273
605.705 78.070 689.129 168.892 -1.274
494.633 291.664 568.881 358.915 -1.275
1.000 1017.670 77.222 1112.304 -1.275
891.575 106.540 961.050 176.042 -1.276
2298.587 85.994 2346.025 138.054 -1.277
860.493 22.219 917.389 77.008 -1.279
2528.996 62.163 2580.941 113.483 -1.280
1129.782 292.065 1184.229 358.368 -1.280
2388.415 1.000 2446.607 62.396 -1.280
789.788 123.091 874.223 211.800 -1.282
1215.418 1.000 1526.234 373.371 -1.282
1.000 1153.730 87.112 1263.939 -1.285
1743.926 76.464 1845.107 161.688 -1.288
2524.904 1.000 2591.711 56.382 -1.289
1.000 1229.984 90.808 1320.216 -1.289
1031.148 77.419 1127.077 165.654 -1.290
1762.643 120.490 1848.969 209.541 -1.290
707.979 368.321 783.360 442.358 -1.292
2059.621 1.000 2113.831 46.739 -1.292
738.930 106.723 832.253 210.806 -1.293
1673.599 193.469 1727.691 255.829 -1.294
997.341 68.310 1056.087 127.822 -1.294
2303.753 16.226 2357.676 65.303 -1.296
2250.415 222.953 2296.060 284.537 -1.296
18.946 55.975 101.237 124.978 -1.297
1076.298 296.331 1138.083 360.750 -1.297
609.915 39.604 742.221 125.424 -1.297
684.225 127.172 748.614 197.861 -1.299
2007.696 208.825 2082.353 290.557 -1.300
2475.891 192.284 2555.990 261.877 -1.302
1674.100 275.126 1730.617 345.980 -1.303
2361.326 17.252 2405.382 74.473 -1.304
859.230 120.280 934.585 198.017 -1.304
1413.648 354.049 1476.431 410.794 -1.305
1094.738 323.819 1189.281 369.963 -1.305
1433.503 373.576 1487.268 440.396 -1.305
1.000 76.141 103.848 177.024 -1.307
2430.193 172.886 2483.227 232.153 -1.308
1146.048 319.744 1215.411 393.830 -1.308
1528.363 255.093 1616.408 326.991 -1.308
2067.567 56.268 2152.382 129.947 -1.310
1590.300 342.241 1647.990 401.975 -1.310
359.880 303.643 429.463 369.711 -1.310
2195.458 72.036 2244.458 127.722 -1.310
758.196 384.446 837.385 461.347 -1.312
1606.788 52.470 1653.413 104.301 -1.313
695.400 224.953 756.504 276.687 -1.313
1.000 828.229 196.561 1042.467 -1.313
2128.807 19.029 2183.412 78.664 -1.314
1438.505 332.707 1511.648 424.110 -1.316
1905.166 5.831 1964.184 45.682 -1.317
1167.041 376.779 1248.548 465.971 -1.319
828.850 173.396 926.500 265.207 -1.320
1844.552 140.172 1901.130 209.023 -1.320
50.789 389.006 107.817 449.016 -1.320
408.773 1.000 472.017 54.963 -1.321
2214.433 146.017 2270.595 218.648 -1.321
614.205 293.651 702.141 389.542 -1.322
1894.541 45.240 1981.783 151.722 -1.322
2227.717 94.226 2273.434 145.425 -1.322
2312.364 35.598 2368.606 91.271 -1.323
1649.261 386.127 1718.763 450.931 -1.323
1564.962 1.000 1610.397 45.062 -1.323
1438.701 292.517 1549.417 436.353 -1.324
387.876 322.660 453.360 388.275 -1.324
1038.795 21.158 1087.180 76.510 -1.324
612.466 376.840 663.643 441.736 -1.325
1.000 1089.594 71.788 1171.719 -1.325
1861.608 37.383 1913.205 87.074 -1.325
2246.778 97.408 2300.363 160.636 -1.325
777.768 63.574 835.801 117.245 -1.325
1633.633 55.340 1679.978 111.639 -1.326
2.038 249.645 120.212 357.610 -1.327
1255.506 391.759 1309.603 452.513 -1.329
1596.053 92.751 1651.871 152.933 -1.329
1533.575 302.857 1586.820 358.188 -1.329
856.640 89.008 906.360 146.723 -1.330
2384.633 170.602 2436.202 233.998 -1.331
2316.805 75.208 2366.353 127.484 -1.332
449.935 223.106 502.551 280.311 -1.332
1829.908 230.552 1883.758 287.872 -1.333
2246.768 184.158 2315.499 250.650 -1.334
1913.624 254.442 1991.161 325.420 -1.334
2213.825 14.101 2265.686 71.202 -1.334
1657.294 16.098 1705.935 71.365 -1.335
421.844 287.888 479.547 342.233 -1.335
1998.403 52.398 2048.827 102.330 -1.336
922.422 127.464 1009.666 221.041 -1.336
1517.053 118.347 1584.214 192.535 -1.336
55.708 419.902 121.443 485.960 -1.337
2339.425 60.818 2401.930 122.977 -1.337
2346.766 124.998 2434.267 204.261 -1.337
1605.646 38.544 1687.325 118.807 -1.337
807.726 16.216 882.700 97.422 -1.337
2424.270 57.938 2501.525 137.266 -1.338
1082.607 205.148 1155.287 283.075 -1.340
1909.922 183.452 1962.393 235.936 -1.340
757.399 207.367 817.329 259.827 -1.342
2184.724 207.942 2244.539 265.947 -1.342
1913.859 151.517 1956.064 207.400 -1.342
2418.516 258.772 2469.986 316.225 -1.343
2263.278 75.122 2317.478 126.616 -1.343
1975.307 27.057 2028.200 82.692 -1.343
1138.199 216.339 1232.895 325.248 -1.343
457.841 49.310 514.424 112.216 -1.343
946.155 19.107 1001.132 75.045 -1.344
1077.316 1.000 1128.249 42.168 -1.345
2207.489 1.000 2291.888 77.368 -1.345
1662.731 112.590 1735.297 177.551 -1.346
2154.692 1.000 2219.052 54.290 -1.346
2019.040 2.488 2061.997 57.110 -1.346
1867.920 1.000 1911.349 52.838 -1.348
1828.101 266.109 1891.834 332.676 -1.348
970.125 108.589 1026.944 157.944 -1.348
2110.273 78.935 2198.099 162.895 -1.349
1561.545 65.567 1654.790 163.495 -1.349
344.006 74.904 399.862 127.128 -1.349
839.108 392.302 905.518 464.718 -1.349
1827.028 78.289 1881.035 128.048 -1.350
964.496 188.507 1017.700 250.835 -1.350
1679.192 54.297 1727.182 121.242 -1.351
486.077 361.669 564.206 443.352 -1.351
1508.209 192.685 1559.021 238.562 -1.351
1768.934 172.988 1844.016 254.799 -1.351
544.744 325.723 612.544 383.759 -1.351
447.174 354.323 519.082 419.447 -1.352
1050.040 381.435 1116.558 455.003 -1.353
2007.026 265.571 2053.780 324.224 -1.353
897.225 227.862 950.902 292.399 -1.353
1043.397 25.826 1108.045 123.756 -1.353
1075.877 330.752 1138.021 392.982 -1.353
1110.062 173.018 1161.084 230.314 -1.353
1960.906 194.467 2062.800 300.898 -1.354
352.443 163.954 435.214 270.067 -1.354
1675.803 150.848 1726.474 211.781 -1.355
846.152 41.327 943.485 132.407 -1.355
1494.261 1.000 1571.958 75.113 -1.356
2201.114 249.935 2259.905 310.239 -1.357
999.323 261.051 1060.385 325.281 -1.357
816.087 90.625 875.851 143.966 -1.358
699.218 193.966 774.549 262.887 -1.358
2512.975 43.040 2592.000 129.062 -1.358
828.527 103.340 906.567 180.174 -1.358
1084.709 145.713 1167.144 235.062 -1.358
1607.103 135.376 1660.478 188.867 -1.359
653.392 96.281 755.035 191.462 -1.359
588.858 1.000 679.295 68.546 -1.359
491.402 96.886 549.903 153.820 -1.360
2331.869 18.733 2383.275 66.588 -1.360
2264.910 18.544 2340.914 96.346 -1.360
2280.640 221.146 2339.323 281.539 -1.360
1976.200 66.004 2037.372 126.437 -1.361
797.381 59.495 872.439 140.398 -1.361
2493.884 1.000 2589.137 80.551 -1.361
1010.248 1.000 1071.964 51.156 -1.361
1969.273 102.940 2051.706 180.946 -1.362
356.992 359.829 424.817 418.559 -1.362
2267.157 350.217 2353.377 429.343 -1.362
983.070 110.019 1068.442 180.929 -1.363
858.124 145.567 959.284 240.474 -1.363
429.763 30.048 534.598 109.888 -1.363
1685.194 1.000 1752.176 60.303 -1.365
1163.699 56.652 1245.314 152.950 -1.365
756.452 78.225 953.530 263.167 -1.365
848.481 278.191 897.729 337.273 -1.366
1784.847 146.049 1876.881 238.555 -1.366
614.436 217.493 668.950 273.037 -1.367
2269.842 251.934 2333.681 310.390 -1.368
2050.230 23.744 2102.411 82.453 -1.368
1909.964 343.369 1964.906 412.120 -1.369
2352.023 1.000 2424.128 67.296 -1.369
1882.652 174.707 1937.502 239.537 -1.370
227.728 139.687 275.753 198.375 -1.370
651.144 183.953 702.353 243.676 -1.370
2102.571 1.000 2168.830 59.224 -1.370
601.388 229.134 692.230 337.482 -1.370
618.233 359.160 713.197 461.548 -1.370
2013.658 150.907 2064.716 199.218 -1.371
469.519 272.185 531.983 330.987 -1.371
30.551 1047.799 137.410 1150.872 -1.371
2277.056 94.839 2350.588 167.885 -1.372
606.328 186.100 689.458 260.809 -1.372
347.629 48.931 423.999 132.199 -1.372
55.263 1124.351 136.397 1204.103 -1.373
1125.686 51.220 1198.950 134.130 -1.373
1.000 125.930 159.399 287.302 -1.373
521.472 1.000 562.747 59.391 -1.374
2446.653 1.000 2519.259 62.586 -1.374
486.939 150.293 550.999 210.713 -1.374
2256.492 402.239 2318.876 451.703 -1.374
1990.062 47.670 2056.636 136.700 -1.375
2409.505 209.961 2463.119 264.371 -1.375
780.353 248.110 865.695 325.713 -1.375
2122.146 156.265 2180.103 206.351 -1.375
941.589 85.884 992.951 145.397 -1.375
2163.209 1.000 2280.327 101.269 -1.376
1604.338 277.396 1653.000 335.535 -1.376
1125.194 1.384 1215.882 106.859 -1.376
1676.142 318.553 1721.343 377.515 -1.376
890.879 399.528 956.010 461.343 -1.376
364.165 8.904 416.611 60.559 -1.377
1829.987 59.935 1946.114 139.097 -1.377
2165.850 223.020 2244.837 312.469 -1.378
2235.871 360.090 2289.939 417.328 -1.379
1660.682 337.338 1722.819 399.930 -1.379
2021.714 38.061 2093.330 107.388 -1.380
1198.484 213.428 1492.645 553.777 -1.380
1969.311 1.000 2028.689 41.404 -1.380
1989.582 1.077 2072.301 86.117 -1.380
2161.341 96.199 2234.631 184.138 -1.381
1626.545 169.627 1685.530 245.317 -1.381
1555.649 204.878 1610.121 261.834 -1.381
454.769 174.969 510.920 258.878 -1.382
708.338 1.000 762.084 51.873 -1.382
855.986 360.158 917.094 413.979 -1.382
486.803 1.000 550.334 50.685 -1.383
941.444 67.610 1025.158 143.618 -1.384
537.836 388.110 591.621 448.372 -1.384
1551.768 1.000 1683.943 124.043 -1.384
1581.944 371.287 1646.716 438.894 -1.385
507.500 1.000 928.364 359.587 -1.386
2477.674 55.548 2527.807 111.739 -1.386
437.027 83.691 542.386 193.238 -1.386
2076.932 207.473 2132.878 265.179 -1.387
1086.333 1.000 1511.152 572.983 -1.388
905.180 370.848 1029.472 488.684 -1.388
2226.804 68.175 2299.327 144.627 -1.389
1533.834 268.582 1630.612 378.536 -1.389
2130.885 209.730 2184.203 266.416 -1.390
2056.800 5.105 2134.666 83.858 -1.391
1893.893 44.736 2048.836 248.278 -1.391
385.459 52.608 462.546 135.423 -1.391
422.550 339.511 489.642 404.115 -1.392
1.000 516.836 35.503 573.970 -1.393
2029.436 178.108 2087.320 240.556 -1.393
441.785 313.346 532.388 414.938 -1.394
1627.858 1.000 1815.997 162.525 -1.394
2318.217 89.780 2384.373 158.462 -1.394
1.000 1167.297 160.603 1371.165 -1.395
1.000 969.519 165.451 1119.448 -1.395
142.983 92.996 214.809 174.299 -1.395
365.541 370.259 470.110 466.582 -1.395
2186.022 171.801 2325.211 310.376 -1.395
2446.536 201.817 2513.095 271.163 -1.396
1518.868 375.681 1582.522 430.739 -1.397
1890.074 1.000 1952.164 68.715 -1.397
902.629 315.613 966.981 375.781 -1.398
878.031 11.836 998.222 76.869 -1.398
1.000 537.665 42.573 604.038 -1.399
331.565 281.337 434.477 372.251 -1.400
36.185 353.285 146.636 442.461 -1.400
2011.568 81.845 2125.585 181.508 -1.400
2340.805 66.058 2461.942 214.771 -1.400
982.912 226.829 1032.613 295.553 -1.401
340.519 128.963 404.332 192.849 -1.402
812.408 347.224 910.500 447.159 -1.402
1848.870 185.801 1970.244 321.825 -1.405
2311.327 4.770 2390.487 70.526 -1.406
424.499 278.853 530.388 360.632 -1.407
1540.961 386.093 1610.023 451.178 -1.407
2342.636 1.000 2592.000 275.002 -1.407
1836.672 314.883 1896.810 366.559 -1.407
937.391 285.660 999.232 340.564 -1.408
1629.360 320.728 1679.630 375.518 -1.408
1.000 440.765 63.117 503.936 -1.408
406.452 137.473 467.619 200.435 -1.409
2075.897 201.294 2171.772 288.346 -1.409
1985.464 1.000 2122.267 117.427 -1.410
1768.344 29.532 1917.729 191.265 -1.411
2270.833 279.979 2342.425 363.039 -1.411
2302.756 208.467 2360.492 263.976 -1.413
1009.048 234.141 1075.664 292.623 -1.413
397.866 289.695 486.395 389.915 -1.415
339.685 228.369 440.044 330.725 -1.415
150.743 145.383 214.755 217.254 -1.417
2055.122 362.115 2105.160 417.495 -1.417
1522.956 80.343 1580.561 138.442 -1.418
2142.361 146.619 2291.167 216.370 -1.419
144.807 204.883 221.273 272.668 -1.419
2148.315 269.811 2222.428 350.410 -1.419
300.739 180.878 361.695 240.727 -1.420
1500.048 244.682 1554.092 295.904 -1.420
2233.915 334.111 2294.241 385.438 -1.420
1595.777 188.399 1648.401 238.401 -1.421
1919.117 382.972 1967.211 446.256 -1.421
1565.724 158.445 1610.509 221.147 -1.422
411.098 138.713 529.184 232.336 -1.422
944.292 14.111 1032.586 92.717 -1.422
2097.180 1.000 2226.733 100.125 -1.423
429.555 375.526 519.655 468.094 -1.423
312.459 1.000 365.778 41.570 -1.423
948.985 179.337 1034.885 259.816 -1.425
751.383 348.019 801.517 406.891 -1.425
515.088 353.840 621.176 440.867 -1.426
2229.770 273.101 2341.765 385.161 -1.427
430.024 228.583 536.510 323.348 -1.430
1610.366 110.884 1689.104 218.489 -1.430
628.858 165.068 986.546 518.611 -1.430
1.000 1.000 421.951 1125.479 -1.431
1049.194 164.461 1107.516 223.006 -1.431
1002.911 348.453 1065.046 408.070 -1.432
2123.932 396.301 2191.981 450.010 -1.433
1818.790 1.000 1969.468 115.102 -1.433
2274.698 1.000 2386.529 93.457 -1.434
1440.426 272.287 1687.506 525.626 -1.435
2072.835 333.633 2120.311 391.619 -1.435
1944.819 306.764 2028.253 388.103 -1.437
1756.097 391.158 1805.499 446.833 -1.437
1.000 1111.828 109.497 1220.087 -1.440
1506.976 153.578 1585.683 227.565 -1.441
2293.675 59.547 2356.444 131.327 -1.442
2546.257 372.279 2592.000 433.002 -1.442
1708.820 376.039 1795.799 476.913 -1.443
391.258 4.826 491.824 94.243 -1.444
1045.494 1.000 1105.694 43.998 -1.444
1646.381 227.973 1731.775 309.135 -1.444
226.049 1.000 1207.801 839.951 -1.445
2070.326 386.477 2135.023 449.212 -1.445
1758.075 285.636 1826.637 357.400 -1.448
2266.344 45.497 2352.650 151.152 -1.448
1999.580 324.557 2058.830 373.683 -1.449
1712.246 30.547 1925.025 259.891 -1.452
2146.110 372.292 2220.638 439.652 -1.452
2307.451 153.924 2363.744 218.919 -1.452
2502.905 349.795 2592.000 438.893 -1.453
