688.278 1597.127 742.081 1630.213 -0.930
576.909 1473.457 763.468 1593.106 -0.953
160.197 907.961 215.739 1036.514 -0.964
1849.210 1.000 1913.389 40.653 -0.966
1223.809 1438.072 1315.497 1490.982 -0.988
1438.127 1637.536 1550.759 1686.791 -0.992
1227.496 1354.709 1292.887 1397.154 -1.004
1127.720 1563.819 1158.340 1595.875 -1.005
306.969 1758.903 401.468 1821.213 -1.005
1231.691 1296.829 1287.642 1333.344 -1.005
1058.436 1203.546 1600.064 1515.726 -1.014
1162.776 1538.254 1262.538 1603.217 -1.022
