1694.365 1056.515 1978.888 1399.841 -0.830
1297.775 622.662 2592.000 1525.713 -0.877
1.000 1173.744 129.889 1253.894 -0.878
18.276 397.266 62.152 510.819 -0.925
264.926 1014.415 319.607 1201.311 -0.942
2237.684 354.302 2321.147 436.858 -0.949
758.671 165.443 801.051 260.105 -0.968
1419.796 391.300 1500.028 477.783 -0.971
1314.398 130.090 1417.474 204.421 -0.971
955.121 879.374 1028.097 965.565 -0.988
2298.835 370.583 2350.183 502.270 -0.995
1811.172 283.435 1870.802 416.062 -0.996
12.938 431.383 139.678 505.854 -0.998
1078.416 1524.040 1250.580 1631.429 -1.001
1045.347 1273.001 1129.365 1376.184 -1.005
2402.845 287.241 2454.212 413.502 -1.006
1.000 1758.940 137.255 1846.522 -1.008
88.087 1669.125 136.832 1729.298 -1.010
1042.496 725.686 1099.472 789.235 -1.011
306.569 1.805 414.617 76.354 -1.011
1.000 1537.620 492.966 1866.267 -1.012
1643.396 68.142 1763.739 205.415 -1.016
377.124 569.586 428.029 627.638 -1.018
630.342 637.383 678.055 693.165 -1.018
2112.680 266.622 2188.040 432.983 -1.022
612.850 1097.143 686.800 1322.030 -1.023
289.592 1.000 664.533 708.713 -1.024
2101.883 389.490 2207.208 464.304 -1.024
1595.900 1415.166 1667.493 1668.666 -1.025
1.204 271.299 45.117 373.698 -1.025
20.428 347.831 121.374 412.673 -1.028
64.062 180.198 116.378 290.513 -1.028
965.626 1505.013 1133.156 1607.834 -1.031
2007.630 418.829 2060.929 548.096 -1.036
494.793 1382.447 644.584 1466.217 -1.039
1110.620 1480.344 1163.829 1541.160 -1.041
120.089 409.278 167.138 529.728 -1.041
26.065 468.324 71.361 593.010 -1.042
889.389 1579.206 953.703 1649.358 -1.046
2259.094 228.103 2356.282 309.141 -1.047
1873.517 1521.313 2592.000 1944.000 -1.048
32.348 118.526 137.678 237.705 -1.049
157.442 228.189 211.856 347.607 -1.049
463.409 1582.367 683.711 1723.390 -1.050
1846.425 499.815 1903.277 650.167 -1.050
181.666 222.415 250.394 375.705 -1.051
788.860 1716.924 950.644 1818.464 -1.051
1036.339 513.364 1086.399 650.744 -1.052
633.866 1491.229 817.007 1608.743 -1.052
33.814 587.213 157.050 659.143 -1.053
250.983 1349.349 418.218 1452.703 -1.053
2456.999 193.592 2520.409 341.495 -1.054
2336.138 233.853 2497.277 338.659 -1.055
277.928 1236.394 411.309 1319.342 -1.056
435.689 369.979 2048.672 1429.559 -1.056
2153.224 300.195 2272.515 390.863 -1.057
1771.258 184.877 1845.730 260.538 -1.059
1837.359 245.455 1905.986 393.492 -1.059
1984.293 329.408 2118.807 426.154 -1.061
2084.646 168.874 2154.133 327.862 -1.061
92.017 423.914 156.358 583.378 -1.063
58.568 164.082 132.465 331.250 -1.065
46.174 447.902 105.458 595.440 -1.065
1.000 121.028 47.207 181.466 -1.068
782.595 1562.583 933.938 1654.383 -1.071
317.633 1418.330 383.687 1502.869 -1.071
19.478 59.357 59.671 143.126 -1.072
1177.175 1462.696 1239.977 1682.426 -1.073
2211.104 220.373 2320.799 465.430 -1.074
1.000 1.000 170.435 265.480 -1.074
171.065 59.546 239.543 131.679 -1.076
1.000 492.905 132.611 589.471 -1.077
1.000 954.000 117.447 1030.178 -1.077
1711.375 196.994 1822.304 279.454 -1.078
1191.912 1433.163 1413.168 1568.728 -1.078
