1149.166 493.201 1369.331 601.828 -0.898
1.000 723.839 1483.005 1789.637 -0.938
1570.383 1154.841 1599.916 1183.231 -0.943
1436.033 1106.751 1618.278 1200.168 -0.951
1551.620 1885.435 1543.001 1895.352 -0.958
2272.464 649.664 2391.390 724.416 -0.969
2034.352 1170.985 2082.901 1206.341 -0.972
1748.869 1664.461 1799.847 1699.255 -0.976
2444.431 1203.210 2558.592 1267.371 -0.981
1592.589 1303.504 2037.689 1731.039 -0.987
1087.096 1892.602 1081.411 1903.186 -0.992
1490.639 1549.042 1613.344 1616.555 -0.995
302.979 622.827 362.481 648.519 -0.997
2274.664 838.292 2276.886 910.799 -0.998
669.362 124.362 747.844 190.062 -1.000
2481.708 1864.222 2438.848 1944.000 -1.008
1118.142 1316.512 2592.000 1882.700 -1.010
1741.058 849.428 1792.078 962.743 -1.012
1614.012 1871.219 1638.390 1898.159 -1.012
1709.238 900.309 1764.852 936.313 -1.014
