2054.715 832.260 2061.871 942.853 -0.893
1998.100 262.641 2060.067 471.611 -0.894
1.000 35.155 635.800 829.312 -0.918
1830.385 249.936 1865.085 332.863 -0.919
2090.364 252.633 2252.706 984.195 -0.924
1816.514 174.020 1956.504 512.157 -0.924
1745.109 159.994 2041.145 1422.607 -0.935
1266.215 84.823 1923.310 1406.545 -0.947
2324.661 195.963 2413.356 498.198 -0.948
2452.975 234.501 2535.069 497.500 -0.959
2054.740 676.022 2071.607 830.012 -0.970
1199.390 913.207 1236.586 1004.512 -0.981
2457.105 212.581 2584.402 550.428 -0.983
2236.706 167.948 2592.000 737.161 -0.984
1773.998 1424.230 1833.697 1579.506 -0.984
2049.567 815.299 2063.843 938.771 -0.988
2017.441 762.319 2071.937 908.233 -1.017
2509.676 1515.614 2545.597 1542.606 -1.025
1164.907 508.064 1195.094 622.367 -1.038
2166.893 811.766 2141.496 948.651 -1.039
1105.485 1174.601 1125.016 1326.318 -1.039
2259.484 694.006 2245.058 817.549 -1.040
2253.478 689.643 2250.052 812.052 -1.041
598.430 430.443 1172.743 1100.613 -1.042
59.332 3.076 118.270 64.105 -1.046
101.768 1.114 150.923 56.336 -1.049
555.513 1454.068 602.059 1663.293 -1.051
2155.691 667.366 2431.182 1058.832 -1.051
2493.965 476.491 2481.503 579.797 -1.053
599.356 1450.776 593.430 1650.652 -1.055
2216.645 646.789 2592.000 1217.178 -1.056
2021.384 218.718 2351.053 564.348 -1.056
1.000 2.596 53.441 57.467 -1.057
2517.086 1667.801 2461.108 1904.700 -1.058
2479.178 1396.480 2472.742 1617.987 -1.060
2419.550 724.017 2406.898 870.852 -1.061
2316.432 1425.241 2286.768 1619.352 -1.061
2216.274 309.101 2206.710 399.603 -1.064
1973.544 849.274 1949.113 989.513 -1.064
835.431 1486.338 871.957 1711.796 -1.066
2212.692 364.430 2210.859 453.464 -1.066
2046.847 673.564 2055.419 816.066 -1.068
743.397 148.680 806.386 390.149 -1.068
1911.243 1069.385 1891.759 1244.000 -1.069
587.614 1449.105 621.581 1662.584 -1.070
1803.280 813.747 1800.297 952.969 -1.070
187.998 1.000 249.648 67.388 -1.071
21.245 3.209 86.807 62.661 -1.071
2439.524 1722.304 2408.843 1944.000 -1.072
2491.587 474.245 2487.380 580.519 -1.072
2543.328 858.477 2517.641 995.402 -1.073
504.285 1253.728 772.290 1668.432 -1.073
1814.215 822.776 1809.338 973.366 -1.074
1.000 1008.722 4.652 1173.022 -1.075
96.965 1575.429 122.249 1771.416 -1.076
1175.364 1653.862 1157.307 1875.452 -1.076
72.792 1689.406 117.643 1842.103 -1.076
1748.699 1102.490 1739.622 1272.493 -1.077
1189.942 1032.163 1227.975 1234.423 -1.078
1735.640 142.041 2592.000 1067.556 -1.081
1854.567 842.170 1851.104 978.600 -1.082
475.803 1676.089 496.468 1929.925 -1.082
1.000 89.997 909.465 1317.799 -1.083
1911.363 1067.870 1904.504 1232.269 -1.083
1632.079 187.711 2589.932 1944.000 -1.085
2176.111 1178.510 2164.206 1366.352 -1.085
1586.920 1433.313 1575.215 1628.622 -1.086
357.979 1516.322 374.776 1731.769 -1.087
2597.225 256.956 2577.322 333.132 -1.087
2041.428 884.543 2019.572 1026.995 -1.088
1976.261 451.601 1967.437 549.012 -1.088
1813.279 654.439 1802.890 773.806 -1.089
1178.535 659.701 1197.121 767.710 -1.089
1398.474 1511.898 1418.616 1737.317 -1.089
1940.236 678.994 1932.636 803.004 -1.090
2585.794 253.785 2581.364 334.061 -1.090
891.657 1596.983 905.394 1835.284 -1.091
2197.632 754.629 2172.637 885.820 -1.091
1906.799 872.942 1889.978 1026.747 -1.092
2146.010 262.218 2137.914 344.545 -1.092
2212.112 417.088 2205.283 513.649 -1.092
150.993 4.345 206.696 53.226 -1.092
2621.183 86.085 2592.000 147.437 -1.093
2157.794 809.871 2143.151 947.338 -1.093
105.807 1486.447 150.568 1704.017 -1.094
2316.537 881.849 2299.708 1029.103 -1.094
1093.706 1388.150 1101.308 1599.556 -1.095
1796.502 810.951 1793.011 966.511 -1.095
949.220 1654.875 940.103 1879.187 -1.096
2166.257 392.236 2151.473 481.603 -1.096
2379.705 412.968 2377.588 520.054 -1.096
1204.021 566.640 1210.746 678.866 -1.097
1968.417 681.902 1953.612 803.262 -1.097
2192.333 427.057 2188.632 521.841 -1.097
1.000 1568.781 62.283 1846.721 -1.099
1942.526 727.584 1927.228 853.644 -1.099
2583.362 749.969 2575.012 908.927 -1.099
2268.025 229.570 2266.477 305.230 -1.099
1209.923 783.644 1238.203 911.743 -1.100
1138.162 1285.468 1133.525 1475.911 -1.100
1014.323 1607.697 1067.592 1858.040 -1.100
944.816 1163.182 950.245 1281.772 -1.100
1861.907 758.877 1849.423 893.593 -1.101
342.552 1511.416 385.410 1745.662 -1.101
958.043 1.000 1017.412 46.344 -1.102
2483.990 922.083 2461.409 1076.041 -1.102
1685.634 897.909 1672.785 1046.117 -1.102
1237.055 1590.904 1284.981 1851.885 -1.102
1828.228 663.507 1821.744 808.792 -1.102
1940.667 679.078 1932.794 794.320 -1.103
1680.003 747.451 1671.790 871.506 -1.103
1773.882 675.381 1761.592 797.523 -1.104
1311.712 1511.911 1429.705 1784.515 -1.104
2562.183 233.412 2546.033 311.773 -1.104
607.078 8.426 679.416 70.893 -1.104
2218.163 321.113 2205.806 408.104 -1.106
2175.281 862.151 2166.553 1022.614 -1.106
