334.351 1505.469 451.314 1562.970 -0.903
1.000 1175.582 575.333 1619.385 -0.931
927.257 823.331 2206.724 1763.801 -0.954
2469.110 916.341 2508.534 973.317 -0.955
2307.796 1427.381 2333.837 1476.387 -0.970
586.267 1430.893 703.409 1494.393 -0.975
2471.555 920.271 2527.328 992.098 -0.979
1204.518 682.463 1362.385 795.020 -0.990
1532.631 778.258 1603.810 865.509 -0.992
2467.854 716.115 2524.533 789.901 -0.994
1472.303 756.842 1638.120 865.512 -0.996
424.477 1064.592 526.603 1184.269 -1.002
2260.918 1399.058 2345.864 1427.366 -1.006
686.567 1294.524 766.878 1333.045 -1.009
2243.122 1401.810 2350.989 1450.317 -1.012
2242.919 1474.200 2387.842 1550.889 -1.015
2479.049 1833.441 2592.000 1898.742 -1.016
