1439.899 1475.903 1659.625 1692.216 -0.908
1303.246 1157.703 1372.332 1203.368 -0.971
1079.899 94.044 1726.471 499.844 -0.981
1826.869 211.761 1970.869 239.924 -0.984
1716.091 1020.832 1802.521 1080.926 -0.987
942.937 1043.214 997.476 1124.862 -0.992
620.940 1419.466 688.903 1461.936 -0.998
1405.399 1270.986 1637.291 1512.892 -0.999
1662.147 1617.634 1842.654 1736.202 -0.999
1694.951 980.248 1864.238 1079.183 -1.000
1135.630 1112.618 1666.616 1372.620 -1.004
1972.442 638.605 2098.572 670.117 -1.006
1072.768 1042.242 1707.191 1613.151 -1.008
2070.291 1438.682 2185.380 1508.577 -1.012
82.184 1348.254 1226.852 1944.000 -1.012
1063.234 814.627 1655.137 1189.894 -1.015
953.482 1086.671 1012.847 1171.036 -1.018
1801.834 1082.913 1880.572 1170.260 -1.018
753.468 78.593 2592.000 1835.716 -1.023
680.963 1172.516 707.046 1233.973 -1.040
17.211 1730.525 58.312 1829.857 -1.046
560.942 1060.505 632.261 1161.040 -1.054
1.000 548.187 18.256 608.688 -1.055
124.280 420.305 624.215 875.317 -1.061
1.000 1146.941 639.774 1512.407 -1.063
659.492 1036.545 713.216 1076.232 -1.067
463.411 968.678 548.651 1018.106 -1.068
555.024 1026.567 643.115 1080.285 -1.079
54.224 965.828 146.098 1031.426 -1.080
654.841 1038.773 764.809 1114.425 -1.081
291.420 199.101 352.599 257.475 -1.084
2263.906 1870.623 2340.305 1918.319 -1.085
722.169 1300.174 746.692 1365.208 -1.085
8.256 956.141 102.324 1026.298 -1.087
715.391 1248.162 740.864 1311.439 -1.089
666.961 1170.097 721.200 1210.872 -1.098
148.798 1715.676 140.731 1783.369 -1.099
632.820 1025.338 792.731 1185.308 -1.099
620.790 409.650 690.929 454.114 -1.100
500.388 934.698 578.692 988.421 -1.105
674.456 1257.035 731.192 1296.157 -1.105
75.007 245.835 155.142 324.976 -1.109
1928.551 1890.091 1979.770 1932.238 -1.109
607.495 272.764 782.998 426.871 -1.111
1390.072 1897.544 1407.512 1944.000 -1.113
635.832 852.661 728.368 956.359 -1.114
691.719 1215.695 723.297 1288.830 -1.115
321.108 1095.158 374.182 1194.774 -1.117
521.386 363.633 611.715 454.449 -1.118
653.551 118.215 742.888 206.197 -1.119
2042.038 1818.850 2236.420 1944.000 -1.121
2464.639 1885.462 2501.430 1944.000 -1.121
591.776 123.312 788.648 312.421 -1.123
624.020 691.980 793.962 801.182 -1.124
725.163 1281.540 760.863 1344.967 -1.124
644.141 1162.740 725.164 1221.685 -1.125
395.417 990.391 453.079 1063.538 -1.125
1.000 750.157 254.166 980.686 -1.125
676.821 1290.336 757.530 1354.775 -1.128
2284.676 1803.336 2347.129 1902.244 -1.133
281.652 1065.990 343.324 1112.272 -1.137
1.000 511.574 17.048 568.002 -1.137
403.639 1086.376 466.183 1172.670 -1.137
2508.593 1892.208 2558.362 1944.000 -1.138
1848.770 1800.900 2091.471 1944.000 -1.139
712.724 1291.265 779.624 1382.723 -1.139
1527.300 1907.631 1571.061 1944.000 -1.139
60.928 456.429 114.356 517.751 -1.140
275.567 842.932 470.606 1042.920 -1.140
222.349 183.290 286.969 247.937 -1.141
227.275 225.238 282.472 284.627 -1.141
276.351 1107.803 361.611 1171.857 -1.141
1226.964 1907.745 1266.682 1944.000 -1.142
654.231 540.445 780.614 612.631 -1.142
83.389 585.332 127.869 644.018 -1.143
161.756 274.498 214.223 327.993 -1.144
6.367 1542.521 27.453 1613.504 -1.144
693.417 1237.517 768.455 1347.742 -1.144
2210.750 1887.808 2274.782 1944.000 -1.146
561.737 985.477 589.540 1046.094 -1.146
408.098 678.890 822.274 907.502 -1.147
371.542 1808.812 363.490 1867.797 -1.147
288.868 138.385 358.105 208.678 -1.149
6.228 214.054 70.748 287.966 -1.149
