905.706 1609.345 986.827 1669.657 -0.885
1493.134 332.441 1590.346 389.850 -0.931
2485.992 983.975 2533.331 1026.623 -0.940
2477.216 1753.240 2562.018 1812.896 -0.955
22.062 769.491 83.236 821.100 -0.956
932.867 1376.667 966.862 1423.162 -0.957
2358.147 93.011 2423.331 140.560 -0.963
1.000 1277.535 68.627 1331.807 -0.967
893.784 1535.387 990.361 1599.271 -0.969
29.278 1168.305 105.250 1223.164 -0.971
1372.383 616.454 1413.983 691.389 -0.972
2368.372 1166.087 2424.630 1235.310 -0.973
1874.840 552.404 1978.595 605.919 -0.980
1847.295 985.852 1916.142 1046.188 -0.981
2509.236 1794.679 2571.493 1924.756 -0.982
176.008 1227.789 230.975 1280.226 -0.982
821.878 919.267 893.185 980.167 -0.984
66.357 420.939 174.101 481.353 -0.984
1527.874 114.468 1608.324 165.815 -0.989
866.454 1167.106 920.165 1213.645 -0.992
1045.742 1582.648 1080.867 1625.348 -0.992
1324.928 887.437 1421.171 972.141 -0.994
959.497 140.400 1018.812 195.765 -0.995
2296.569 1115.314 2344.186 1166.151 -0.998
368.058 40.299 478.847 100.156 -1.000
315.637 1107.848 365.745 1150.031 -1.001
2354.523 1625.970 2428.140 1679.758 -1.001
380.239 1181.954 441.125 1231.363 -1.002
2025.557 1399.591 2067.640 1441.285 -1.002
824.153 1265.672 863.517 1311.253 -1.004
1256.408 882.622 1326.653 938.180 -1.005
1826.952 1457.612 1876.307 1502.700 -1.005
1508.505 571.237 1633.671 646.254 -1.006
2468.275 146.329 2542.164 199.634 -1.007
347.487 1042.725 401.570 1088.404 -1.008
861.113 6.178 951.870 54.927 -1.009
1982.182 1017.080 2042.203 1063.452 -1.010
27.913 1328.169 124.604 1392.748 -1.011
1046.880 811.109 1101.141 854.820 -1.012
989.178 1502.719 1023.653 1550.170 -1.012
2161.041 1614.036 2212.032 1671.917 -1.012
1236.002 528.250 1316.106 592.120 -1.012
647.395 62.320 724.882 106.104 -1.012
1157.931 1720.099 1517.917 1933.676 -1.013
277.132 1281.625 326.103 1330.620 -1.013
2255.453 1074.681 2432.858 1185.025 -1.014
854.769 1222.633 909.211 1268.217 -1.015
770.710 56.187 864.519 104.313 -1.016
2159.781 944.528 2199.494 1024.362 -1.018
1407.020 890.191 1485.832 947.862 -1.018
951.358 1533.218 1080.155 1629.970 -1.018
456.789 131.353 544.605 177.985 -1.018
864.280 913.906 2200.469 1944.000 -1.019
1239.315 789.892 1311.302 843.455 -1.020
671.956 1762.051 750.111 1840.360 -1.020
2128.977 607.289 2178.705 658.059 -1.023
342.985 131.101 469.899 195.525 -1.023
543.990 826.341 635.827 878.844 -1.024
719.592 1366.870 803.290 1431.342 -1.025
466.877 213.102 550.537 259.508 -1.026
329.135 7.477 589.293 142.211 -1.026
953.724 465.580 1023.251 505.107 -1.027
1416.090 196.830 1501.586 252.109 -1.028
31.110 1705.403 77.656 1748.761 -1.028
383.562 216.010 458.799 256.070 -1.028
324.303 1128.764 383.450 1175.582 -1.028
1476.292 124.935 1545.830 216.576 -1.029
376.596 904.856 434.973 949.246 -1.029
2242.075 145.350 2311.869 194.509 -1.029
666.670 1.000 734.111 39.279 -1.030
180.595 850.516 270.860 889.036 -1.031
924.637 518.564 1016.304 567.525 -1.031
671.442 607.958 719.717 660.764 -1.031
1569.752 8.743 1659.064 58.599 -1.032
28.488 895.156 139.785 966.069 -1.032
475.812 500.963 608.322 569.793 -1.032
159.047 870.269 272.295 952.784 -1.032
2449.188 1802.945 2476.655 1854.524 -1.032
2214.912 1566.893 2248.247 1615.763 -1.033
1404.883 520.760 1458.086 576.196 -1.033
427.453 1068.214 504.581 1120.040 -1.033
356.951 938.277 456.617 1001.380 -1.033
813.850 484.137 901.710 530.496 -1.033
650.619 952.119 700.440 993.613 -1.034
1209.130 568.767 1275.057 609.215 -1.035
2441.683 1814.356 2485.256 1866.725 -1.035
2166.722 594.374 2254.941 662.134 -1.035
2447.406 175.711 2530.404 237.276 -1.036
10.533 1190.048 111.505 1267.457 -1.036
14.448 664.943 311.833 827.302 -1.036
623.730 238.193 760.096 304.570 -1.037
52.938 1494.973 810.052 1879.499 -1.038
1308.657 397.770 1385.717 459.390 -1.038
165.547 1348.558 234.685 1402.925 -1.038
2425.042 1433.685 2482.560 1521.160 -1.039
41.171 1088.213 109.198 1137.094 -1.039
899.385 560.805 973.501 609.282 -1.039
2008.952 160.859 2056.190 205.371 -1.039
829.057 203.515 953.083 259.557 -1.040
2448.779 1229.077 2529.211 1300.119 -1.040
1453.164 607.328 1511.808 653.218 -1.040
614.670 429.423 735.523 501.170 -1.040
1542.968 282.304 1650.563 346.819 -1.041
1081.182 274.720 1171.064 330.519 -1.041
2181.249 1326.810 2269.382 1399.054 -1.041
1447.133 503.836 1501.943 556.270 -1.041
218.629 1053.276 278.169 1095.885 -1.041
876.714 442.440 999.113 515.460 -1.042
1952.958 550.770 2024.681 605.023 -1.042
1951.019 134.137 2019.192 184.829 -1.042
1203.795 569.334 1294.686 644.664 -1.043
832.257 1731.873 868.227 1776.298 -1.044
605.314 1327.425 665.870 1368.304 -1.044
1261.753 24.753 1341.098 65.733 -1.044
16.724 873.734 83.025 920.255 -1.044
630.484 168.310 723.834 220.041 -1.044
1423.536 634.066 1508.788 679.636 -1.044
1274.971 298.483 1358.836 349.958 -1.045
1909.508 8.073 1989.316 57.994 -1.045
21.954 1123.417 75.409 1185.845 -1.046
1417.531 585.875 1478.623 637.024 -1.046
902.186 194.803 1015.895 257.734 -1.046
2257.874 1581.320 2288.808 1626.566 -1.046
213.815 1321.897 263.362 1368.889 -1.046
2111.166 592.362 2200.237 650.729 -1.046
347.028 1265.886 407.527 1312.643 -1.046
110.803 1298.218 163.103 1351.515 -1.046
821.050 1331.225 903.741 1391.645 -1.046
2017.107 571.682 2149.815 646.203 -1.047
2190.307 1570.541 2250.526 1648.365 -1.047
2437.092 1844.462 2505.792 1917.920 -1.047
2417.031 1127.337 2468.032 1174.250 -1.048
1235.379 850.561 1291.274 900.364 -1.048
812.985 1249.106 867.571 1300.446 -1.048
429.246 180.464 517.506 234.839 -1.048
2287.801 1204.854 2375.245 1272.578 -1.048
823.159 283.348 909.487 348.721 -1.048
2239.009 135.364 2364.209 203.685 -1.049
763.696 3.512 842.861 59.122 -1.049
2176.649 1247.439 2277.652 1323.893 -1.049
359.526 367.932 434.052 405.738 -1.050
1402.377 600.808 1485.549 655.389 -1.050
2259.294 1713.896 2285.179 1760.693 -1.050
2065.093 623.730 2161.602 692.650 -1.051
438.270 282.947 509.519 326.372 -1.051
873.224 257.722 954.239 309.450 -1.051
779.762 561.003 818.784 628.282 -1.051
1728.273 111.405 1810.459 182.431 -1.051
1525.111 5.052 1610.503 55.322 -1.051
2239.137 1661.238 2274.121 1701.926 -1.052
104.508 1123.455 167.612 1161.098 -1.052
720.283 1092.145 786.761 1144.715 -1.052
520.378 589.730 588.438 643.202 -1.052
261.306 1464.321 302.994 1513.779 -1.052
472.654 180.276 576.015 239.429 -1.053
764.874 1423.432 836.051 1482.836 -1.053
2484.212 1876.246 2529.306 1937.967 -1.053
25.514 1064.086 81.947 1110.146 -1.053
822.612 457.484 935.865 530.512 -1.054
1193.639 47.004 1270.316 91.580 -1.054
2461.897 1868.555 2543.644 1944.000 -1.054
729.095 909.695 788.984 967.413 -1.054
673.394 723.497 777.001 789.074 -1.054
2479.946 1678.174 2529.892 1737.583 -1.055
2389.883 612.301 2459.150 666.031 -1.055
257.431 1307.887 311.701 1351.503 -1.056
1325.818 311.013 1397.097 356.444 -1.057
197.184 1210.498 252.778 1255.933 -1.057
1854.533 141.302 1919.658 188.694 -1.057
823.520 1421.490 893.603 1476.324 -1.057
817.132 1679.109 882.642 1737.869 -1.057
1279.058 181.729 1331.627 228.629 -1.057
2543.596 1726.549 2578.232 1833.932 -1.057
85.883 1285.885 203.585 1349.794 -1.058
248.169 1274.767 291.612 1318.289 -1.058
202.822 1111.868 289.904 1157.791 -1.058
1745.644 82.781 1815.313 128.600 -1.058
316.977 1104.506 396.473 1177.191 -1.058
1069.541 123.201 1146.754 170.959 -1.059
725.974 632.296 803.444 685.148 -1.059
587.175 62.385 698.627 123.961 -1.059
917.844 802.555 987.396 853.754 -1.059
1422.022 697.411 1526.720 767.532 -1.060
197.014 1427.914 243.513 1473.258 -1.060
2479.315 645.967 2546.500 694.782 -1.060
669.739 546.532 732.770 589.318 -1.060
805.532 8.136 922.710 66.019 -1.060
1085.955 183.706 1187.549 242.884 -1.060
31.025 1288.910 153.479 1356.685 -1.060
423.930 608.022 521.524 672.721 -1.061
1091.190 11.208 1212.967 60.010 -1.061
1064.328 534.876 1631.294 839.968 -1.061
2307.728 1620.504 2418.088 1693.229 -1.061
787.109 882.906 841.484 934.240 -1.062
2483.857 127.178 2567.938 238.370 -1.062
2440.005 1388.531 2481.335 1440.075 -1.062
1519.027 340.204 1653.329 409.290 -1.062
2442.376 1131.898 2513.014 1216.978 -1.062
1848.913 3.115 1893.095 44.589 -1.062
1285.090 863.474 1407.020 937.107 -1.063
1437.605 334.924 1522.113 390.948 -1.063
20.968 1039.568 155.994 1107.706 -1.063
2367.117 1742.090 2547.169 1944.000 -1.063
434.973 799.780 504.948 849.728 -1.063
1156.402 473.981 1270.140 546.481 -1.063
2428.679 1306.924 2490.389 1367.986 -1.064
298.171 1874.122 332.018 1916.417 -1.064
478.968 437.455 584.216 496.402 -1.064
2163.588 130.725 2275.730 204.783 -1.064
468.919 1204.883 546.149 1265.697 -1.064
152.843 1264.221 216.191 1318.640 -1.064
476.571 1349.801 701.324 1531.433 -1.064
19.375 1187.187 852.210 1607.467 -1.064
862.099 148.366 934.469 192.711 -1.065
520.484 371.570 632.017 418.476 -1.066
503.173 994.469 558.410 1038.530 -1.066
1757.332 17.203 1850.523 66.802 -1.066
1253.814 123.466 1350.707 173.868 -1.066
2401.785 88.060 2505.908 147.553 -1.066
1830.891 191.451 1893.624 238.765 -1.066
2309.163 828.261 2358.529 918.198 -1.066
752.979 844.527 937.749 942.256 -1.066
2335.264 1890.470 2359.979 1934.167 -1.066
565.589 1034.846 627.242 1086.418 -1.067
2459.293 602.383 2516.763 648.192 -1.067
2318.043 1662.508 2381.568 1746.770 -1.067
723.956 927.759 800.119 991.288 -1.067
2061.139 123.436 2157.814 179.150 -1.067
2179.620 1057.987 2243.478 1110.875 -1.067
71.732 901.354 214.291 987.154 -1.067
871.455 513.715 956.516 570.507 -1.067
1045.708 33.742 1118.769 80.809 -1.068
2341.248 590.418 2396.033 640.358 -1.068
320.306 884.417 402.240 943.813 -1.068
1149.695 245.693 1253.768 299.707 -1.068
366.840 266.728 455.558 313.388 -1.068
2437.315 1644.178 2473.714 1698.776 -1.069
429.435 492.812 499.105 537.441 -1.069
1646.982 13.743 1701.035 58.670 -1.069
367.703 479.092 466.050 520.337 -1.069
2406.993 416.581 2446.062 485.570 -1.069
2230.708 451.314 2300.067 552.467 -1.069
465.435 300.485 528.739 345.461 -1.070
1265.102 226.276 1360.616 289.741 -1.070
1389.045 755.119 1711.014 925.982 -1.070
850.919 178.092 914.596 220.297 -1.070
1045.225 802.272 1184.535 890.119 -1.070
805.871 1252.486 917.630 1328.009 -1.071
2363.332 1278.309 2460.255 1347.434 -1.071
1210.340 209.741 1276.581 252.680 -1.071
956.155 860.609 1017.305 906.154 -1.071
372.123 890.926 635.917 1040.697 -1.071
313.579 1036.537 377.417 1083.968 -1.071
413.127 290.472 503.714 352.345 -1.072
188.348 953.286 288.984 1018.676 -1.072
878.316 813.475 941.384 864.059 -1.072
2434.615 1271.681 2527.119 1338.239 -1.072
45.255 1143.868 124.953 1199.267 -1.072
1316.675 120.324 1402.630 173.808 -1.073
1343.968 13.369 1405.393 54.623 -1.073
67.171 480.410 130.000 523.852 -1.073
864.846 765.252 929.787 810.593 -1.073
1350.141 264.768 1413.749 308.775 -1.074
1122.162 49.975 1215.114 100.190 -1.075
849.500 293.109 991.625 360.177 -1.075
1584.675 246.968 1629.171 300.710 -1.075
509.882 607.739 617.095 663.728 -1.075
641.940 878.413 716.135 936.531 -1.076
27.215 963.658 83.193 1010.969 -1.076
1614.362 19.771 1727.586 88.432 -1.076
671.424 209.603 747.673 258.310 -1.076
2183.516 1644.417 2223.049 1692.243 -1.077
1853.935 203.921 1917.841 249.719 -1.077
1311.094 485.866 1417.503 557.206 -1.078
632.001 131.764 716.579 181.089 -1.078
1998.700 108.011 2074.604 155.538 -1.078
583.221 15.366 669.840 53.706 -1.078
633.866 322.596 722.872 366.851 -1.078
1096.222 470.670 1195.766 535.975 -1.078
760.475 444.351 869.412 516.132 -1.079
708.448 41.077 799.095 93.105 -1.079
10.548 381.868 127.077 467.340 -1.079
493.072 1076.833 555.584 1124.318 -1.080
2471.341 17.769 2543.531 68.585 -1.080
2306.978 609.114 2592.000 745.906 -1.080
2399.371 1537.994 2459.700 1586.147 -1.080
933.367 766.307 989.752 815.710 -1.080
428.438 1110.704 475.545 1158.055 -1.081
930.464 608.533 1011.939 658.983 -1.081
493.326 326.623 562.857 368.063 -1.081
906.050 597.155 963.982 642.726 -1.081
607.352 208.987 732.556 275.559 -1.081
797.419 1658.135 858.129 1708.853 -1.081
803.009 747.410 896.437 809.673 -1.081
805.539 951.225 848.228 998.712 -1.081
372.104 502.900 445.918 550.290 -1.081
2206.761 1.000 2273.330 55.632 -1.082
887.375 168.636 970.168 216.013 -1.082
119.482 999.274 185.424 1047.183 -1.082
2222.338 1069.023 2271.162 1108.040 -1.082
2243.084 588.844 2303.115 640.636 -1.082
1283.512 13.940 1373.260 71.813 -1.082
1104.120 417.810 1158.611 467.008 -1.082
1973.010 7.969 2058.549 60.985 -1.082
2273.032 1653.281 2315.701 1697.980 -1.083
157.592 1002.105 300.204 1090.898 -1.083
2160.204 6.136 2228.225 51.604 -1.083
833.080 1735.932 890.324 1797.762 -1.084
685.207 511.814 751.608 555.672 -1.084
2167.262 1073.648 2247.903 1144.707 -1.085
1501.214 217.960 1567.605 264.126 -1.085
365.378 442.335 474.973 505.058 -1.085
623.294 20.119 701.324 65.249 -1.086
461.664 637.065 538.966 700.969 -1.086
770.971 954.003 838.413 996.784 -1.086
2504.709 1169.155 2549.139 1224.459 -1.086
568.406 867.348 625.840 904.837 -1.086
1099.487 145.980 1183.662 188.365 -1.086
753.513 25.627 864.700 85.066 -1.087
388.826 413.544 483.949 464.352 -1.087
377.085 302.728 438.736 349.566 -1.087
2444.357 1190.974 2524.009 1269.191 -1.087
2279.331 596.142 2341.970 638.803 -1.088
1390.277 497.430 1475.810 558.575 -1.088
2297.808 1280.021 2339.252 1341.884 -1.088
1929.692 104.248 2048.734 177.559 -1.088
2391.069 1232.824 2437.858 1284.980 -1.088
2385.549 152.308 2448.615 208.759 -1.088
517.147 289.127 580.520 329.347 -1.088
1969.549 574.558 2060.060 648.805 -1.088
1027.556 7.760 1127.112 65.186 -1.089
2420.945 121.040 2525.354 193.140 -1.089
639.133 826.675 703.916 868.889 -1.089
372.950 850.441 439.107 889.286 -1.089
421.975 1022.618 495.098 1079.340 -1.089
677.602 523.586 798.238 579.413 -1.089
1226.711 8.042 1315.289 49.390 -1.089
1277.256 360.339 1348.795 411.341 -1.089
1611.533 199.895 1672.574 275.018 -1.089
97.644 861.832 172.315 910.628 -1.089
1500.416 200.096 1596.573 254.440 -1.089
2109.382 569.147 2246.726 676.778 -1.089
687.870 336.916 770.598 376.350 -1.090
2225.378 263.313 2265.217 322.942 -1.090
1057.221 269.529 2372.349 887.300 -1.090
559.576 1065.859 631.427 1122.766 -1.090
2529.778 82.369 2574.941 136.029 -1.090
2023.589 135.698 2093.153 180.129 -1.091
613.674 1.000 902.267 125.530 -1.091
653.216 494.714 738.936 549.640 -1.091
483.646 304.435 571.730 361.877 -1.091
916.059 18.172 1002.493 55.417 -1.092
2250.205 1.000 2329.084 46.009 -1.092
1179.984 10.966 1294.211 66.553 -1.092
734.168 622.896 1074.658 813.577 -1.092
2347.687 1224.291 2411.589 1262.225 -1.093
2326.318 1170.199 2361.449 1225.410 -1.093
1792.685 197.193 1878.158 251.969 -1.093
394.117 383.914 467.875 427.547 -1.093
705.045 816.276 777.114 856.983 -1.093
2266.347 1264.496 2357.673 1327.613 -1.093
366.788 1091.448 442.268 1128.960 -1.093
2415.644 1180.182 2469.041 1246.090 -1.093
521.471 749.839 585.593 795.256 -1.094
923.565 46.103 1022.165 98.562 -1.094
220.744 1138.885 272.760 1181.665 -1.094
300.210 1009.165 404.458 1067.683 -1.094
1580.031 140.353 1660.113 201.041 -1.094
2405.521 342.831 2445.752 404.889 -1.094
1432.103 143.185 1503.900 191.100 -1.095
2344.435 1839.180 2381.425 1891.762 -1.095
1230.806 182.168 1322.226 236.450 -1.095
856.161 364.011 959.098 425.603 -1.095
2298.358 91.459 2415.610 165.559 -1.095
701.819 479.058 755.467 519.076 -1.095
2243.210 1193.592 2291.103 1249.676 -1.095
189.612 1076.425 279.091 1118.362 -1.095
1557.724 162.723 1621.953 216.682 -1.096
626.662 583.398 678.749 641.980 -1.096
314.258 112.110 403.248 174.406 -1.096
834.456 559.715 909.462 625.857 -1.096
344.643 1034.259 435.172 1096.794 -1.096
500.559 228.937 604.422 283.008 -1.096
2031.901 172.585 2087.899 216.330 -1.096
491.407 1081.185 554.842 1186.822 -1.096
389.784 272.645 526.777 343.720 -1.096
1623.021 77.183 1721.735 134.571 -1.097
36.355 823.532 103.534 866.989 -1.097
2242.694 1141.294 2297.796 1215.007 -1.097
1575.061 107.489 1651.352 166.138 -1.097
1139.922 864.383 1177.135 941.475 -1.098
443.161 472.922 523.619 532.275 -1.098
2038.099 11.913 2114.570 50.395 -1.098
2219.956 1124.239 2280.723 1182.453 -1.098
65.840 1121.991 152.728 1171.005 -1.098
289.412 1044.714 335.214 1129.791 -1.098
2219.755 1140.628 2351.084 1205.961 -1.099
394.773 568.969 476.735 685.290 -1.099
802.260 173.625 906.023 228.424 -1.099
366.428 360.589 464.483 419.342 -1.100
928.490 883.724 991.132 933.655 -1.100
309.446 976.431 362.217 1019.464 -1.100
2254.443 1188.528 2317.301 1263.226 -1.100
1360.851 44.344 1424.189 88.355 -1.100
2099.400 158.950 2156.171 200.992 -1.100
1110.709 240.012 1158.559 290.321 -1.100
1327.444 161.236 1413.639 208.530 -1.100
1.000 355.484 670.352 1169.127 -1.101
996.732 33.006 1085.816 83.968 -1.101
685.682 795.980 784.394 855.168 -1.101
510.411 130.937 618.848 180.943 -1.102
644.946 544.126 698.784 620.582 -1.102
1371.905 1.000 1486.085 66.011 -1.102
2242.227 1808.699 2301.199 1869.932 -1.102
2184.736 96.358 2235.441 150.503 -1.102
2538.846 833.298 2567.375 903.399 -1.102
2376.772 1200.418 2447.749 1253.879 -1.102
2230.197 96.891 2298.529 148.142 -1.103
681.322 847.750 739.237 895.190 -1.103
2355.368 1679.067 2410.345 1724.502 -1.103
876.371 38.287 951.154 82.600 -1.103
2402.215 1100.955 2504.866 1180.704 -1.104
2482.735 1061.233 2533.279 1112.004 -1.104
2319.619 501.792 2430.809 578.483 -1.104
2135.865 1254.718 2283.397 1357.892 -1.104
2386.332 1228.300 2463.229 1296.388 -1.105
2184.025 1054.382 2280.120 1128.794 -1.105
825.902 1121.794 880.747 1166.826 -1.105
2312.305 1160.000 2391.954 1243.115 -1.105
2336.843 1778.406 2350.924 1825.229 -1.106
2339.240 1731.554 2375.010 1785.114 -1.106
847.594 10.766 1018.837 76.885 -1.106
670.478 293.367 746.960 352.395 -1.106
2048.725 150.986 2130.663 215.944 -1.107
408.829 1163.459 466.218 1206.039 -1.108
2393.401 148.779 2554.323 232.336 -1.108
2244.626 1227.026 2337.643 1295.880 -1.108
626.872 703.980 741.738 777.774 -1.108
2519.475 1653.854 2545.182 1698.280 -1.108
2156.748 1054.628 2343.939 1162.401 -1.108
948.783 826.828 1008.488 868.850 -1.108
2140.334 1566.612 2268.377 1659.382 -1.108
787.736 1759.546 849.881 1818.209 -1.108
2465.411 1562.514 2514.486 1623.696 -1.109
482.293 251.068 573.617 305.702 -1.109
1118.178 228.728 1208.786 290.815 -1.109
2423.273 1408.884 2478.424 1453.493 -1.109
756.557 1007.511 803.426 1048.465 -1.109
449.794 1158.180 505.075 1203.679 -1.109
941.959 170.468 1030.314 220.352 -1.110
281.043 186.744 327.482 247.834 -1.110
1895.311 52.203 1974.435 100.196 -1.110
30.492 1792.212 78.922 1910.892 -1.111
2282.043 1402.745 2317.404 1433.302 -1.111
2341.379 956.833 2424.444 1023.354 -1.111
2206.365 1719.023 2269.347 1780.187 -1.111
595.528 142.481 721.968 195.789 -1.111
824.739 1499.977 887.588 1535.826 -1.111
1803.090 100.424 1875.965 144.988 -1.111
2279.455 1687.922 2320.838 1745.380 -1.112
823.089 523.972 915.333 566.820 -1.112
2255.827 1683.522 2299.795 1713.971 -1.112
775.446 1726.127 881.570 1795.532 -1.112
2477.047 1636.506 2531.176 1695.559 -1.112
2428.499 220.516 2494.427 267.421 -1.112
2248.847 1710.085 2297.243 1766.669 -1.112
780.462 330.770 883.243 385.783 -1.112
799.884 1404.527 907.079 1482.990 -1.112
2426.385 1385.173 2497.743 1452.266 -1.112
2265.752 1589.601 2315.510 1637.213 -1.113
2347.575 125.633 2454.614 192.989 -1.113
949.965 572.602 1031.948 635.545 -1.113
1962.136 175.045 2025.251 230.526 -1.113
217.833 1872.953 246.142 1918.182 -1.113
780.884 227.866 897.135 292.968 -1.114
1906.391 182.150 1964.686 225.132 -1.114
2519.720 1655.577 2572.525 1697.456 -1.114
796.573 940.031 897.126 1007.997 -1.114
2263.054 1492.156 2326.741 1545.644 -1.114
2382.428 1397.550 2453.866 1464.103 -1.115
2459.568 1713.114 2469.224 1763.294 -1.115
2485.123 744.348 2517.914 813.390 -1.115
1692.363 3.955 1754.373 57.491 -1.115
2326.809 1924.277 2366.660 1944.000 -1.115
2351.155 1888.290 2370.716 1935.450 -1.115
2183.839 1697.471 2252.170 1765.894 -1.115
1227.654 853.345 1355.127 944.153 -1.116
925.508 286.496 1046.691 354.976 -1.116
941.593 830.981 1050.295 901.795 -1.117
2525.119 1251.071 2576.395 1292.037 -1.117
2240.515 1591.994 2305.385 1667.593 -1.117
1432.489 33.642 1518.382 87.042 -1.117
719.357 594.562 767.192 644.299 -1.117
1878.739 122.520 1979.709 207.099 -1.117
649.735 806.902 742.681 868.868 -1.118
1809.273 15.431 1889.298 69.543 -1.118
626.878 283.860 695.275 333.263 -1.118
2339.199 1191.868 2432.325 1257.826 -1.118
2357.550 1128.646 2545.595 1244.526 -1.118
704.050 982.642 817.960 1067.946 -1.118
2032.934 197.544 2129.781 250.046 -1.118
2337.809 1864.623 2394.309 1934.290 -1.119
905.326 132.379 993.140 177.026 -1.120
532.293 305.425 620.923 347.316 -1.120
2238.430 1598.911 2412.519 1704.077 -1.120
1102.523 194.462 1293.539 301.831 -1.120
2456.596 1700.582 2520.978 1778.173 -1.120
2429.545 902.395 2484.924 958.692 -1.120
657.461 1063.458 717.567 1104.716 -1.120
925.894 354.716 1017.392 405.431 -1.121
62.766 1856.896 104.559 1914.316 -1.121
2192.074 1647.680 2241.505 1724.878 -1.121
689.450 481.941 769.646 537.414 -1.121
876.574 69.954 947.957 115.799 -1.121
2329.535 1314.053 2352.821 1362.908 -1.121
2344.644 1521.796 2407.485 1578.832 -1.122
2387.301 1340.539 2444.199 1396.750 -1.122
2220.920 1689.457 2286.234 1759.813 -1.122
1443.988 224.530 1514.803 283.344 -1.122
1296.179 183.730 1383.743 221.704 -1.122
839.154 1044.237 882.225 1097.413 -1.122
805.568 1878.098 900.440 1944.000 -1.122
2335.683 1723.051 2410.778 1787.830 -1.122
2433.580 875.159 2592.000 1110.955 -1.122
932.703 264.984 997.669 306.394 -1.123
804.450 1350.913 903.772 1426.096 -1.123
2323.183 1401.172 2373.329 1454.719 -1.123
1.000 309.094 2584.681 1581.739 -1.123
1089.857 72.064 1183.803 131.658 -1.123
1510.071 224.554 1613.646 293.698 -1.123
2048.458 46.820 2106.389 91.995 -1.123
2349.026 1687.792 2429.848 1762.929 -1.124
1476.311 7.511 1627.614 88.482 -1.124
2423.181 1.000 2486.081 48.250 -1.124
786.250 128.059 905.089 200.457 -1.124
1031.842 222.770 1129.406 279.132 -1.125
165.254 163.761 298.644 315.466 -1.125
1281.141 24.996 1448.602 119.035 -1.125
2281.451 1819.577 2341.934 1881.806 -1.125
838.907 1752.514 867.932 1848.736 -1.127
2074.861 8.529 2152.304 56.076 -1.127
935.968 130.980 1302.340 356.633 -1.127
1404.540 132.011 1508.670 205.465 -1.127
1.312 60.340 63.699 126.487 -1.128
2295.961 1759.022 2309.333 1812.446 -1.128
