1435.898 389.296 1499.116 469.686 -0.827
2095.703 910.235 2155.619 988.936 -0.943
474.358 535.415 535.883 625.388 -0.956
1231.527 622.781 1355.931 791.824 -0.961
2130.576 288.613 2192.110 378.320 -0.985
423.231 552.237 479.260 634.412 -0.986
2467.953 731.650 2516.223 787.590 -0.993
1891.318 688.136 1973.930 813.827 -0.997
1202.289 129.836 1264.258 235.825 -1.001
1785.471 1864.186 1843.991 1925.001 -1.013
2073.150 283.010 2119.087 339.923 -1.017
1382.976 1664.776 1451.293 1744.272 -1.018
1404.257 1449.170 1615.328 1492.210 -1.019
1262.781 1874.370 1316.418 1924.967 -1.021
1280.938 1918.835 1371.695 1907.630 -1.021
2343.184 1847.641 2422.158 1936.083 -1.022
1.000 1.000 1137.902 1853.085 -1.025
1955.690 1194.694 1983.048 1262.347 -1.034
1355.974 850.088 1470.848 833.932 -1.044
2305.331 268.117 2367.771 344.758 -1.048
1291.581 1766.118 1343.431 1817.638 -1.050
2037.252 681.484 2223.863 1012.350 -1.050
2078.275 209.331 2335.405 604.278 -1.052
2419.354 346.158 2470.167 410.676 -1.052
2466.763 229.647 2543.577 339.194 -1.055
2004.701 265.724 2070.620 373.613 -1.057
1386.914 339.297 1455.246 382.249 -1.058
1674.635 1372.454 1857.251 1659.061 -1.059
2387.447 867.222 2433.827 919.325 -1.060
1122.106 967.592 1201.805 943.957 -1.061
1542.289 1853.554 1613.075 1927.660 -1.062
1769.589 239.139 2511.765 554.206 -1.062
1498.193 1851.261 1580.608 1814.626 -1.064
1216.285 1508.842 1316.356 1497.193 -1.064
1804.926 163.428 2276.969 1015.367 -1.070
1425.199 326.256 1473.106 386.292 -1.071
1720.026 1832.360 1799.059 1934.282 -1.072
2377.503 208.821 2423.892 262.432 -1.076
1217.952 1508.739 1318.728 1501.168 -1.076
1439.146 1706.542 1501.026 1784.751 -1.076
2140.319 1505.303 2583.693 1610.382 -1.078
1120.966 702.698 1173.257 769.662 -1.079
1293.426 1324.790 1353.097 1389.741 -1.081
1518.585 922.689 1634.779 894.212 -1.082
1819.036 1855.339 1866.925 1906.513 -1.082
2071.709 1418.757 2144.537 1494.223 -1.089
1776.360 788.359 1823.742 842.780 -1.089
1134.020 495.845 1182.567 561.312 -1.090
1115.082 582.699 2044.114 1004.835 -1.092
1508.701 203.442 1556.134 269.576 -1.094
1844.544 1883.924 1896.320 1931.333 -1.095
1993.695 186.327 2526.139 1075.368 -1.095
1432.031 1820.331 1494.276 1898.412 -1.095
1435.748 1939.501 1507.282 1908.376 -1.096
838.287 42.452 1846.112 1836.834 -1.096
1440.867 1940.220 1507.826 1903.094 -1.098
2502.608 372.861 2560.014 446.389 -1.100
2384.811 345.288 2490.055 240.202 -1.100
948.008 1869.130 1006.322 1933.360 -1.100
1498.360 1862.062 1562.800 1919.615 -1.103
1715.495 1061.609 1991.700 1464.672 -1.106
1673.696 1876.881 1737.291 1935.593 -1.107
1223.797 1845.397 1286.339 1918.908 -1.109
1821.919 1862.630 1884.694 1927.111 -1.110
1387.363 1836.425 1460.604 1915.565 -1.112
2521.907 1020.933 2574.766 1067.091 -1.113
1861.677 1420.773 2155.877 1467.020 -1.114
1077.970 1823.448 1153.203 1932.003 -1.115
1565.778 1928.514 1682.726 1912.576 -1.116
1248.268 1914.150 1373.458 1910.687 -1.117
2508.766 1818.301 2592.000 1923.191 -1.117
1557.201 1808.159 1608.330 1868.077 -1.118
2500.393 671.102 2557.762 526.773 -1.119
866.641 1630.053 863.272 1728.180 -1.119
1527.811 1927.665 1608.818 1900.461 -1.119
1461.119 1870.541 1515.838 1927.284 -1.120
