2287.494 630.206 2453.528 729.535 -0.787
222.332 1380.552 365.742 1474.160 -0.824
2362.412 652.930 2575.273 755.130 -0.850
10.888 1189.512 132.895 1270.102 -0.887
2340.432 33.834 2535.672 273.470 -0.899
2448.047 1169.858 2580.965 1277.259 -0.926
2367.182 1775.837 2578.512 1916.314 -0.926
2369.919 1911.394 2592.000 1942.091 -0.929
1389.611 1096.558 1629.090 1218.911 -0.946
2.850 726.354 123.229 761.329 -0.950
1164.264 1501.331 1508.482 1668.556 -0.954
1216.732 621.902 1641.956 803.098 -0.983
1036.815 822.953 1620.414 1127.411 -0.986
11.177 1140.731 282.995 1261.554 -0.992
16.852 1752.657 168.020 1860.979 -0.998
14.610 1520.121 204.972 1634.986 -1.003
510.969 849.779 627.905 921.656 -1.006
627.589 237.547 759.862 300.343 -1.008
815.953 751.815 1009.969 854.221 -1.008
755.039 36.999 839.221 132.999 -1.011
