519.328 1363.603 754.518 1556.389 -1.008
706.123 945.955 1837.934 1897.770 -1.008
398.547 22.364 1179.519 632.469 -1.013
1373.496 709.536 1685.160 944.948 -1.016
352.659 273.215 1221.581 980.093 -1.024
78.582 1454.748 327.472 1640.735 -1.024
1717.100 819.943 1902.857 965.576 -1.031
1.000 311.613 1386.654 1760.642 -1.034
2207.347 269.730 2323.267 346.925 -1.035
1391.632 814.624 2395.924 1633.852 -1.038
1.000 91.443 126.765 223.796 -1.067
1.000 1.000 2534.331 1944.000 -1.067
2507.021 278.255 2592.000 353.148 -1.103
2480.095 516.400 2592.000 595.310 -1.113
2479.495 710.662 2592.000 793.446 -1.114
2487.461 206.450 2592.000 289.058 -1.129
2484.132 1541.120 2592.000 1643.216 -1.130
2483.434 1096.946 2592.000 1201.319 -1.132
2504.058 7.048 2592.000 72.671 -1.138
2491.580 1645.730 2592.000 1740.781 -1.148
2496.082 1354.690 2592.000 1450.299 -1.148
2477.893 62.916 2592.000 155.256 -1.152
2488.203 886.780 2592.000 1055.334 -1.152
2500.062 585.187 2592.000 666.409 -1.155
2492.282 1052.030 2592.000 1130.233 -1.156
2481.562 329.679 2592.000 404.847 -1.158
2524.381 1728.236 2592.000 1831.059 -1.162
2527.150 425.005 2592.000 514.883 -1.167
2518.187 1865.763 2592.000 1944.000 -1.170
2480.125 122.937 2592.000 210.768 -1.170
2515.456 1795.838 2592.000 1899.415 -1.172
2499.421 821.544 2592.000 906.263 -1.178
2482.827 1270.888 2592.000 1366.875 -1.182
2477.843 369.976 2592.000 453.729 -1.185
2483.227 1551.095 2592.000 1736.146 -1.188
2487.672 429.046 2592.000 586.277 -1.193
2484.569 1426.590 2592.000 1553.888 -1.194
2511.086 1204.110 2592.000 1310.698 -1.198
2479.235 762.929 2592.000 941.893 -1.206
