229.020 1.760 1012.478 599.016 -0.902
2508.418 725.590 2530.356 847.500 -0.906
1031.623 704.712 1124.589 816.546 -0.939
1440.337 379.304 1487.711 465.546 -0.952
2139.632 266.717 2175.864 382.889 -0.953
2149.528 737.487 2164.987 860.509 -0.958
1677.914 576.735 2014.116 1436.969 -0.963
2153.020 715.613 2182.297 854.631 -0.964
77.725 514.639 117.437 659.280 -0.971
1990.642 643.748 2069.982 891.733 -0.972
2085.777 211.882 2116.585 310.916 -0.981
2273.748 157.455 2323.746 293.773 -0.981
1977.827 563.558 2099.446 925.422 -0.982
2155.188 167.163 2299.320 544.283 -0.985
2388.106 176.253 2459.269 387.907 -0.986
2334.204 733.223 2351.561 850.870 -0.988
1699.555 34.979 1937.896 577.465 -0.988
2354.869 800.884 2377.995 963.940 -0.991
2037.619 380.819 2091.184 535.553 -0.991
2128.961 167.804 2171.299 305.047 -0.994
267.140 964.634 275.895 1069.742 -0.994
1461.648 682.174 1501.844 850.366 -0.995
2095.306 365.904 2121.310 478.102 -0.995
2307.094 351.466 2333.317 443.481 -0.998
1634.633 1638.189 1629.859 1792.036 -1.000
2300.463 256.202 2332.315 359.169 -1.000
14.728 366.014 49.143 500.265 -1.001
111.506 218.149 147.585 316.171 -1.001
2102.236 394.292 2138.790 534.401 -1.001
2491.767 807.925 2514.510 937.783 -1.002
2508.485 1631.778 2535.743 1846.443 -1.003
2082.946 660.608 2194.530 976.290 -1.004
2283.073 214.892 2347.379 453.704 -1.005
41.959 925.994 329.892 1644.627 -1.005
2409.666 383.217 2441.541 518.967 -1.007
2275.093 680.745 2314.860 763.540 -1.008
1475.393 1509.643 1461.494 1637.219 -1.008
2084.151 270.192 2115.924 387.106 -1.009
1826.116 246.827 2084.500 564.247 -1.009
1823.465 1400.505 1820.885 1540.770 -1.011
2487.485 425.381 2529.254 565.367 -1.011
2269.721 593.420 2298.482 729.851 -1.011
1317.268 1646.159 1299.594 1768.983 -1.013
32.385 465.016 110.534 666.606 -1.014
1330.083 458.529 1354.688 565.940 -1.016
1023.551 649.631 1133.264 763.346 -1.018
1321.433 1685.950 1311.717 1838.814 -1.018
1503.655 698.149 1552.302 869.118 -1.018
2362.558 332.901 2444.932 564.088 -1.018
2444.812 182.959 2484.455 307.348 -1.019
2307.144 177.705 2468.342 589.075 -1.019
1045.176 444.502 1072.083 562.980 -1.019
19.921 1.000 56.935 74.661 -1.020
2312.708 704.371 2345.704 881.071 -1.020
539.884 17.005 1729.746 884.352 -1.021
153.170 213.660 190.282 323.230 -1.021
492.743 181.641 1073.703 1634.208 -1.021
2122.747 386.005 2168.009 538.051 -1.023
44.416 1.000 98.430 133.717 -1.023
1.000 1.000 368.746 749.473 -1.023
285.878 1.000 1257.459 1745.987 -1.026
1750.507 121.012 2123.884 596.000 -1.027
2591.576 1523.886 2575.043 1682.012 -1.027
2074.551 181.682 2212.858 546.563 -1.028
2128.204 198.565 2414.046 600.643 -1.030
2454.043 388.203 2518.564 574.966 -1.031
2471.614 213.298 2516.904 354.277 -1.032
2218.799 693.190 2236.773 801.482 -1.032
1649.902 975.376 1671.781 1130.232 -1.033
2531.272 408.538 2568.201 540.331 -1.033
2234.687 722.105 2251.885 858.287 -1.033
2219.772 881.691 2223.594 981.838 -1.033
2497.865 697.455 2570.551 960.195 -1.034
2526.235 344.339 2563.310 474.142 -1.034
2271.943 869.726 2288.357 1007.480 -1.035
112.623 1612.583 113.087 1769.674 -1.035
1823.361 1425.637 1811.280 1559.299 -1.036
2352.677 756.341 2401.098 895.110 -1.037
2511.437 882.975 2546.731 1040.073 -1.038
1481.084 1294.671 1603.564 1480.083 -1.038
2354.831 83.153 2557.453 583.563 -1.040
2531.711 1439.344 2539.779 1595.000 -1.040
2478.882 922.765 2497.701 1076.769 -1.041
2501.963 1661.826 2501.275 1848.452 -1.042
1825.550 1446.378 1814.990 1565.224 -1.044
1957.155 293.775 2294.078 1004.604 -1.044
2545.070 69.189 2574.670 173.693 -1.045
1.000 940.557 45.151 1065.271 -1.046
2346.908 665.477 2369.565 794.909 -1.047
20.872 735.577 35.547 844.849 -1.049
2427.808 655.554 2577.715 1092.216 -1.051
237.228 744.359 311.025 848.918 -1.053
1645.975 60.873 2310.528 1556.677 -1.053
1688.778 1398.166 1679.684 1518.025 -1.054
1377.349 1520.297 1375.380 1657.360 -1.055
1817.461 1435.135 1811.067 1562.929 -1.055
2595.722 1541.031 2576.898 1688.231 -1.056
431.060 1552.300 420.899 1676.733 -1.056
46.105 1582.763 41.126 1718.372 -1.057
758.267 1527.801 754.419 1655.384 -1.057
1.000 896.386 72.963 1047.769 -1.058
1473.637 1496.722 1469.362 1653.447 -1.058
1340.015 1553.777 1406.177 1717.412 -1.059
1677.021 1613.734 1674.588 1771.296 -1.059
2237.755 1362.326 2522.362 1677.091 -1.059
904.434 1487.844 898.331 1615.079 -1.059
1469.708 1493.891 1472.506 1645.900 -1.060
2601.220 1732.403 2575.192 1869.283 -1.060
1397.286 1361.012 1386.274 1486.230 -1.060
2346.901 815.569 2388.762 998.466 -1.060
1821.001 1423.214 1813.238 1577.767 -1.060
1316.450 1339.108 1442.927 1768.885 -1.061
2551.587 379.184 2576.875 482.980 -1.062
1481.842 1504.279 1475.555 1650.421 -1.062
2579.457 1471.616 2571.717 1597.665 -1.063
127.005 1685.489 100.865 1808.803 -1.064
996.673 1568.501 986.584 1702.441 -1.064
43.641 1388.569 39.382 1536.267 -1.065
453.857 1563.718 435.773 1674.099 -1.066
2581.668 1565.077 2572.354 1706.528 -1.066
1824.626 1398.225 1822.266 1572.698 -1.066
674.701 1311.636 669.088 1428.930 -1.067
56.922 1656.586 43.736 1786.384 -1.067
1314.486 1648.024 1294.711 1766.250 -1.068
