2394.456 25.733 2592.000 42.318 -0.561
3.921 923.869 258.523 1087.763 -0.589
8.842 757.429 192.678 826.708 -0.625
1.000 1282.853 574.093 1653.134 -0.661
1697.327 1726.614 1963.955 1808.840 -0.667
1764.993 1328.490 2522.715 1501.713 -0.688
11.602 740.766 293.712 833.049 -0.710
2374.885 91.830 2592.000 118.299 -0.725
3.413 699.761 248.596 777.457 -0.737
2291.607 1725.803 2592.000 1895.632 -0.768
1654.274 1340.718 2592.000 1911.378 -0.804
13.089 1746.415 473.363 1906.820 -0.807
732.845 1854.698 978.040 1944.000 -0.808
1475.725 1087.919 1629.394 1133.585 -0.818
2459.319 71.473 2592.000 100.130 -0.832
1.175 1623.728 131.028 1699.213 -0.832
927.667 1401.611 1392.679 1535.435 -0.840
150.616 1658.906 625.044 1828.580 -0.852
828.298 409.606 967.732 443.391 -0.853
48.612 1028.837 1709.813 1541.405 -0.868
8.964 828.632 132.182 880.817 -0.884
2387.812 682.536 2592.000 713.268 -0.905
461.947 724.344 601.864 769.726 -0.912
363.748 1562.563 750.022 1812.251 -0.931
1086.633 1571.523 1341.742 1661.237 -0.938
427.465 632.828 618.306 694.512 -0.949
2290.942 32.289 2494.140 50.300 -0.949
772.005 1419.654 1636.603 1932.897 -0.950
452.801 1502.901 882.107 1630.390 -0.954
1448.301 460.920 1654.631 500.700 -0.958
11.874 1610.239 291.668 1725.519 -0.995
1319.233 707.202 1649.033 777.507 -0.996
19.569 1886.575 110.898 1944.000 -0.999
2329.337 1160.611 2592.000 1223.947 -1.003
2314.169 160.766 2592.000 209.691 -1.003
414.840 763.335 535.032 808.484 -1.005
535.063 929.907 729.535 991.813 -1.011
2069.346 44.570 2253.317 63.752 -1.013
1868.228 52.415 2050.076 72.140 -1.020
2294.428 712.122 2581.900 774.248 -1.022
1259.640 446.493 1435.679 481.602 -1.022
242.712 1650.971 1294.680 1931.160 -1.024
1.000 1521.606 882.965 1798.340 -1.031
2286.595 18.098 2592.000 62.193 -1.036
291.765 762.375 615.029 880.356 -1.038
2320.085 138.082 2588.115 181.569 -1.047
1112.186 510.183 1352.014 579.675 -1.073
189.244 674.658 326.256 725.639 -1.085
22.425 713.533 442.314 841.064 -1.089
2388.945 66.703 2592.000 85.487 -1.092
1316.506 781.977 1478.035 822.880 -1.093
594.216 79.292 786.665 129.493 -1.103
2257.003 85.956 2586.389 145.993 -1.110
1267.809 289.951 1430.395 319.516 -1.114
613.573 620.287 778.580 670.825 -1.124
1485.626 1687.171 1807.792 1781.188 -1.125
2250.814 598.319 2592.000 672.220 -1.128
1473.209 672.276 1654.105 716.572 -1.128
1.000 838.151 534.746 999.684 -1.128
401.450 715.985 637.343 790.332 -1.131
1948.130 48.147 2137.658 67.593 -1.136
1294.539 1.000 1612.602 16.354 -1.138
819.234 92.021 979.978 119.835 -1.143
1101.320 7.481 1499.735 94.608 -1.150
893.439 413.171 1043.443 450.636 -1.152
28.563 936.689 565.085 1107.159 -1.154
2153.014 41.057 2352.479 58.983 -1.155
2386.448 1214.269 2586.281 1262.877 -1.155
11.594 673.404 112.778 719.182 -1.158
773.630 398.758 944.748 437.383 -1.161
2101.872 98.842 2592.000 207.120 -1.169
1417.787 1659.117 1857.445 1804.434 -1.173
485.382 902.122 607.951 952.735 -1.178
1881.569 19.553 2081.025 44.247 -1.180
1875.523 1036.290 2563.840 1185.140 -1.185
605.412 4.543 1099.843 126.900 -1.185
1760.141 200.791 1948.488 230.137 -1.186
993.813 1.000 1266.231 14.368 -1.186
1457.437 443.211 1654.035 476.678 -1.193
1688.130 1264.366 2082.687 1368.111 -1.196
31.284 1344.567 1990.214 1920.537 -1.199
1461.513 1.000 1831.325 19.132 -1.200
1916.097 1887.466 2139.431 1944.000 -1.207
1.000 45.994 2592.000 695.864 -1.209
18.702 705.422 1039.503 1029.288 -1.213
2248.094 8.698 2448.277 25.155 -1.228
1899.681 1223.165 2118.858 1278.885 -1.229
1251.986 1.000 1719.792 25.547 -1.244
924.891 1.000 1320.605 21.425 -1.251
1390.872 896.329 1635.635 954.447 -1.252
1976.003 1.000 2225.363 11.057 -1.258
1247.019 1.000 1721.815 57.505 -1.259
1684.599 1.000 2004.349 16.001 -1.261
2391.575 1898.737 2592.000 1944.000 -1.263
1220.124 871.187 1681.582 981.612 -1.274
1484.908 984.000 1636.167 1030.697 -1.277
1443.848 824.615 1651.166 881.108 -1.289
2173.433 1252.293 2370.480 1298.824 -1.291
380.805 1.000 526.985 8.391 -1.292
1029.386 995.735 1191.914 1055.246 -1.301
1909.154 3.864 2162.277 37.184 -1.303
615.542 674.924 749.341 718.443 -1.304
2166.089 1.000 2362.244 7.579 -1.305
2083.139 1903.244 2231.593 1944.000 -1.306
2379.559 7.623 2592.000 27.037 -1.308
838.535 1.000 1387.819 31.042 -1.309
1679.696 1006.345 1859.744 1053.725 -1.311
1544.964 1.000 1900.668 56.780 -1.312
2015.167 1010.382 2183.185 1049.940 -1.314
368.723 1.000 719.228 20.299 -1.323
2015.017 16.858 2257.111 43.788 -1.327
2375.844 1241.146 2568.575 1290.507 -1.329
2028.364 709.902 2195.215 742.675 -1.335
2322.846 671.627 2592.000 794.033 -1.336
1038.530 815.007 1195.139 866.364 -1.338
1342.891 754.740 1560.909 807.042 -1.342
1.000 1082.574 2592.000 1796.408 -1.348
1882.288 17.080 2160.766 54.242 -1.348
1683.872 995.220 2225.870 1140.816 -1.350
1741.391 1.000 2099.071 56.387 -1.355
7.983 647.904 333.765 752.172 -1.365
1261.133 738.674 1475.538 796.382 -1.368
1647.650 952.897 1816.063 995.607 -1.369
2026.610 1.000 2338.849 32.667 -1.371
832.988 1.000 1387.669 70.576 -1.372
334.525 1.455 534.078 51.431 -1.376
263.017 1.000 574.533 82.554 -1.378
2119.770 31.866 2321.684 49.891 -1.381
2065.938 680.308 2276.640 715.209 -1.381
1707.824 1902.661 1880.206 1944.000 -1.384
2128.814 27.555 2377.584 59.715 -1.386
47.919 835.772 1238.527 1178.752 -1.386
95.000 696.047 2080.457 1219.407 -1.390
2134.506 3.297 2443.363 46.343 -1.392
2195.720 694.643 2369.200 727.197 -1.396
2045.786 1882.284 2255.519 1944.000 -1.397
352.615 1.000 865.471 29.433 -1.406
1834.234 1904.641 1985.949 1944.000 -1.414
2095.097 696.911 2324.014 742.551 -1.422
2162.597 1.000 2592.000 70.312 -1.445
