1239.783 1160.810 1292.619 1227.751 -0.786
233.023 683.845 341.373 725.085 -0.903
1922.898 1303.630 2025.125 1354.209 -0.909
1475.116 717.988 1575.118 771.704 -0.935
1073.424 206.820 1161.273 273.860 -0.936
1423.268 1523.453 1628.209 1664.742 -0.940
19.515 1685.529 111.384 1761.185 -0.941
1253.013 1296.342 1354.972 1371.705 -0.948
2462.999 759.186 2585.164 853.378 -0.948
1064.094 1137.664 1296.519 1310.801 -0.951
706.895 1629.717 849.400 1679.006 -0.958
1922.791 1029.589 2557.979 1397.853 -0.959
1.000 1538.699 80.538 1613.490 -0.968
101.913 798.116 204.557 870.540 -0.969
1054.107 1196.484 1357.156 1417.259 -0.975
2081.506 627.070 2181.964 696.190 -0.980
379.564 553.916 479.107 638.852 -0.981
142.801 1539.854 238.478 1609.820 -0.981
1480.525 324.343 1551.800 369.443 -0.982
612.786 1371.561 700.811 1442.079 -0.982
287.953 1392.872 378.781 1471.239 -0.983
1901.890 620.436 1969.515 680.380 -0.984
2044.507 13.301 2125.054 70.972 -0.987
849.780 1217.260 927.299 1277.120 -0.987
2335.528 1868.989 2423.470 1936.438 -0.990
1810.390 921.959 1877.475 965.900 -0.990
1492.599 771.754 1637.233 875.050 -0.990
576.383 1628.695 698.980 1667.028 -0.993
1748.110 1801.308 1838.917 1836.278 -0.995
2398.739 663.520 2499.129 748.998 -0.995
869.289 1608.327 982.511 1645.779 -0.996
1213.884 1579.544 1282.976 1636.345 -0.996
1414.872 368.180 1478.584 423.555 -0.996
1561.848 1707.964 1702.832 1765.280 -0.996
2267.239 1793.392 2335.174 1846.200 -0.998
2141.840 1546.431 2250.507 1624.974 -0.999
916.033 1742.128 1055.638 1789.736 -1.000
1110.573 1017.185 1200.423 1088.873 -1.000
1197.739 693.779 1354.335 804.031 -1.002
1591.043 723.238 1665.224 772.418 -1.002
1581.887 1834.447 1694.558 1925.304 -1.003
1335.849 1589.518 1454.654 1690.522 -1.003
1587.833 119.782 1685.616 185.167 -1.003
2291.265 1511.524 2435.226 1587.231 -1.003
1220.594 1045.411 1349.880 1107.558 -1.004
892.951 1021.980 2116.991 1846.539 -1.004
654.955 1021.951 728.717 1117.402 -1.005
2536.605 84.412 2591.457 130.392 -1.005
1426.121 315.948 1529.774 390.311 -1.006
480.266 147.824 550.365 199.904 -1.007
202.358 1222.973 291.340 1301.705 -1.008
708.817 1298.899 785.311 1358.539 -1.008
566.174 1372.999 638.822 1434.390 -1.010
2358.165 964.387 2421.352 1017.282 -1.010
2334.468 1617.020 2413.263 1656.773 -1.011
520.687 3.840 593.906 53.748 -1.011
672.082 1773.416 767.665 1851.470 -1.011
620.016 1449.885 710.014 1518.426 -1.012
1429.941 48.012 1495.069 98.753 -1.014
174.667 1732.972 252.274 1798.403 -1.014
299.248 1446.661 464.280 1506.629 -1.015
62.324 1676.375 261.307 1839.506 -1.015
2446.293 683.042 2555.489 754.048 -1.016
1048.512 669.384 1214.096 793.814 -1.017
693.095 831.047 899.676 1014.502 -1.017
514.857 948.252 582.258 1000.392 -1.018
351.057 1530.714 1151.548 1894.515 -1.018
1.000 1716.452 105.241 1805.222 -1.018
226.827 1462.249 355.895 1562.993 -1.019
2182.421 637.706 2276.693 710.296 -1.019
1667.063 934.701 2592.000 1478.151 -1.019
2499.778 84.273 2563.977 129.925 -1.019
1551.471 915.320 1615.122 961.846 -1.020
487.768 879.550 579.724 947.729 -1.021
1973.589 550.243 2033.093 600.310 -1.021
981.745 888.497 1256.296 1083.462 -1.022
1315.359 499.675 1373.069 542.304 -1.022
2133.986 1753.409 2245.611 1836.497 -1.022
1.000 1081.956 695.585 1752.162 -1.023
680.898 1240.111 766.580 1303.406 -1.024
1202.576 829.091 1667.063 1144.648 -1.024
374.004 653.862 443.462 710.057 -1.024
2432.179 1557.354 2518.343 1626.162 -1.024
22.100 711.655 265.147 833.135 -1.025
2298.198 1806.943 2366.686 1862.043 -1.025
950.519 610.353 1022.290 665.512 -1.026
2380.332 1637.002 2491.401 1721.524 -1.026
359.140 66.214 434.788 118.629 -1.027
538.600 816.514 608.626 872.715 -1.028
1114.752 326.080 1186.372 381.307 -1.028
243.642 780.107 338.252 823.532 -1.029
1387.294 1841.846 1511.781 1883.873 -1.029
1307.574 1869.204 1380.052 1930.712 -1.030
1524.403 407.787 1646.267 505.463 -1.030
406.722 933.989 506.693 1020.477 -1.030
2360.999 591.345 2431.431 641.866 -1.030
2342.509 1531.863 2525.981 1638.119 -1.030
819.128 1108.424 886.469 1161.905 -1.031
1674.953 93.385 1768.379 163.088 -1.032
584.051 68.609 1064.639 457.820 -1.032
2023.317 497.672 2078.766 544.518 -1.034
777.107 1308.766 856.883 1368.764 -1.034
1478.435 624.740 1555.425 685.214 -1.034
2314.646 1637.757 2386.873 1693.384 -1.035
2463.486 566.068 2545.607 638.157 -1.035
2249.954 1695.458 2353.335 1774.972 -1.035
2304.909 635.817 2377.089 688.552 -1.035
195.801 905.373 267.746 961.759 -1.035
385.092 882.813 473.148 951.904 -1.036
507.833 692.476 582.909 746.779 -1.037
646.019 623.572 756.004 701.357 -1.037
2431.435 592.714 2547.790 677.354 -1.038
352.657 804.564 429.138 866.216 -1.038
1399.133 18.364 1461.274 62.819 -1.039
1974.344 585.416 2066.849 647.244 -1.039
828.168 712.221 924.714 762.122 -1.039
883.788 20.637 947.886 63.891 -1.040
938.138 916.112 1007.969 970.064 -1.040
1872.440 1888.244 1976.061 1944.000 -1.040
362.922 914.446 451.787 984.097 -1.041
422.201 623.303 536.385 709.436 -1.041
640.032 1232.229 776.440 1339.248 -1.041
1455.077 1.000 1536.117 54.234 -1.041
1659.483 1514.581 2552.891 1924.343 -1.042
793.291 449.445 1048.170 614.305 -1.042
1598.782 610.133 1674.600 667.081 -1.042
2088.529 579.099 2243.435 692.192 -1.043
2325.463 1467.675 2404.335 1511.237 -1.044
953.816 502.711 1382.718 817.923 -1.044
2464.495 883.498 2534.789 931.652 -1.044
1191.343 223.119 1291.674 299.726 -1.044
360.272 3.653 427.481 50.045 -1.045
1901.309 101.834 2052.855 209.376 -1.045
184.672 795.477 282.500 869.413 -1.045
2454.856 821.450 2559.055 890.098 -1.045
877.703 1897.414 989.500 1944.000 -1.045
15.466 909.485 87.356 974.294 -1.045
1425.711 592.172 1496.866 640.969 -1.046
146.996 1034.730 261.030 1114.587 -1.046
1610.415 258.051 1673.968 300.461 -1.046
311.648 950.750 388.331 1015.735 -1.046
1637.662 862.336 1740.916 940.648 -1.047
116.489 945.156 188.481 1001.659 -1.048
709.388 1042.777 799.936 1108.233 -1.048
506.025 698.465 818.231 921.095 -1.049
1606.091 74.019 1676.278 121.614 -1.049
2380.408 1455.602 2496.457 1522.449 -1.049
556.618 1021.839 636.842 1084.838 -1.050
2079.771 529.311 2311.480 711.083 -1.050
146.739 940.600 358.250 1096.680 -1.050
2173.734 131.615 2232.919 175.860 -1.050
486.456 932.255 588.600 975.184 -1.050
773.325 1021.666 855.536 1084.599 -1.050
1241.803 287.005 1298.865 330.910 -1.050
2387.276 27.861 2485.536 97.127 -1.051
1831.792 206.940 1896.229 251.303 -1.051
1839.820 541.808 2033.463 680.083 -1.051
1.000 867.536 156.058 932.644 -1.051
1404.999 725.802 1487.887 772.197 -1.052
456.667 834.637 541.204 889.872 -1.053
516.262 377.473 584.228 432.799 -1.053
1130.339 269.100 1189.688 318.046 -1.053
874.229 703.440 967.740 770.371 -1.054
1375.925 421.120 1470.945 488.680 -1.054
2031.529 624.216 2094.312 672.651 -1.055
835.012 630.454 899.965 682.877 -1.055
1197.389 391.307 1292.732 455.796 -1.056
481.632 847.570 678.192 980.476 -1.056
655.941 477.777 730.090 537.231 -1.056
1.000 889.204 298.105 1255.758 -1.057
543.199 540.070 615.615 595.970 -1.057
417.634 596.473 627.458 748.585 -1.057
1572.182 701.472 1635.836 757.410 -1.058
833.193 673.126 898.350 720.520 -1.058
44.192 310.189 107.599 358.069 -1.058
1874.693 205.428 1940.215 252.638 -1.059
910.080 668.459 980.904 721.174 -1.059
2260.154 1463.325 2372.425 1552.080 -1.060
1494.334 639.309 1586.223 704.140 -1.060
700.533 1036.193 893.375 1181.947 -1.060
1503.882 682.154 1600.633 756.425 -1.061
1039.430 414.193 1116.711 477.580 -1.061
1727.466 537.377 1867.986 635.848 -1.061
849.847 1426.170 918.629 1483.785 -1.062
2205.634 196.292 2262.774 238.381 -1.062
1605.037 340.786 1665.445 388.310 -1.062
290.318 1836.452 409.367 1865.371 -1.062
1184.181 277.944 1313.525 370.706 -1.063
1.000 780.932 283.221 982.706 -1.064
1126.186 1875.681 1249.317 1944.000 -1.064
1519.183 510.559 1581.961 555.147 -1.064
211.737 1803.352 368.009 1845.581 -1.064
1545.429 598.383 1608.715 643.710 -1.064
2491.515 229.095 2551.495 274.420 -1.066
749.188 1247.561 823.630 1306.392 -1.066
538.599 1026.020 670.601 1127.528 -1.066
426.807 1038.501 512.771 1102.150 -1.066
1369.469 616.056 1444.254 670.552 -1.067
2493.220 1900.990 2578.593 1944.000 -1.067
2307.161 81.505 2344.968 132.983 -1.068
1592.088 39.213 1665.280 95.294 -1.068
471.289 365.303 570.714 435.771 -1.068
686.575 924.077 930.018 1099.763 -1.068
1136.153 300.239 1197.202 350.062 -1.069
809.263 1468.853 925.877 1558.054 -1.069
1259.473 1873.668 1377.658 1944.000 -1.069
583.263 1.000 795.911 132.000 -1.069
530.524 42.557 607.383 98.767 -1.069
1949.770 51.060 2013.109 95.648 -1.069
766.586 1415.727 831.003 1470.276 -1.070
1335.581 177.224 1555.569 328.115 -1.070
903.678 980.749 974.980 1036.884 -1.070
2096.184 13.164 2165.171 66.276 -1.070
1457.598 503.543 1517.387 546.544 -1.071
2104.017 732.481 2173.545 787.812 -1.071
952.883 749.787 1466.760 1080.808 -1.071
785.967 1371.371 890.264 1453.840 -1.071
810.020 737.971 918.510 823.912 -1.071
2242.607 693.363 2349.611 769.186 -1.071
1382.784 1914.950 1466.366 1944.000 -1.071
1106.683 312.274 1209.707 391.440 -1.072
292.868 810.981 358.828 864.780 -1.072
914.225 22.792 987.510 73.670 -1.073
527.201 449.109 617.882 520.138 -1.073
1369.633 1861.960 1441.450 1923.534 -1.073
2498.383 649.449 2575.643 710.297 -1.073
1229.845 75.780 1512.690 276.932 -1.073
985.667 25.002 1045.740 68.826 -1.074
2202.222 711.116 2261.419 760.174 -1.074
816.490 592.796 882.364 641.679 -1.074
1761.073 156.362 1830.093 204.746 -1.074
705.545 1191.582 808.338 1234.733 -1.074
2297.939 11.140 2427.646 107.321 -1.074
1554.321 235.318 1621.887 288.159 -1.074
1077.807 239.742 1183.879 311.857 -1.075
2472.458 1.000 2515.483 54.349 -1.076
1129.698 428.122 2592.000 1629.044 -1.076
1143.029 22.078 1205.763 71.706 -1.076
90.000 643.396 155.636 695.053 -1.076
1298.103 300.057 1376.360 361.718 -1.077
1536.308 1827.894 1625.165 1903.025 -1.077
560.826 920.023 721.651 1043.902 -1.077
679.901 1291.841 792.782 1382.964 -1.077
1940.860 11.379 1996.621 53.336 -1.077
335.303 1.000 621.321 178.261 -1.077
1540.044 119.318 1602.755 168.506 -1.077
625.974 560.575 699.085 614.595 -1.077
268.166 882.449 351.760 940.150 -1.077
1222.213 1843.186 1296.584 1903.662 -1.077
2319.223 97.274 2382.779 143.340 -1.078
428.572 238.051 509.535 294.146 -1.078
673.974 1192.538 745.429 1250.295 -1.078
1014.124 1859.612 1122.898 1944.000 -1.078
2479.715 180.620 2526.688 234.396 -1.079
817.984 891.601 1027.628 1050.673 -1.079
483.719 965.689 556.987 1018.858 -1.079
1643.945 61.636 1726.408 119.271 -1.079
1126.679 72.699 1184.941 114.895 -1.079
1073.960 299.644 1132.748 348.656 -1.080
2125.683 46.011 2183.075 86.812 -1.080
353.648 824.164 500.069 885.104 -1.080
1519.371 1899.449 1625.167 1944.000 -1.080
1080.832 466.383 1148.768 516.839 -1.080
1820.561 112.037 1884.345 160.000 -1.080
594.324 1093.492 1113.045 1421.402 -1.080
78.584 19.715 2592.000 1918.076 -1.081
2260.432 1.000 2333.172 35.891 -1.085
741.184 1920.459 892.686 1944.000 -1.087
686.573 1902.017 773.093 1944.000 -1.090
8.352 1855.143 84.896 1918.085 -1.090
11.599 1780.159 122.239 1871.133 -1.093
996.442 1.000 1059.752 30.405 -1.097
1206.820 1905.317 1295.604 1944.000 -1.097
1991.704 1.000 2043.922 33.448 -1.099
1.000 186.997 70.866 239.386 -1.103
1781.485 1.000 1858.852 36.817 -1.104
2389.423 1913.493 2468.813 1944.000 -1.109
1.000 439.555 100.980 503.418 -1.110
938.385 1.000 997.133 29.503 -1.112
5.249 579.566 116.571 664.390 -1.114
1099.133 1.000 1166.240 32.387 -1.115
224.517 1903.816 333.359 1944.000 -1.117
1.000 483.183 55.350 536.413 -1.118
2425.368 1911.399 2520.603 1944.000 -1.118
1757.677 1906.469 1848.559 1944.000 -1.118
2136.809 1910.542 2264.520 1944.000 -1.118
1554.828 1.000 1618.437 37.104 -1.121
1408.158 1910.960 1518.779 1944.000 -1.122
1744.123 1.000 1799.213 29.993 -1.124
806.213 1.000 867.757 26.635 -1.124
1949.506 1909.063 2048.027 1944.000 -1.124
1278.834 1.000 1341.492 31.463 -1.124
1614.579 1.000 1680.664 29.844 -1.125
732.717 1893.649 841.156 1944.000 -1.126
1877.135 1.000 1934.217 34.945 -1.127
1630.187 1894.998 1711.056 1944.000 -1.128
2025.326 1909.821 2105.092 1944.000 -1.129
1.000 655.501 57.661 709.877 -1.134
2081.831 1909.178 2163.966 1944.000 -1.135
1339.080 1904.111 1437.898 1944.000 -1.136
1203.595 1.000 1269.083 26.501 -1.137
1720.999 1908.902 1790.044 1944.000 -1.137
1794.128 1908.515 1922.630 1944.000 -1.138
1.000 167.373 104.381 249.663 -1.143
1653.517 1.000 1733.293 35.514 -1.143
958.640 1912.640 1050.543 1944.000 -1.143
40.086 1891.125 191.060 1944.000 -1.145
855.678 1.000 920.674 30.861 -1.145
2403.927 1.000 2465.133 31.034 -1.145
1.000 1670.703 141.762 1872.851 -1.147
1.000 698.692 60.424 750.026 -1.148
1919.982 1.000 1986.280 34.060 -1.150
1377.308 1.000 1441.571 30.596 -1.153
263.486 1897.626 429.395 1944.000 -1.153
158.121 1906.012 230.466 1944.000 -1.156
155.221 1898.821 287.506 1944.000 -1.156
1239.094 1.000 1329.601 36.352 -1.156
1405.256 1.000 1474.597 33.959 -1.157
1.000 356.305 40.190 411.734 -1.158
1.909 62.204 87.494 122.943 -1.162
1.000 511.513 64.918 594.900 -1.162
1330.536 1.000 1423.287 36.762 -1.162
1130.008 1.000 1205.357 31.654 -1.166
1841.703 1.000 1905.064 31.793 -1.166
2259.821 1907.344 2341.426 1944.000 -1.167
2146.736 1.000 2215.038 35.269 -1.167
1511.048 1.000 1588.217 36.744 -1.168
1707.773 1.000 1773.963 31.293 -1.169
2498.937 1.000 2556.389 31.820 -1.171
20.961 397.950 130.100 474.425 -1.176
40.371 647.302 114.359 706.318 -1.176
41.037 683.300 107.849 735.571 -1.176
1173.276 1.000 1247.139 34.048 -1.178
614.090 1908.732 686.717 1944.000 -1.178
3.629 289.199 89.104 326.226 -1.178
2437.034 1.000 2492.341 36.109 -1.179
1440.173 1899.610 1594.295 1944.000 -1.179
1.000 116.465 54.264 188.866 -1.180
25.375 493.301 107.334 558.124 -1.187
1036.410 1.000 1102.381 25.700 -1.189
8.780 1841.915 149.058 1944.000 -1.189
2021.172 1.000 2077.756 28.335 -1.190
825.280 1894.097 907.469 1944.000 -1.190
1665.217 1906.988 1762.737 1944.000 -1.191
2308.577 1918.912 2461.793 1944.000 -1.192
1.000 301.131 51.611 354.793 -1.193
888.539 1.000 948.296 33.804 -1.196
2066.737 1.000 2150.698 37.285 -1.197
2193.942 1.000 2256.367 36.018 -1.197
1.000 290.102 98.459 359.815 -1.197
621.983 1894.567 771.615 1944.000 -1.198
767.680 1.000 833.948 28.959 -1.199
1054.723 1.000 1137.346 36.530 -1.200
1080.891 1914.138 1169.657 1944.000 -1.202
361.784 1898.207 527.466 1944.000 -1.203
1.000 476.510 132.892 663.079 -1.203
1.000 240.260 35.550 301.225 -1.204
3.278 660.221 143.536 716.446 -1.205
38.203 246.141 101.081 291.159 -1.206
1.000 644.885 106.991 757.098 -1.206
806.162 1.000 907.744 35.600 -1.209
1583.749 1.000 1658.866 36.738 -1.210
28.519 29.872 96.412 77.698 -1.213
575.205 1908.453 646.599 1944.000 -1.214
930.231 1896.527 1075.944 1944.000 -1.214
37.401 118.471 109.969 171.028 -1.215
917.957 1.000 1012.624 37.158 -1.215
528.033 1909.977 617.266 1944.000 -1.216
1591.506 1913.967 1665.508 1944.000 -1.219
1.000 1.503 50.762 68.376 -1.219
1.000 229.977 75.166 289.681 -1.220
1.000 102.490 84.131 197.112 -1.227
1.000 751.607 34.498 808.316 -1.230
1049.849 1897.098 1198.493 1944.000 -1.231
467.951 1893.656 617.939 1944.000 -1.232
1.000 222.629 100.205 358.339 -1.234
769.885 1910.209 951.600 1944.000 -1.236
2533.208 1.000 2592.000 34.387 -1.237
1.000 323.149 84.778 399.516 -1.237
1953.145 1.000 2021.550 34.300 -1.238
287.589 1.000 350.588 31.124 -1.239
1.000 391.033 43.671 450.766 -1.240
19.680 1.000 188.951 76.664 -1.240
