2342.383 1749.245 2589.473 1944.000 -0.746
728.607 1651.236 822.181 1751.255 -0.760
578.398 1300.906 996.960 1606.581 -0.791
8.903 1111.721 188.590 1270.483 -0.818
2480.409 1278.289 2535.930 1369.346 -0.823
10.633 767.825 163.960 830.802 -0.849
739.860 1751.768 845.267 1874.967 -0.852
140.377 1281.195 176.883 1355.428 -0.855
9.209 1325.354 59.786 1412.548 -0.857
1834.549 1195.663 1922.812 1286.398 -0.872
1194.685 1854.149 1277.049 1944.000 -0.874
2050.072 1526.101 2124.815 1609.690 -0.874
873.246 1707.670 915.969 1796.231 -0.893
813.479 1.000 894.156 102.756 -0.893
486.324 1780.691 540.169 1883.553 -0.894
8.535 1043.167 137.748 1154.948 -0.900
1344.130 1786.183 1417.497 1881.184 -0.900
2070.397 1145.295 2143.472 1182.065 -0.902
2078.947 1217.247 2136.928 1308.448 -0.906
1191.216 1483.962 1315.132 1605.562 -0.906
2504.372 1217.935 2559.735 1303.732 -0.908
820.529 257.241 892.099 308.194 -0.909
1781.838 1843.228 1843.358 1944.000 -0.910
434.610 452.225 517.992 522.293 -0.911
1014.856 1537.081 1118.348 1690.748 -0.914
1037.284 1856.898 1119.372 1944.000 -0.914
1220.497 1715.724 1318.742 1829.362 -0.916
1152.350 172.015 1245.486 233.273 -0.917
947.282 1906.967 1024.129 1944.000 -0.920
1564.293 257.931 1649.309 290.401 -0.920
1105.887 1501.480 1208.801 1547.244 -0.920
169.378 1122.704 227.083 1227.589 -0.921
440.170 51.612 536.560 88.628 -0.921
977.456 1604.226 1194.266 1695.762 -0.923
983.661 1896.141 1072.770 1941.363 -0.923
983.589 1861.298 1086.853 1912.070 -0.924
364.350 954.510 467.502 1046.362 -0.925
2136.121 1752.156 2210.765 1793.016 -0.928
454.139 532.054 552.573 572.615 -0.929
1160.882 266.300 1268.334 314.820 -0.932
1106.322 1821.196 1155.319 1920.749 -0.933
1477.249 1115.572 1598.497 1168.665 -0.933
588.652 375.350 1736.148 1918.644 -0.934
395.397 250.068 488.300 316.118 -0.934
651.193 274.565 732.115 309.049 -0.934
524.505 411.701 590.354 467.740 -0.936
272.497 1088.214 319.989 1168.479 -0.936
1085.077 11.146 1165.272 62.327 -0.937
2048.770 1639.174 2175.032 1698.100 -0.937
429.656 337.435 532.095 417.681 -0.938
1712.858 979.680 1793.846 1101.122 -0.938
1845.184 1244.274 1908.771 1347.282 -0.940
122.874 1412.289 168.628 1490.786 -0.940
340.451 886.154 494.830 1006.813 -0.941
2336.497 1666.437 2411.703 1708.370 -0.941
2510.122 98.811 2592.000 201.923 -0.942
2491.729 1181.758 2571.973 1221.273 -0.942
2489.796 618.060 2592.000 693.063 -0.942
134.969 1843.575 168.593 1925.940 -0.944
13.667 1665.081 56.380 1758.521 -0.944
1247.099 22.450 1346.673 64.897 -0.945
8.477 1029.032 288.029 1255.081 -0.945
2095.615 1293.422 2204.017 1345.204 -0.945
813.429 337.497 923.170 392.179 -0.945
2359.410 1168.273 2489.705 1224.391 -0.945
1957.148 105.438 2067.777 177.101 -0.946
604.759 74.007 720.638 120.011 -0.948
2234.658 1667.211 2302.987 1745.875 -0.948
1448.565 164.663 1533.343 271.969 -0.949
2228.992 1591.653 2288.324 1688.320 -0.949
2337.073 1219.512 2421.850 1255.632 -0.949
16.479 1522.294 101.073 1562.149 -0.950
268.450 1328.056 368.373 1375.021 -0.951
1183.157 34.935 1261.567 67.921 -0.951
105.166 1276.887 171.587 1358.741 -0.953
2392.469 198.664 2460.940 282.098 -0.953
1962.761 1090.813 2043.574 1128.429 -0.954
597.815 192.442 657.194 269.797 -0.955
589.428 5.910 746.709 111.069 -0.955
1887.533 1455.991 1935.062 1546.175 -0.955
2524.273 57.880 2588.110 132.221 -0.955
12.588 1785.300 48.979 1869.916 -0.955
2394.180 1238.599 2488.670 1323.387 -0.956
2193.088 154.526 2252.632 226.331 -0.956
2191.664 1162.920 2294.620 1210.114 -0.956
10.714 1395.214 64.108 1472.820 -0.956
2035.395 1588.780 2133.401 1690.244 -0.957
2252.293 1697.831 2395.510 1761.491 -0.957
916.489 248.446 993.292 281.161 -0.957
923.550 299.437 1017.047 365.491 -0.958
2317.334 1164.255 2409.245 1245.037 -0.958
451.955 1091.998 494.111 1169.447 -0.958
491.475 487.370 549.786 541.253 -0.960
2094.318 1168.291 2171.804 1273.834 -0.960
961.536 174.836 1024.405 254.786 -0.961
539.931 162.490 594.234 230.800 -0.961
545.910 802.689 594.560 881.283 -0.961
2325.609 1648.894 2426.913 1755.356 -0.962
143.336 1302.118 225.167 1342.208 -0.962
2364.309 1179.293 2440.323 1302.559 -0.962
2451.723 1134.166 2557.444 1220.752 -0.962
2172.793 828.980 2227.995 908.930 -0.962
399.227 1230.984 578.176 1304.541 -0.962
382.204 218.143 457.036 279.657 -0.963
14.454 1622.823 78.003 1717.415 -0.963
2226.099 843.374 2275.718 924.913 -0.963
1545.437 104.269 1604.755 179.177 -0.964
131.726 1459.435 220.220 1501.338 -0.964
1582.143 335.677 1638.141 408.996 -0.964
2515.632 1143.973 2592.000 1245.179 -0.965
2025.723 1720.878 2108.990 1812.424 -0.965
167.786 1297.176 249.192 1397.461 -0.965
2312.259 1794.144 2359.507 1885.681 -0.966
2314.338 1207.336 2407.519 1294.066 -0.966
12.712 1686.926 130.148 1819.481 -0.967
290.862 1010.161 363.872 1123.448 -0.968
2217.229 1302.230 2271.608 1379.156 -0.969
2490.397 962.984 2542.669 1038.057 -0.969
16.498 1465.103 107.426 1505.925 -0.969
2444.299 1218.188 2520.560 1287.611 -0.970
1368.119 148.134 1461.565 186.523 -0.970
2397.769 97.888 2481.315 134.215 -0.970
177.323 873.981 245.248 948.577 -0.971
2106.147 570.649 2180.167 673.267 -0.971
444.449 400.855 503.967 451.323 -0.971
895.326 19.621 984.795 55.963 -0.971
2451.475 68.288 2592.000 156.785 -0.971
1973.222 1516.168 2036.908 1593.799 -0.972
72.179 1258.716 153.534 1295.486 -0.972
2248.171 238.827 2314.571 319.587 -0.972
2206.404 1076.131 2278.590 1190.079 -0.972
2472.657 1704.225 2581.450 1759.087 -0.973
478.815 1087.318 542.773 1165.808 -0.973
18.528 1430.502 189.022 1506.551 -0.973
1077.450 147.648 1169.113 191.291 -0.973
1975.551 1537.474 2095.641 1642.830 -0.974
264.026 1213.416 330.625 1294.273 -0.974
2233.041 1645.053 2341.535 1697.386 -0.974
11.053 1244.499 90.265 1376.418 -0.974
2173.462 1775.050 2289.968 1830.369 -0.974
408.568 1187.709 446.076 1257.659 -0.974
2164.202 1593.181 2302.116 1658.501 -0.974
1401.332 14.791 1479.957 59.651 -0.976
220.607 1399.518 273.873 1494.513 -0.976
2111.646 1108.563 2192.855 1149.592 -0.976
2243.193 82.834 2311.988 160.501 -0.976
1854.385 1.000 1910.097 65.550 -0.978
271.048 823.226 320.274 905.856 -0.978
1791.732 90.396 1883.491 142.736 -0.978
418.145 295.302 553.504 345.857 -0.978
2268.762 78.317 2387.021 141.770 -0.978
2355.918 74.990 2483.065 147.857 -0.978
140.901 1266.748 218.795 1305.320 -0.979
1.000 836.038 1148.599 1624.620 -0.979
2312.560 1282.695 2390.682 1323.056 -0.979
1333.691 122.285 1419.213 176.975 -0.979
692.462 254.847 749.165 326.668 -0.980
1701.452 1497.860 1776.241 1609.262 -0.980
618.773 316.556 691.577 409.757 -0.980
2147.993 1134.606 2202.741 1221.135 -0.981
1543.946 175.774 1619.871 223.445 -0.981
2209.162 119.798 2290.302 210.062 -0.981
2383.549 1132.206 2453.125 1168.664 -0.981
2112.139 1162.074 2246.245 1223.407 -0.982
102.848 764.829 220.494 813.551 -0.982
1723.158 1.000 1796.973 31.473 -0.982
496.777 315.337 578.214 381.439 -0.983
2379.673 1309.269 2433.880 1389.615 -0.983
758.346 1.000 843.275 104.792 -0.983
1653.033 56.858 1734.737 141.122 -0.983
1735.040 587.247 1838.291 633.482 -0.984
1752.935 1616.588 1800.456 1700.316 -0.984
644.476 178.177 718.004 286.508 -0.985
487.007 221.689 543.481 289.433 -0.986
1658.821 132.682 1719.730 214.205 -0.986
409.531 50.976 508.809 125.698 -0.986
378.969 1827.369 490.175 1879.401 -0.986
2149.110 683.534 2328.305 926.717 -0.986
1090.962 294.294 1152.793 371.198 -0.986
1743.967 1152.035 1803.479 1241.443 -0.987
2092.198 1601.865 2192.628 1652.151 -0.987
2076.978 866.550 2176.303 1008.305 -0.987
276.457 1841.298 384.451 1890.091 -0.987
2415.042 1311.813 2463.768 1396.873 -0.987
2095.511 1768.273 2162.859 1807.963 -0.988
414.602 110.123 531.718 157.831 -0.988
1474.200 102.966 1531.710 179.535 -0.988
1736.538 1906.350 1811.636 1944.000 -0.989
848.606 82.317 930.457 111.988 -0.989
516.450 513.862 594.689 549.669 -0.989
608.260 132.786 740.860 318.353 -0.989
1978.376 620.006 2027.298 694.594 -0.989
2175.483 1294.545 2287.384 1347.021 -0.989
861.191 28.535 947.666 81.164 -0.990
1006.320 258.801 1084.929 313.713 -0.990
2094.970 1057.473 2173.475 1164.851 -0.990
1461.789 324.903 1583.005 375.980 -0.990
518.323 1779.904 599.669 1818.835 -0.990
2253.491 938.015 2302.443 1013.131 -0.990
1100.200 344.621 1192.312 383.732 -0.991
1442.795 1906.581 1516.749 1944.000 -0.991
2069.128 1398.694 2139.031 1492.235 -0.992
2074.280 1200.050 2160.166 1333.119 -0.992
2292.259 1219.599 2365.220 1326.162 -0.992
42.136 1806.517 127.674 1844.363 -0.994
1326.463 14.241 1457.791 68.381 -0.995
904.613 129.455 994.100 192.242 -0.995
520.608 279.330 597.724 377.896 -0.995
1043.415 29.108 1123.444 78.245 -0.996
860.896 1.000 956.243 118.274 -0.996
2182.737 1431.162 2307.733 1489.254 -0.996
2053.546 1139.044 2170.185 1188.045 -0.997
2405.556 1342.087 2506.933 1390.975 -0.998
857.306 264.887 932.135 364.087 -0.999
475.552 331.296 570.859 449.615 -0.999
2339.724 1412.052 2412.971 1448.645 -0.999
913.160 236.638 975.194 311.124 -1.000
1667.309 813.488 2140.164 1396.273 -1.000
764.804 7.936 930.594 113.196 -1.000
2470.783 1614.267 2533.725 1689.195 -1.000
631.330 253.037 760.938 422.904 -1.000
1758.202 549.681 1843.511 590.190 -1.001
2465.182 124.011 2562.538 245.890 -1.001
2428.601 65.537 2592.000 292.498 -1.001
1243.070 2.682 1378.216 54.979 -1.001
1069.923 116.372 1138.132 198.773 -1.001
442.749 92.164 554.818 137.466 -1.002
1562.647 276.362 1619.951 349.489 -1.002
2209.344 239.501 2298.115 342.345 -1.002
387.694 324.898 476.126 364.319 -1.002
2083.349 1592.998 2192.191 1703.975 -1.002
2264.015 1754.256 2331.725 1791.661 -1.002
2253.742 369.821 2312.011 436.547 -1.003
2292.139 1346.710 2374.453 1386.358 -1.003
1740.983 1859.550 1787.013 1944.000 -1.003
1190.968 8.908 1271.386 45.063 -1.003
1910.535 1531.292 1981.206 1610.146 -1.003
2154.672 93.874 2232.869 129.039 -1.004
411.984 1.926 609.405 263.927 -1.004
1025.577 112.131 1079.568 178.144 -1.004
1186.324 263.831 1311.175 347.954 -1.004
2213.453 1625.442 2293.612 1759.329 -1.004
2157.497 1191.098 2252.029 1276.131 -1.004
1583.540 166.762 1662.945 266.513 -1.004
2130.381 1063.493 2222.229 1108.006 -1.004
461.000 654.103 537.444 724.021 -1.005
2269.225 1303.223 2348.850 1415.262 -1.005
1535.769 263.037 1627.143 304.660 -1.005
1886.570 537.907 1962.273 641.463 -1.005
2126.507 138.580 2220.977 193.172 -1.005
1743.275 150.544 1818.211 242.013 -1.006
2088.937 152.437 2176.928 206.742 -1.007
504.010 503.863 607.975 588.359 -1.007
1565.020 1906.885 1633.372 1943.617 -1.007
18.266 719.445 100.211 754.636 -1.008
2128.466 1117.728 2278.090 1239.433 -1.008
2217.058 352.096 2310.588 482.104 -1.008
100.456 1764.691 226.670 1825.026 -1.008
2137.598 592.023 2245.902 641.197 -1.008
3.092 428.677 60.450 504.022 -1.008
377.142 551.123 466.542 674.312 -1.009
2512.043 649.925 2587.784 740.533 -1.009
560.568 663.079 606.745 735.735 -1.009
1573.358 114.432 1655.665 164.693 -1.009
2252.128 464.939 2318.407 540.319 -1.009
1924.745 1482.557 2025.154 1586.588 -1.011
375.939 508.135 459.707 587.264 -1.012
1331.783 269.574 1386.619 340.536 -1.012
1624.213 10.165 1715.937 50.509 -1.012
1817.410 1675.669 1888.210 1711.923 -1.012
1917.828 1365.989 1984.422 1439.468 -1.013
1849.705 1771.065 1920.068 1805.970 -1.013
2145.138 1551.865 2231.233 1594.329 -1.013
826.139 217.666 941.712 259.601 -1.013
200.283 1812.425 274.486 1848.926 -1.013
2442.935 1730.717 2512.081 1766.611 -1.014
1116.067 217.472 1182.100 303.824 -1.014
154.775 1806.156 260.295 1856.327 -1.015
1940.092 1906.075 2007.470 1944.000 -1.015
1747.764 1738.292 1816.041 1776.838 -1.015
1385.223 1906.722 1455.478 1943.905 -1.015
387.681 403.852 458.546 462.372 -1.015
843.996 200.753 913.958 292.327 -1.015
2274.625 584.840 2332.308 670.794 -1.015
2216.334 1239.683 2285.406 1345.701 -1.016
37.358 1768.621 114.769 1874.095 -1.016
2227.175 1821.476 2322.056 1865.392 -1.017
2322.063 112.554 2390.897 190.910 -1.017
704.299 122.615 941.060 424.840 -1.017
246.284 1617.296 327.230 1657.124 -1.017
21.405 423.587 129.004 571.842 -1.017
90.971 1779.113 148.780 1871.161 -1.017
1678.293 1530.399 1810.076 1646.479 -1.018
1507.399 339.836 1604.924 408.211 -1.018
1082.342 1906.602 1175.004 1944.000 -1.018
2427.969 630.056 2496.809 663.337 -1.018
271.278 1846.656 309.127 1938.723 -1.018
2163.768 87.623 2264.436 145.549 -1.018
2246.553 1594.274 2364.423 1650.029 -1.018
493.610 256.401 587.681 297.070 -1.019
1092.781 215.112 1494.452 375.775 -1.020
1288.247 165.918 1374.579 199.856 -1.020
2025.036 1907.231 2101.522 1944.000 -1.020
1726.411 545.422 1821.212 670.670 -1.021
2159.739 1609.566 2263.151 1714.131 -1.021
2084.546 1542.935 2169.886 1634.892 -1.021
2367.910 1115.501 2433.660 1200.359 -1.022
2141.371 1445.270 2190.772 1519.955 -1.023
2398.778 622.925 2456.747 694.123 -1.023
1740.493 1806.553 1816.285 1944.000 -1.024
17.944 1780.747 178.237 1851.605 -1.024
1099.211 192.730 1180.409 228.993 -1.024
1001.724 43.005 1075.662 88.897 -1.024
1530.534 267.081 1623.944 387.394 -1.024
1750.619 1879.099 1888.992 1937.934 -1.024
1118.421 15.657 1182.001 88.119 -1.024
2296.240 1863.365 2341.136 1944.000 -1.024
542.957 608.850 598.643 695.692 -1.025
2336.700 1387.816 2413.825 1503.816 -1.025
2472.697 1112.407 2592.000 1265.802 -1.025
1435.574 1.971 1508.060 42.907 -1.025
1526.073 1.000 1599.775 76.410 -1.025
1984.614 1779.554 2055.505 1815.574 -1.026
2259.861 1144.312 2329.747 1241.436 -1.027
2111.349 117.439 2197.127 212.904 -1.027
2139.516 1088.239 2247.184 1138.627 -1.027
1715.372 1381.736 1793.349 1507.563 -1.027
1076.847 47.571 1128.942 109.762 -1.027
1860.177 1530.989 1941.163 1569.550 -1.027
2452.476 1695.060 2520.512 1796.940 -1.028
2301.772 287.121 2359.599 357.971 -1.028
1064.456 1.000 1197.891 57.411 -1.028
2147.592 1253.258 2247.180 1297.193 -1.028
1809.442 544.476 1863.646 612.679 -1.028
2362.005 1494.531 2442.933 1601.130 -1.029
445.826 434.922 593.615 491.338 -1.029
1978.561 1695.633 2016.653 1776.090 -1.030
1812.886 1818.824 1885.769 1937.131 -1.030
1.151 162.110 96.591 289.089 -1.030
1665.188 217.633 1726.483 289.090 -1.030
1.000 46.901 61.546 117.972 -1.030
2075.178 85.283 2137.643 161.398 -1.030
2505.585 3.434 2592.000 49.009 -1.030
1765.859 953.252 2591.870 1545.360 -1.031
983.688 12.987 1038.177 86.447 -1.031
348.156 157.865 440.052 193.004 -1.031
2349.820 163.876 2441.139 268.223 -1.031
1509.700 103.077 1570.696 182.289 -1.031
1194.633 18.267 1261.475 90.865 -1.031
1898.896 1906.019 1974.208 1944.000 -1.031
7.353 700.581 51.335 774.045 -1.032
54.426 32.452 2592.000 1745.256 -1.032
6.200 705.101 96.436 834.401 -1.034
15.066 1823.602 55.635 1919.130 -1.041
2160.981 1733.492 2204.681 1831.864 -1.042
474.674 1819.944 507.064 1903.405 -1.044
1265.419 1895.787 1362.727 1942.601 -1.048
198.649 1794.041 326.589 1850.134 -1.048
1828.995 1889.794 1953.520 1943.283 -1.048
441.059 1827.262 552.302 1879.560 -1.050
2220.459 1769.985 2292.358 1885.627 -1.051
2103.715 1896.288 2208.613 1944.000 -1.051
138.713 1791.010 189.765 1894.805 -1.051
2119.893 1771.138 2217.900 1820.752 -1.052
364.163 1824.677 408.567 1911.997 -1.053
549.744 1726.933 603.341 1813.289 -1.054
19.059 1867.443 109.386 1912.114 -1.056
2063.819 1873.800 2130.864 1913.147 -1.056
2071.843 1803.425 2142.351 1839.732 -1.057
785.643 1906.918 861.661 1944.000 -1.057
224.937 1847.291 298.900 1886.728 -1.059
954.326 1.000 1029.573 32.112 -1.059
2262.409 1794.993 2334.535 1834.175 -1.060
2331.117 1721.074 2368.211 1810.150 -1.060
263.213 1813.063 291.482 1893.339 -1.061
183.883 1834.765 311.531 1894.378 -1.063
1974.871 1835.787 2045.445 1873.864 -1.063
1567.392 1896.551 1670.927 1944.000 -1.064
2201.865 1741.543 2286.002 1782.826 -1.064
1798.040 1.000 1882.746 34.451 -1.065
2094.726 1.000 2150.956 59.572 -1.066
190.888 1871.115 221.016 1944.000 -1.066
290.734 1806.087 369.320 1912.957 -1.066
858.120 1908.075 930.533 1944.000 -1.068
28.040 293.699 74.803 361.338 -1.069
1716.071 1728.234 1769.872 1827.976 -1.069
396.948 1803.622 467.666 1845.031 -1.070
1989.185 1757.516 2040.934 1846.433 -1.070
1403.850 1895.765 1493.895 1943.745 -1.070
2425.792 1701.194 2476.059 1793.788 -1.071
13.607 1831.426 147.106 1883.300 -1.072
2092.941 1747.393 2564.791 1935.116 -1.073
1686.058 1.000 1745.670 60.816 -1.073
2310.320 1569.433 2589.433 1944.000 -1.074
2027.146 1850.104 2093.326 1888.520 -1.076
1769.522 10.232 1858.796 48.845 -1.078
2099.774 1726.335 2173.867 1765.643 -1.078
399.628 1690.798 461.936 1801.203 -1.078
1921.881 1819.149 1992.131 1855.911 -1.079
96.074 1850.988 207.298 1906.267 -1.079
2042.949 1890.354 2111.231 1928.256 -1.079
1679.242 1895.140 1765.526 1943.692 -1.079
421.392 1738.320 504.456 1777.130 -1.080
181.187 1770.818 242.967 1898.275 -1.080
1464.508 1.653 1560.211 38.334 -1.082
240.433 1732.094 313.519 1768.121 -1.082
1600.217 1.000 1655.227 59.140 -1.082
734.770 1907.266 809.814 1944.000 -1.085
1124.862 1895.452 1223.584 1943.973 -1.086
892.292 1897.560 1003.479 1944.000 -1.087
803.945 1896.878 904.821 1943.848 -1.088
526.544 1784.896 595.720 1879.362 -1.089
2058.178 16.319 2130.262 45.783 -1.090
2436.427 1.148 2562.733 50.139 -1.090
1940.870 1855.330 2015.906 1894.645 -1.090
1995.458 1851.952 2064.290 1939.976 -1.091
1832.915 1732.478 1879.115 1809.993 -1.092
13.436 1792.540 114.804 1919.455 -1.095
310.943 1772.742 386.050 1808.017 -1.095
262.102 1729.000 367.011 1778.898 -1.095
1740.025 1707.904 1914.094 1794.491 -1.097
117.894 1752.604 314.259 1830.991 -1.099
347.989 1791.774 422.874 1888.462 -1.100
460.131 1741.448 538.005 1872.318 -1.103
1832.664 1804.933 1956.024 1868.042 -1.106
939.600 8.593 1012.330 53.984 -1.106
2017.016 1820.925 2091.018 1860.203 -1.107
1938.657 1738.689 2008.016 1775.930 -1.107
1701.272 1852.728 1916.081 1944.000 -1.108
1978.636 1746.260 2069.250 1794.618 -1.109
2043.679 1863.842 2090.544 1944.000 -1.110
2048.676 1694.349 2129.657 1848.018 -1.111
2035.411 1.000 2095.111 61.452 -1.112
2245.674 1.000 2321.729 32.984 -1.112
2040.438 1894.205 2135.952 1944.000 -1.113
117.351 1772.474 200.310 1902.042 -1.113
504.780 1686.391 606.048 1857.671 -1.114
2020.883 1771.585 2065.039 1846.800 -1.115
12.552 350.565 55.533 420.743 -1.115
1965.942 1721.811 2030.158 1800.855 -1.118
898.836 2.348 1033.783 55.330 -1.118
675.232 1907.074 748.811 1944.000 -1.118
1519.073 1906.224 1586.506 1943.700 -1.120
1942.688 10.318 2034.661 48.917 -1.121
17.827 1908.605 92.674 1944.000 -1.123
1979.363 1730.912 2086.144 1842.285 -1.124
1460.491 1895.915 1560.450 1942.726 -1.124
1852.820 1777.808 1939.512 1822.299 -1.125
1939.590 1839.272 1978.920 1923.511 -1.127
425.755 1799.783 484.512 1908.640 -1.129
302.924 1897.607 387.445 1941.211 -1.131
196.685 1873.857 293.220 1921.671 -1.132
993.267 2.483 1079.233 33.221 -1.136
1716.930 1.000 1775.477 57.559 -1.136
1927.994 1762.847 1998.423 1799.737 -1.136
360.054 1.482 458.237 38.791 -1.137
1914.982 1865.798 1976.139 1944.000 -1.137
1751.897 1.000 1812.004 61.911 -1.138
1335.635 1907.304 1407.036 1944.000 -1.139
705.704 2.906 787.457 30.773 -1.139
395.829 1789.266 514.827 1847.313 -1.140
