344.998 870.066 1747.712 1391.520 -0.448
15.605 769.155 2592.000 1809.411 -0.913
1695.361 1774.785 2592.000 1944.000 -1.121
611.019 694.441 841.353 725.373 -1.224
1401.287 1864.926 1717.149 1944.000 -1.239
833.439 1936.697 1188.187 1944.000 -1.251
1144.654 1945.558 1367.724 1944.000 -1.256
7.522 1929.796 175.579 1939.839 -1.272
1055.316 1941.784 1438.164 1944.000 -1.279
1066.679 1937.270 1436.026 1944.000 -1.290
749.496 676.190 1047.625 731.389 -1.299
1160.148 1868.244 1462.808 1944.000 -1.314
1173.937 506.947 1352.942 563.167 -1.324
6.848 1923.041 243.788 1944.000 -1.344
2210.287 562.516 2592.000 633.648 -1.356
749.710 1921.462 1342.355 1944.000 -1.358
1145.321 561.829 1345.065 623.721 -1.359
1734.179 1947.382 1980.280 1944.000 -1.364
1872.089 516.214 2412.150 616.993 -1.368
287.373 666.744 1019.696 816.796 -1.376
547.841 1850.747 1495.396 1944.000 -1.376
8.822 639.430 592.290 760.954 -1.390
932.407 1948.235 1170.430 1944.000 -1.394
508.905 1763.830 2519.530 1944.000 -1.395
1296.758 1947.720 1532.323 1944.000 -1.411
1412.179 1946.774 1645.029 1944.000 -1.414
1028.141 1945.987 1292.810 1944.000 -1.414
1285.685 254.222 1472.111 312.939 -1.422
1075.734 1952.697 1266.266 1944.000 -1.428
1098.811 1952.742 1295.215 1944.000 -1.430
2176.714 513.346 2592.000 658.459 -1.430
1438.265 1950.042 1640.149 1944.000 -1.432
198.019 1945.460 388.209 1944.000 -1.444
915.496 1950.467 1162.607 1944.000 -1.444
1659.777 494.000 2192.075 602.034 -1.445
42.017 580.597 1893.159 941.669 -1.446
1126.158 1946.122 1462.615 1944.000 -1.449
2078.364 1945.666 2335.177 1944.000 -1.451
692.494 1947.097 885.705 1944.000 -1.456
1432.661 1951.559 1640.005 1944.000 -1.456
1337.638 1945.824 1571.277 1944.000 -1.457
1270.033 1952.593 1466.662 1944.000 -1.458
1134.063 1948.000 1359.286 1944.000 -1.459
1151.917 1948.745 1384.552 1944.000 -1.460
1126.198 1946.359 1349.958 1944.000 -1.463
709.947 1945.618 965.106 1944.000 -1.464
916.522 1946.396 1184.019 1944.000 -1.466
8.715 1893.258 264.589 1936.739 -1.470
767.239 1949.342 1000.237 1944.000 -1.474
772.946 1950.239 1015.272 1944.000 -1.476
1442.344 1950.427 1643.607 1944.000 -1.479
4.937 1778.921 133.517 1857.285 -1.484
886.277 1945.203 1147.666 1944.000 -1.485
1388.616 1946.412 1676.858 1944.000 -1.487
974.841 1946.002 1244.129 1944.000 -1.487
1812.024 1948.927 2020.286 1944.000 -1.492
1600.448 1946.489 1895.532 1944.000 -1.492
1042.893 1949.893 1269.502 1944.000 -1.495
1024.809 1951.661 1215.156 1944.000 -1.495
2072.433 1945.677 2325.051 1944.000 -1.495
628.142 1947.699 834.791 1944.000 -1.497
942.816 1946.965 1148.948 1944.000 -1.501
1031.506 1946.181 1271.412 1944.000 -1.502
770.537 1946.619 982.752 1944.000 -1.504
937.557 1949.295 1167.287 1944.000 -1.506
714.087 1950.699 885.384 1944.000 -1.507
1062.687 1949.286 1289.304 1944.000 -1.508
1418.879 1951.577 1614.802 1944.000 -1.509
1029.383 1951.598 1218.663 1944.000 -1.509
1038.313 1945.738 1373.808 1944.000 -1.512
1307.576 1945.902 1530.761 1944.000 -1.514
1271.215 1947.829 1454.767 1944.000 -1.517
471.281 310.668 605.335 363.335 -1.517
198.769 1947.082 381.081 1944.000 -1.519
787.774 1949.596 1004.222 1944.000 -1.520
929.072 1949.011 1173.425 1944.000 -1.521
1433.650 1949.156 1627.483 1944.000 -1.523
243.658 1946.568 439.670 1944.000 -1.523
768.528 1945.675 1032.307 1944.000 -1.524
933.395 1950.977 1185.256 1944.000 -1.524
1417.802 1947.383 1660.902 1944.000 -1.526
204.902 1945.241 367.015 1944.000 -1.530
1123.673 288.396 1296.243 341.889 -1.530
1268.586 1945.899 1496.416 1944.000 -1.532
2332.686 1947.688 2556.827 1944.000 -1.532
892.647 1951.925 1073.958 1944.000 -1.532
1436.236 1945.516 1718.394 1944.000 -1.533
2023.741 1948.222 2240.728 1944.000 -1.534
2295.099 1947.595 2516.741 1944.000 -1.537
1122.201 1945.799 1390.470 1944.000 -1.539
935.185 1953.206 1126.841 1944.000 -1.541
1018.081 447.356 1270.041 494.685 -1.542
1776.631 1945.305 2019.611 1944.000 -1.543
1417.962 1945.420 1694.487 1944.000 -1.544
1052.147 1950.684 1239.101 1944.000 -1.546
759.506 1948.761 979.823 1944.000 -1.546
1714.385 1947.989 1960.477 1944.000 -1.547
1775.104 71.259 1985.985 124.156 -1.549
1712.065 498.239 2592.000 683.580 -1.551
1695.398 1948.756 1895.351 1944.000 -1.552
1278.148 1946.668 1507.250 1944.000 -1.552
1188.298 1951.889 1379.006 1944.000 -1.554
772.336 1947.210 978.352 1944.000 -1.555
2352.929 1948.386 2581.170 1944.000 -1.556
1257.450 1945.936 1498.492 1944.000 -1.556
1256.673 1946.312 1589.253 1944.000 -1.556
1417.971 1954.977 1637.133 1944.000 -1.557
914.346 1947.454 1126.565 1944.000 -1.558
998.235 442.908 2045.500 639.222 -1.559
1044.655 463.904 2539.233 776.297 -1.560
932.190 1946.008 1166.024 1944.000 -1.560
1193.694 1947.140 1542.331 1944.000 -1.565
1.000 1855.904 290.706 1892.272 -1.565
1176.645 338.023 1448.991 387.474 -1.566
1062.368 1946.244 1285.753 1944.000 -1.566
2338.464 1945.187 2592.000 1944.000 -1.567
1098.850 1950.160 1287.435 1944.000 -1.569
1336.451 1950.327 1531.489 1944.000 -1.570
1745.281 1950.855 1955.975 1944.000 -1.571
3.547 1825.842 748.989 1944.000 -1.571
861.183 1952.125 1046.782 1944.000 -1.572
2363.583 22.395 2592.000 57.673 -1.572
924.511 1950.494 1101.637 1944.000 -1.572
816.237 1945.317 1074.480 1944.000 -1.573
203.010 1948.345 399.488 1944.000 -1.574
1224.862 1946.322 1632.294 1944.000 -1.575
2345.001 161.230 2592.000 211.398 -1.575
923.558 1947.609 1141.665 1944.000 -1.576
182.835 1949.135 384.914 1944.000 -1.576
763.650 1948.373 1003.985 1944.000 -1.577
1075.176 1950.338 1268.277 1944.000 -1.577
779.921 1947.935 1011.186 1944.000 -1.577
814.926 1951.809 998.724 1944.000 -1.578
1353.146 380.694 1606.680 475.241 -1.578
1373.336 1945.421 1716.964 1944.000 -1.579
1436.153 1945.314 1640.329 1944.000 -1.579
680.181 1953.273 861.989 1944.000 -1.580
1121.114 1950.371 1377.609 1944.000 -1.589
1291.306 1949.249 1547.469 1944.000 -1.591
779.232 1952.604 1032.383 1944.000 -1.591
985.027 1951.560 1176.597 1944.000 -1.592
1329.088 1946.396 1578.709 1944.000 -1.594
942.553 1945.402 1207.253 1944.000 -1.594
216.611 1945.013 380.313 1944.000 -1.595
1036.362 1948.315 1275.309 1944.000 -1.596
938.417 1945.944 1139.614 1944.000 -1.596
775.252 1946.628 1030.766 1944.000 -1.598
1366.761 1945.014 1770.003 1944.000 -1.599
1000.155 1946.518 1219.597 1944.000 -1.599
1554.706 1945.263 1847.071 1944.000 -1.600
2380.208 1947.054 2592.000 1944.000 -1.601
1072.459 1953.119 1270.633 1944.000 -1.603
1643.145 1946.488 1882.234 1944.000 -1.604
1415.231 1952.409 1618.161 1944.000 -1.605
1258.270 1950.553 1451.200 1944.000 -1.606
1371.571 1946.663 1729.040 1944.000 -1.607
