1234.041 1460.944 1309.884 1520.656 -0.956
1213.428 1348.310 1407.983 1430.659 -0.967
48.641 1850.927 238.065 1944.000 -0.993
1174.358 1117.909 1236.547 1162.551 -0.997
2240.553 1363.071 2478.749 1464.506 -1.002
764.591 1532.237 898.869 1620.414 -1.013
144.077 933.291 238.850 988.342 -1.019
2437.591 1722.188 2514.843 1775.119 -1.019
2165.945 1418.317 2310.569 1495.908 -1.021
863.189 1532.585 993.305 1607.016 -1.022
1733.882 1726.235 1875.102 1810.812 -1.023
1726.574 1620.625 1851.889 1737.064 -1.027
1661.209 1562.482 2004.487 1724.441 -1.028
12.532 772.763 103.057 827.378 -1.029
1471.129 687.774 1586.800 763.020 -1.030
10.353 719.568 194.030 823.576 -1.031
1990.959 1317.518 2066.903 1367.891 -1.033
997.515 1492.547 1105.295 1565.926 -1.037
2509.289 1152.452 2559.272 1194.517 -1.041
1261.129 1227.782 1361.379 1315.716 -1.042
1101.473 1237.009 1156.725 1274.193 -1.043
1165.286 1158.520 1230.872 1206.325 -1.043
7.208 917.447 103.915 974.602 -1.043
1255.339 1474.197 1375.666 1539.482 -1.043
2460.957 1481.908 2537.080 1551.694 -1.045
2357.835 65.903 2461.970 110.895 -1.046
2319.953 170.830 2428.254 232.478 -1.047
2383.069 670.461 2532.533 746.805 -1.048
515.267 568.495 574.617 630.111 -1.048
2252.217 1815.521 2334.470 1876.736 -1.050
840.718 1040.669 956.568 1099.029 -1.050
2385.289 1727.397 2580.374 1894.966 -1.051
1.000 904.594 154.664 1042.028 -1.052
14.832 1640.226 79.688 1677.653 -1.053
348.427 964.783 419.131 1005.350 -1.053
1480.849 806.097 1554.586 877.741 -1.054
32.807 1514.920 206.096 1600.839 -1.054
969.639 1369.081 1185.336 1460.171 -1.056
1698.406 1819.796 1846.222 1944.000 -1.057
927.299 1152.971 1459.207 1668.275 -1.058
2336.243 600.547 2558.818 742.693 -1.058
2181.392 1644.480 2231.638 1688.382 -1.060
1429.450 1752.850 1525.455 1838.255 -1.061
286.383 681.799 367.576 726.201 -1.062
924.317 924.281 993.453 997.065 -1.063
