2202.343 694.500 2300.294 805.692 -0.850
111.429 1266.882 98.554 1363.028 -0.860
1768.225 1096.655 1795.472 1187.725 -0.878
373.255 1635.156 510.708 1696.189 -0.878
1120.727 1478.956 1120.118 1583.356 -0.880
1298.574 614.294 1356.803 695.999 -0.898
1091.398 1091.286 1270.936 1312.522 -0.899
872.680 1487.844 965.890 1684.100 -0.902
2252.791 619.901 2316.023 704.074 -0.916
1716.841 1316.843 1796.345 1469.843 -0.916
1063.015 1318.895 1074.671 1438.971 -0.916
1179.917 1450.021 1189.681 1564.379 -0.928
2469.208 1395.502 2525.088 1524.391 -0.928
1414.843 302.390 1504.434 398.485 -0.930
1148.782 1504.730 1138.555 1607.496 -0.936
1299.400 1829.923 1293.077 1944.000 -0.938
783.153 838.665 815.906 936.936 -0.938
