171.607 44.263 1924.535 1824.669 -0.399
78.756 290.368 162.433 454.850 -0.906
138.466 5.722 204.978 75.869 -0.906
2415.026 1807.061 2582.429 1931.591 -0.929
2021.543 752.707 2083.222 861.664 -0.950
1996.571 263.715 2052.516 383.678 -0.973
1910.138 844.887 1978.912 976.511 -0.973
170.914 7.426 241.272 69.662 -0.974
2539.170 469.046 2584.546 581.884 -0.981
44.602 5.265 129.144 182.045 -1.012
939.624 1747.292 1009.645 1944.000 -1.020
20.187 826.546 176.910 962.500 -1.043
2237.216 442.414 2282.688 555.318 -1.065
2530.195 848.453 2592.000 978.476 -1.069
2145.540 840.592 2232.580 1003.027 -1.079
1984.403 675.679 2079.839 863.222 -1.080
2536.606 742.746 2592.000 868.052 -1.083
1947.089 232.273 1985.539 323.116 -1.088
6.792 361.033 66.576 483.844 -1.102
2398.223 744.616 2513.565 806.022 -1.107
2028.104 701.585 2136.611 934.184 -1.113
1827.794 1766.464 1889.848 1944.000 -1.115
63.454 394.689 136.218 530.860 -1.116
2050.063 313.247 2095.854 414.880 -1.118
1.000 634.579 68.516 751.227 -1.122
97.192 483.009 181.839 630.691 -1.122
2296.526 701.100 2390.431 880.271 -1.126
2283.944 290.114 2324.891 393.726 -1.129
2192.590 254.418 2256.142 390.716 -1.131
1908.850 755.682 1975.899 883.980 -1.137
1699.025 95.730 2592.000 639.253 -1.139
112.721 9.862 201.856 179.668 -1.145
1749.168 1747.942 1824.062 1944.000 -1.146
2137.216 693.137 2200.515 833.045 -1.152
1696.749 1019.293 2589.228 1597.476 -1.153
1672.920 52.966 2592.000 1156.247 -1.156
1.000 290.323 84.106 452.689 -1.178
108.525 112.036 190.558 296.446 -1.189
1361.861 1828.861 1458.435 1928.826 -1.211
1.094 1014.541 90.029 1181.715 -1.211
110.711 222.596 195.783 405.649 -1.213
37.554 495.340 112.700 620.475 -1.214
2388.267 1738.978 2504.876 1941.310 -1.221
5.164 171.755 107.816 244.472 -1.228
11.691 680.365 120.677 770.545 -1.228
39.389 337.145 131.443 509.766 -1.230
986.925 1726.188 1064.393 1944.000 -1.230
58.128 455.399 141.077 599.058 -1.232
1432.610 1758.330 1501.365 1944.000 -1.233
59.206 99.766 145.886 308.844 -1.233
2160.854 1536.528 2284.724 1758.353 -1.234
