597.030 1043.963 1701.250 1778.116 -0.634
1237.866 345.978 1471.627 492.817 -0.689
7.095 698.055 256.925 805.349 -0.700
1538.584 1834.675 1667.764 1915.760 -0.737
1453.154 735.585 1593.413 814.894 -0.759
1776.122 1020.933 2592.000 1401.257 -0.790
1301.460 983.791 2592.000 1943.333 -0.805
2426.510 719.642 2538.914 786.537 -0.813
1858.697 666.658 1958.076 721.122 -0.822
1229.404 508.364 1341.835 585.634 -0.822
7.697 302.599 86.631 354.361 -0.879
417.425 616.471 522.550 674.462 -0.891
18.877 1531.521 241.816 1629.807 -0.897
448.328 695.536 1066.070 1141.281 -0.898
19.704 1181.465 90.234 1336.766 -0.907
469.392 1374.932 625.350 1439.167 -0.977
138.546 923.758 206.651 1066.828 -0.998
1.000 1469.586 466.275 1747.909 -1.003
1.000 649.084 1908.929 1944.000 -1.003
1545.878 1811.453 1523.406 1944.000 -1.023
1643.902 482.167 1721.694 602.911 -1.039
1173.862 290.684 1281.670 365.837 -1.042
2.482 167.678 128.742 304.596 -1.044
2468.096 705.919 2545.792 842.837 -1.046
2375.516 704.703 2557.609 948.927 -1.047
1890.419 493.870 1972.303 646.820 -1.059
1888.361 909.218 1933.544 1028.428 -1.063
2044.568 694.331 2071.878 804.279 -1.067
1909.196 1812.772 1887.225 1944.000 -1.071
781.435 596.960 828.539 697.192 -1.077
1176.587 218.928 1264.570 321.642 -1.077
1237.450 571.992 1314.918 689.224 -1.082
1645.242 1792.692 1637.301 1944.000 -1.082
2341.170 852.458 2354.816 960.705 -1.083
818.597 1807.542 807.346 1944.000 -1.085
2355.353 901.675 2374.191 1020.655 -1.091
2222.213 527.529 2319.167 661.549 -1.092
1657.418 197.849 1722.367 281.760 -1.094
596.206 58.379 657.337 136.498 -1.095
2454.834 516.896 2559.801 646.718 -1.097
1735.537 486.565 1797.031 600.620 -1.099
1922.006 270.701 1973.831 348.890 -1.100
1660.848 139.540 1738.774 234.560 -1.103
1652.594 49.809 1752.149 149.260 -1.104
2245.353 634.988 2353.706 696.138 -1.105
2547.038 1578.088 2537.644 1720.731 -1.105
2257.604 672.004 2320.555 799.814 -1.106
385.404 521.462 429.848 617.436 -1.111
1935.957 913.575 1966.590 1042.711 -1.120
1882.648 1688.908 1871.640 1839.583 -1.122
1481.500 434.074 1554.937 543.880 -1.123
