1956.033 648.809 2249.431 1056.055 -0.723
1374.124 1038.349 1896.337 1706.091 -0.756
624.630 1423.718 688.285 1525.014 -0.947
1744.976 1741.311 1828.615 1847.808 -1.000
1230.331 610.161 1324.911 701.403 -1.006
705.543 1256.883 777.735 1356.238 -1.014
1192.282 548.048 1376.322 706.053 -1.019
1011.894 999.755 2592.000 1944.000 -1.041
567.071 1650.797 976.544 1944.000 -1.057
2404.591 735.484 2589.613 893.227 -1.062
567.003 1527.799 688.864 1692.482 -1.063
2220.423 743.499 2293.338 799.444 -1.063
671.953 1180.485 757.722 1293.468 -1.064
823.343 1196.238 873.103 1269.436 -1.068
1168.431 273.354 1309.304 539.901 -1.071
1756.573 588.836 2356.050 1079.346 -1.073
1780.027 202.018 1850.089 258.077 -1.073
241.299 806.752 298.075 879.832 -1.075
2448.929 1.000 2592.000 74.558 -1.075
1804.569 21.579 2433.264 1136.662 -1.083
423.859 1038.869 641.558 1254.212 -1.083
401.020 1518.029 448.862 1614.691 -1.084
576.034 1.000 846.063 237.424 -1.085
656.364 1494.644 713.558 1591.536 -1.087
2471.351 915.468 2536.414 966.083 -1.088
77.765 1506.936 154.026 1640.220 -1.090
1377.007 288.289 1477.269 370.649 -1.091
478.840 976.507 553.205 1061.280 -1.094
459.092 837.127 1033.591 1321.958 -1.095
11.129 828.270 65.840 909.109 -1.097
1439.965 364.124 1531.511 428.990 -1.099
948.484 698.057 1012.289 763.035 -1.107
1170.597 523.882 1250.205 592.250 -1.107
1221.078 586.273 1356.033 838.664 -1.108
246.400 1476.522 314.952 1579.671 -1.108
464.548 1343.064 699.890 1584.291 -1.112
144.402 1571.317 217.539 1676.117 -1.113
876.507 1569.133 985.414 1710.051 -1.114
1638.135 431.085 1748.061 513.657 -1.120
355.385 551.017 1144.523 1248.087 -1.121
8.221 1153.103 1053.657 1944.000 -1.122
186.639 680.256 243.476 755.007 -1.125
81.323 301.628 147.458 392.226 -1.131
3.844 179.010 68.753 243.751 -1.133
1431.786 671.477 1658.675 892.374 -1.133
1377.465 246.178 1469.198 316.940 -1.137
1510.124 466.962 2497.607 1368.274 -1.137
65.457 933.402 139.874 1036.932 -1.147
108.337 461.319 149.953 525.617 -1.148
1181.371 327.589 1442.519 542.147 -1.148
1118.263 705.728 1198.088 787.874 -1.148
8.856 733.608 111.647 835.876 -1.149
1120.901 489.488 1218.364 575.953 -1.151
