742.173 744.000 1651.531 1175.644 -0.971
869.653 1531.587 1229.814 1657.631 -0.976
1779.902 659.698 791.198 1944.000 -1.005
1282.323 1124.776 1229.469 1218.929 -1.014
1631.328 1258.878 1588.923 1337.406 -1.016
965.783 1582.622 901.747 1678.015 -1.016
2212.500 1305.327 2042.799 1616.716 -1.017
1598.328 458.293 1562.819 530.516 -1.019
1622.915 1258.587 1583.248 1335.829 -1.022
1133.826 1541.011 1054.853 1643.888 -1.023
1367.554 1134.684 1653.574 1234.993 -1.024
2196.574 923.009 2081.215 1138.310 -1.029
