2034.589 699.562 2053.139 842.746 -0.974
1730.921 1060.274 1801.294 1234.203 -0.983
1431.150 285.618 1485.317 391.106 -0.986
1976.063 671.845 2028.565 1002.818 -1.002
763.458 712.443 791.084 894.122 -1.003
41.595 2.982 93.983 300.089 -1.004
1601.235 1321.115 1640.901 1445.423 -1.005
1437.152 1522.338 1472.950 1652.220 -1.006
2528.454 696.666 2584.975 828.617 -1.006
2079.181 259.758 2126.834 555.777 -1.007
1191.001 814.623 1220.707 988.411 -1.008
769.076 550.343 803.909 643.746 -1.009
1780.282 1691.517 1818.538 1941.807 -1.012
1837.907 658.941 1888.521 960.832 -1.012
996.101 1476.406 1030.199 1611.356 -1.013
855.148 1514.209 911.352 1675.013 -1.013
1563.844 1175.212 1616.879 1334.710 -1.013
2114.784 400.073 2140.578 561.989 -1.014
921.766 1562.770 949.626 1680.689 -1.014
1365.693 1335.674 1464.141 1944.000 -1.016
1279.406 546.104 1316.714 635.215 -1.018
1760.455 641.761 1778.666 778.207 -1.019
2015.580 250.853 2043.589 433.197 -1.019
2024.942 696.299 2067.356 960.266 -1.020
2133.302 754.141 2174.453 1012.900 -1.021
1716.194 1054.862 1761.820 1336.527 -1.022
1184.855 1435.060 1212.756 1544.120 -1.022
238.901 742.541 324.585 1252.634 -1.023
2414.266 251.161 2463.638 337.625 -1.023
84.704 4.415 147.846 338.758 -1.026
1551.172 1298.581 1626.899 1507.030 -1.027
89.977 1651.741 125.631 1896.054 -1.028
634.398 1013.758 663.558 1216.121 -1.028
2228.236 284.671 2274.055 582.426 -1.029
2160.209 648.024 2204.463 925.614 -1.030
2349.460 208.625 2370.050 339.248 -1.030
1839.580 963.115 1880.977 1072.075 -1.031
2033.969 663.071 2106.212 1045.822 -1.031
1921.365 474.453 1948.816 643.832 -1.031
2200.269 836.058 2217.393 965.771 -1.031
64.018 337.984 126.794 682.897 -1.033
1678.393 1329.900 1701.889 1546.885 -1.033
2230.054 613.595 2311.613 792.055 -1.034
2122.253 205.935 2185.484 570.285 -1.036
1679.539 726.997 1713.771 937.765 -1.036
1658.759 1004.012 1684.285 1188.252 -1.037
1501.180 4.468 1547.381 86.052 -1.037
1175.309 1298.795 1225.296 1435.633 -1.037
1036.382 92.434 1061.170 234.971 -1.037
1687.901 491.237 1723.105 703.798 -1.039
1194.048 602.259 1232.442 821.405 -1.039
41.743 1383.371 71.771 1584.856 -1.040
1462.906 655.928 1914.090 1531.078 -1.041
2192.711 205.904 2258.142 575.055 -1.041
1.000 107.534 70.078 480.919 -1.042
771.937 711.167 832.324 847.349 -1.042
1115.922 655.550 1138.352 797.980 -1.042
1645.479 367.026 1671.169 538.663 -1.043
1010.272 1.765 1098.245 476.111 -1.046
22.180 321.363 92.132 700.027 -1.047
781.682 339.681 821.148 428.215 -1.047
1191.604 1401.470 1222.241 1515.293 -1.048
2038.603 4.924 2089.482 92.220 -1.049
2295.595 249.735 2349.179 588.480 -1.049
1642.266 1465.697 1664.881 1665.781 -1.049
762.324 509.361 796.063 709.175 -1.049
2113.865 611.541 2178.477 1029.022 -1.050
1036.586 583.603 1062.978 761.633 -1.051
2197.967 1328.264 2217.763 1475.996 -1.051
1331.528 657.401 1356.445 807.918 -1.052
1775.218 183.234 1846.327 319.771 -1.052
1097.026 1258.320 1127.481 1371.392 -1.053
2383.906 890.352 2406.585 1055.054 -1.053
2138.807 177.949 2220.994 606.554 -1.053
143.363 1356.781 164.370 1509.339 -1.054
53.395 1452.108 309.448 1944.000 -1.054
2332.473 1376.247 2382.316 1512.305 -1.055
2196.456 611.646 2334.882 896.836 -1.055
580.996 8.907 606.533 148.332 -1.055
270.631 1.000 408.154 721.205 -1.056
1113.778 1507.234 1146.239 1700.243 -1.056
2050.299 194.819 2131.394 599.536 -1.057
1982.735 213.051 2043.755 557.226 -1.057
190.447 715.933 229.603 822.185 -1.057
1111.185 1375.428 1163.820 1538.682 -1.057
1308.506 364.339 1603.332 949.239 -1.057
222.554 1.262 274.468 276.738 -1.057
433.063 541.729 470.838 637.439 -1.058
903.896 425.087 1155.969 1944.000 -1.058
641.314 922.271 676.711 1024.533 -1.058
862.608 564.430 928.159 713.159 -1.058
21.014 1733.241 63.587 1887.646 -1.059
1865.044 535.511 1907.013 629.172 -1.060
2350.223 168.058 2383.339 379.286 -1.060
778.530 477.595 810.237 647.673 -1.060
743.812 392.611 847.153 1015.552 -1.060
1473.112 1697.671 1491.941 1849.932 -1.061
2439.820 288.561 2458.352 421.537 -1.062
780.421 226.709 811.481 429.864 -1.062
1215.658 999.908 1249.600 1102.995 -1.063
184.180 2.760 324.381 744.789 -1.064
493.320 888.533 555.750 1045.783 -1.064
1925.575 339.660 1981.458 446.327 -1.064
2153.665 673.878 2221.749 1070.964 -1.064
2526.292 1627.925 2557.747 1913.178 -1.065
2380.621 978.754 2422.453 1093.535 -1.065
2186.132 1638.854 2215.800 1850.703 -1.066
43.991 124.061 109.901 470.106 -1.066
1325.725 967.704 1377.825 1107.350 -1.067
1234.827 359.163 1258.298 501.183 -1.067
2025.410 307.864 2070.239 588.777 -1.067
1709.054 76.490 1738.869 247.475 -1.067
1764.953 1599.086 1797.681 1713.947 -1.067
1914.314 1031.411 1946.416 1281.842 -1.067
1848.503 226.935 1907.658 519.570 -1.068
1216.895 1418.915 1245.241 1528.022 -1.068
1201.919 129.588 1253.962 231.840 -1.068
2305.920 206.127 2401.399 386.829 -1.068
1850.659 3.752 1952.261 543.197 -1.069
720.117 119.751 817.437 669.414 -1.069
2442.845 1.000 2490.268 65.253 -1.069
382.360 1713.083 408.939 1905.098 -1.069
1702.416 214.975 1727.814 377.244 -1.069
161.303 279.500 189.554 427.368 -1.069
2340.888 218.340 2408.133 619.305 -1.069
1966.429 629.924 1986.712 760.352 -1.070
2446.804 211.376 2534.023 627.702 -1.070
2462.037 861.507 2506.594 966.843 -1.071
1598.542 507.408 1668.046 657.406 -1.071
1695.345 194.389 1734.876 420.149 -1.072
123.834 129.231 185.550 466.037 -1.072
1849.015 1679.337 1882.613 1806.199 -1.072
1959.642 4.949 2013.583 98.752 -1.073
542.431 58.931 1033.286 1123.590 -1.074
2353.291 598.802 2554.738 991.481 -1.074
420.620 578.261 487.577 726.293 -1.074
2140.966 5.205 2188.870 84.987 -1.075
2212.679 826.145 2232.391 968.548 -1.075
1199.541 948.535 1240.950 1056.772 -1.075
2258.463 187.856 2312.347 476.173 -1.076
1678.639 1473.606 1696.492 1638.584 -1.076
2402.293 412.613 2427.990 577.719 -1.077
1694.883 109.169 1723.278 269.289 -1.077
772.654 1511.239 798.269 1624.468 -1.077
152.015 1.000 200.792 293.635 -1.078
663.530 1127.518 684.533 1262.931 -1.078
1632.607 1.000 2129.295 872.110 -1.078
85.211 718.099 127.472 831.997 -1.078
1826.047 1765.609 1844.067 1939.652 -1.080
512.191 1374.314 557.043 1522.401 -1.080
1571.341 1679.710 1587.804 1821.058 -1.080
1.000 649.888 36.915 849.770 -1.081
1771.973 1382.251 1836.460 1796.646 -1.082
