2396.002 1704.210 2592.000 1944.000 -0.073
1.582 767.903 102.821 825.214 -0.274
13.321 1436.766 58.907 1519.717 -0.641
874.516 1562.678 1032.050 1639.990 -0.654
2507.009 833.700 2580.109 978.819 -0.663
2503.284 650.348 2592.000 670.657 -0.686
2527.068 3.569 2590.279 56.008 -0.700
887.057 1435.631 1067.534 1517.605 -0.732
1.000 734.340 171.472 821.299 -0.761
833.476 1222.843 1204.736 1658.463 -0.792
1.000 1026.187 372.857 1216.717 -0.845
1194.457 265.126 1279.590 306.576 -0.846
1929.798 1050.209 2002.208 1138.733 -0.851
2458.508 904.185 2544.428 1069.951 -0.854
2266.055 228.384 2341.946 375.979 -0.868
1.000 1523.132 78.410 1567.398 -0.888
83.390 1780.729 123.947 1868.362 -0.893
1176.528 129.846 1243.462 202.174 -0.899
684.440 1095.814 730.217 1171.333 -0.904
1714.982 1636.067 1837.673 1687.099 -0.916
720.968 784.618 779.795 864.697 -0.921
1921.094 1517.448 1991.089 1621.228 -0.922
1566.576 1859.968 1629.186 1944.000 -0.944
1.000 1855.502 103.153 1911.493 -0.945
809.469 892.326 867.616 972.385 -0.947
1384.748 1654.696 1611.178 1938.574 -0.958
2188.810 722.157 2260.633 874.314 -0.959
2509.267 610.543 2589.718 694.216 -0.961
494.058 1196.612 545.476 1280.209 -0.970
2051.571 1600.963 2592.000 1918.836 -0.971
1340.573 1876.454 1387.786 1944.000 -0.975
1168.025 1822.864 1256.519 1944.000 -0.977
1.000 1659.268 155.171 1743.835 -0.985
1168.846 1044.695 1215.933 1111.850 -0.985
1500.633 667.054 1571.970 753.187 -0.989
733.489 1679.075 785.442 1768.518 -0.989
2080.159 701.223 2592.000 1048.916 -0.989
551.143 1722.631 596.447 1806.782 -0.991
880.725 549.354 937.210 618.493 -0.995
653.956 1597.465 836.581 1845.528 -0.996
1835.214 1239.079 1923.723 1346.865 -0.997
390.073 1806.955 436.943 1902.458 -1.001
1247.120 685.575 1707.570 888.229 -1.001
613.908 56.397 670.619 119.106 -1.006
802.624 930.693 856.514 1011.978 -1.006
1864.567 198.603 1955.999 228.526 -1.007
1792.303 1600.453 1843.482 1679.372 -1.008
1489.166 1031.230 1544.642 1106.193 -1.009
342.886 6.491 547.962 243.354 -1.012
2518.098 1174.489 2592.000 1192.765 -1.017
1585.109 1584.846 1654.598 1689.331 -1.018
620.920 1792.472 663.286 1874.855 -1.020
11.866 1281.987 78.720 1389.937 -1.021
900.250 1710.193 950.634 1798.928 -1.021
404.681 377.798 623.421 623.614 -1.022
1130.709 1875.449 1179.629 1944.000 -1.022
2274.375 1248.364 2332.467 1323.577 -1.023
1449.186 245.797 1519.256 317.880 -1.026
317.320 921.424 362.888 992.447 -1.028
1755.365 1645.689 1813.440 1734.358 -1.035
401.453 1064.858 1267.969 1596.309 -1.038
2401.738 205.758 2438.042 270.698 -1.038
377.522 880.356 490.857 1030.322 -1.042
949.241 47.446 1011.901 110.544 -1.043
416.006 807.430 504.883 850.761 -1.045
1225.337 1806.608 1322.290 1944.000 -1.048
1775.155 1857.106 1841.336 1944.000 -1.048
1.000 1296.419 352.504 1500.178 -1.051
63.961 1665.443 143.694 1856.101 -1.054
990.118 1858.411 1048.863 1944.000 -1.056
2528.589 1152.057 2591.290 1227.929 -1.057
2212.629 1271.703 2287.566 1371.364 -1.062
1317.235 934.126 1385.364 1023.764 -1.065
769.698 4.575 879.941 130.192 -1.068
2087.810 1191.272 2168.742 1297.124 -1.072
756.118 868.026 810.090 947.189 -1.072
3.449 959.016 148.082 1038.316 -1.073
1966.046 1092.811 2023.926 1167.338 -1.076
2470.696 112.767 2537.216 171.385 -1.078
1275.777 543.213 1328.512 603.296 -1.078
10.175 1190.962 58.411 1270.136 -1.080
242.281 1817.268 289.341 1910.172 -1.082
44.879 1551.119 83.289 1628.208 -1.084
1476.837 926.138 1528.535 991.847 -1.087
1579.814 1098.161 1638.496 1177.032 -1.088
474.866 1808.057 519.623 1894.395 -1.088
1254.791 217.395 1309.730 275.054 -1.092
1490.357 997.955 1574.604 1110.292 -1.093
2025.117 1159.203 2086.348 1239.876 -1.093
1411.779 965.597 1466.319 1036.389 -1.100
1451.914 616.405 1529.182 706.342 -1.101
1825.213 1844.207 1912.095 1944.000 -1.102
2285.525 1197.647 2342.757 1312.164 -1.103
1575.009 1756.317 1726.229 1944.000 -1.103
542.960 1740.587 761.690 1860.118 -1.110
1.000 1191.032 145.385 1269.449 -1.110
3.302 192.095 65.847 238.699 -1.111
2512.900 1171.551 2591.946 1266.876 -1.115
728.787 907.844 782.173 982.442 -1.116
1116.746 1017.321 1188.931 1110.904 -1.117
984.880 1629.065 1032.285 1712.289 -1.119
690.316 62.398 742.416 119.118 -1.120
1.000 62.566 1736.000 1944.000 -1.120
2063.719 1396.493 2147.237 1508.657 -1.139
2482.731 1141.265 2592.000 1184.694 -1.140
2430.046 1118.984 2592.000 1188.314 -1.141
2402.561 1138.880 2493.304 1250.100 -1.152
2523.700 162.744 2592.000 177.227 -1.162
1987.735 1779.613 2082.636 1806.737 -1.168
2033.350 1196.010 2098.974 1281.275 -1.177
2031.936 1876.163 2082.873 1944.000 -1.179
1819.574 191.207 1912.580 223.308 -1.181
1750.010 1810.167 1859.439 1944.000 -1.182
2317.070 1240.141 2375.684 1313.399 -1.195
2436.513 607.174 2592.000 675.626 -1.198
2396.102 1385.707 2490.691 1410.589 -1.199
1981.226 1181.237 2041.261 1259.174 -1.201
2277.925 1219.898 2375.165 1338.911 -1.202
1711.235 1524.907 1776.359 1618.866 -1.204
2077.874 1094.745 2135.560 1166.936 -1.219
1754.864 586.669 2592.000 1044.045 -1.228
1732.844 1027.866 1820.786 1057.060 -1.234
1892.156 1010.373 1946.525 1082.472 -1.234
2199.005 1171.015 2255.971 1247.497 -1.239
614.057 2.448 826.517 114.428 -1.241
2148.003 1489.698 2247.251 1512.633 -1.249
2357.207 1193.364 2431.454 1291.362 -1.263
2270.220 1296.332 2336.137 1379.396 -1.271
1931.731 1071.537 2030.753 1189.240 -1.271
2261.311 1081.474 2333.732 1170.141 -1.282
1934.864 1770.992 2033.577 1800.192 -1.285
2329.612 1441.664 2387.517 1518.145 -1.287
2153.172 1223.650 2216.498 1307.950 -1.287
1744.340 1181.771 1816.593 1332.631 -1.291
1696.349 1446.475 1829.856 1612.133 -1.295
2035.030 131.830 2074.853 205.248 -1.295
2416.879 178.812 2476.943 233.143 -1.302
2233.340 1148.925 2549.952 1509.548 -1.302
2078.056 1535.246 2143.685 1631.025 -1.307
2051.589 1145.698 2121.287 1234.257 -1.310
2217.807 255.585 2280.198 315.202 -1.319
1713.749 1279.225 1768.476 1355.270 -1.321
1885.977 1628.125 2050.579 1697.354 -1.342
2127.638 1189.885 2219.610 1216.975 -1.345
1934.326 1483.809 2022.680 1603.199 -1.347
2227.147 401.032 2286.285 458.350 -1.347
2137.005 1155.650 2209.114 1245.358 -1.351
2513.781 93.845 2592.000 117.438 -1.353
2154.598 1106.667 2229.271 1198.703 -1.367
2042.693 1092.069 2111.899 1183.004 -1.372
1792.205 1105.106 1825.245 1188.683 -1.375
1823.650 1746.728 1914.459 1779.714 -1.376
874.786 2.177 975.037 108.842 -1.384
2402.028 412.885 2438.287 475.074 -1.393
1109.943 8.702 1196.204 91.933 -1.394
1177.133 12.571 1232.906 64.944 -1.395
978.492 4.887 1041.660 66.653 -1.396
1745.894 1734.827 1839.446 1771.923 -1.398
2519.844 80.298 2592.000 98.379 -1.399
2251.101 428.761 2306.457 544.212 -1.400
1260.461 28.380 1319.236 85.619 -1.404
2526.426 89.023 2591.053 143.036 -1.410
1726.776 1013.013 1806.973 1113.210 -1.410
1937.079 1380.861 2022.685 1410.230 -1.415
2239.364 156.513 2305.036 215.103 -1.415
1909.990 1370.192 2061.641 1433.040 -1.427
2207.907 1097.868 2298.630 1207.431 -1.427
1948.896 1178.593 2016.981 1265.571 -1.427
2032.461 1131.764 2181.285 1318.598 -1.431
1949.729 1275.805 2001.309 1345.427 -1.433
2512.732 149.458 2592.000 174.042 -1.437
1995.888 1535.853 2051.129 1618.868 -1.441
2439.830 87.717 2591.066 150.947 -1.443
2227.734 321.290 2284.572 378.319 -1.444
2460.175 1.941 2592.000 60.290 -1.448
2280.932 101.335 2365.453 183.904 -1.450
2174.273 1290.610 2232.495 1371.270 -1.453
1069.863 2.176 1141.161 79.847 -1.455
1644.358 5.434 1703.568 57.646 -1.456
1812.789 1282.442 1881.165 1372.715 -1.458
1850.541 1873.605 1980.569 1926.270 -1.470
1303.356 540.621 2592.000 1215.048 -1.472
2250.608 177.891 2321.770 249.555 -1.472
2402.728 175.118 2456.901 269.900 -1.479
1414.945 1.805 1471.147 55.480 -1.482
1671.084 1761.074 1819.887 1944.000 -1.487
2170.848 1195.937 2235.619 1277.780 -1.491
1867.195 1456.117 1951.859 1573.653 -1.495
2225.435 379.847 2305.647 543.903 -1.499
2522.230 218.963 2592.000 231.252 -1.509
2368.832 99.990 2441.012 167.595 -1.516
2002.211 1526.857 2082.381 1638.682 -1.520
1801.511 1852.310 1987.356 1931.286 -1.520
1994.015 1224.622 2060.095 1310.766 -1.528
1848.753 1733.670 1898.629 1815.179 -1.528
2072.602 109.048 2145.923 178.219 -1.529
2141.455 1215.303 2267.173 1371.538 -1.530
2175.609 1554.984 2234.222 1641.251 -1.531
1211.301 22.951 1266.054 77.699 -1.533
2125.423 226.775 2201.008 240.248 -1.534
529.467 1.793 591.114 70.666 -1.537
2473.737 253.690 2510.978 314.915 -1.539
2180.332 108.218 2281.256 208.688 -1.543
2409.398 278.331 2446.744 340.136 -1.547
988.016 27.137 1054.724 91.664 -1.548
2449.735 1471.708 2505.473 1549.387 -1.549
2341.669 164.248 2489.011 220.139 -1.561
2221.943 267.765 2268.850 366.337 -1.564
2057.811 1499.963 2127.784 1596.135 -1.564
2401.596 307.490 2436.739 371.865 -1.564
2176.509 1494.937 2277.369 1525.895 -1.567
2166.923 1389.483 2253.931 1410.350 -1.567
1422.366 1188.827 2286.536 1561.817 -1.570
741.862 1.724 961.001 120.048 -1.576
1685.122 1604.089 2096.958 1790.134 -1.586
2495.956 90.556 2578.319 247.958 -1.589
1812.412 129.296 1869.423 184.103 -1.590
2268.128 403.475 2340.318 557.713 -1.593
936.489 8.227 1026.390 100.411 -1.595
2261.259 144.048 2519.029 258.247 -1.597
2128.548 1543.264 2190.205 1635.263 -1.614
1395.502 1.529 1477.556 83.362 -1.620
1858.817 1341.509 2571.543 1778.047 -1.624
2409.274 91.184 2592.000 199.448 -1.627
1993.804 119.837 2066.940 191.560 -1.627
2411.098 328.400 2449.328 396.677 -1.627
1017.888 2.585 1082.060 69.940 -1.645
1827.112 190.870 1873.073 276.390 -1.647
1330.118 20.964 1397.439 86.308 -1.651
1685.103 18.564 1748.161 77.425 -1.655
1294.986 26.960 1353.919 85.919 -1.665
1509.814 4.695 1581.153 72.161 -1.685
2052.600 181.914 2135.824 202.729 -1.692
2019.498 267.202 2055.462 335.455 -1.710
1415.655 6.763 1515.657 104.710 -1.710
1830.893 1102.775 2592.000 1513.157 -1.716
1747.573 182.974 1808.592 241.496 -1.716
2103.982 157.772 2167.168 213.634 -1.719
2208.581 254.943 2317.893 373.033 -1.722
2158.047 96.212 2231.399 118.646 -1.742
1822.714 23.033 1884.588 75.281 -1.745
1297.160 7.276 1404.316 116.017 -1.746
1771.379 104.573 1850.744 128.080 -1.747
2001.523 3.317 2063.909 59.790 -1.748
2082.581 3.572 2141.988 55.589 -1.749
1970.007 1867.380 2066.073 1893.864 -1.754
1857.121 182.606 1980.341 230.144 -1.755
1734.853 427.593 1776.509 511.570 -1.759
2010.067 106.980 2103.026 143.574 -1.765
1925.749 113.867 2005.816 138.036 -1.778
2107.697 361.176 2184.769 378.765 -1.780
2061.066 106.075 2163.889 210.797 -1.787
1787.314 19.888 1865.652 45.727 -1.787
959.736 1089.386 2542.492 1944.000 -1.794
1963.516 330.746 1998.896 400.429 -1.813
1813.410 194.298 1960.053 259.096 -1.818
2107.569 426.310 2190.273 440.971 -1.824
2335.675 94.233 2405.234 157.897 -1.828
1155.705 13.149 1236.392 97.134 -1.829
2190.380 87.657 2270.252 105.334 -1.834
1942.306 138.858 2005.016 195.848 -1.834
1798.692 97.140 1862.827 156.080 -1.834
1209.768 3.192 1318.546 117.364 -1.846
1833.675 107.393 1909.662 181.216 -1.846
1747.254 528.947 1820.159 550.964 -1.851
1976.255 155.879 2040.004 215.266 -1.852
1957.073 130.599 2035.137 203.294 -1.853
1592.642 12.196 1651.918 66.229 -1.854
1952.060 104.723 2029.339 129.515 -1.855
2394.611 340.074 2429.493 405.407 -1.864
1916.680 112.552 1981.900 174.987 -1.875
1751.689 81.192 1822.918 146.784 -1.876
2223.041 98.453 2321.759 122.483 -1.879
2019.800 387.426 2055.812 456.959 -1.879
