1429.601 301.794 1492.046 487.845 -0.676
1456.705 733.273 1576.295 868.269 -0.780
1871.307 102.241 1924.076 222.094 -0.824
1151.142 683.204 1258.959 779.414 -0.891
1495.747 268.565 1550.701 315.437 -0.902
1777.512 1085.580 1873.621 1373.868 -0.939
2541.168 1744.295 2584.384 1771.318 -0.943
166.870 877.300 214.111 938.638 -0.953
842.682 888.011 983.224 1027.107 -0.961
2543.551 719.878 2592.000 741.200 -0.972
2071.595 1424.681 2137.486 1476.097 -0.980
39.257 957.343 90.949 1016.764 -0.982
1999.828 925.673 2043.779 1016.941 -0.995
540.464 825.175 600.778 884.461 -0.999
1558.458 778.471 1621.415 869.626 -1.000
1724.546 636.180 1817.371 761.278 -1.008
1767.652 856.901 1827.440 955.167 -1.013
446.684 533.591 471.707 633.274 -1.016
2130.499 918.722 2207.569 1029.572 -1.017
1135.677 1457.970 1200.240 1601.353 -1.017
1221.213 575.713 1302.522 697.341 -1.027
595.348 1009.693 643.352 1128.971 -1.029
450.670 319.317 509.138 422.195 -1.031
2365.849 1781.739 2365.949 1936.437 -1.036
1311.667 531.311 1358.864 599.859 -1.038
671.495 409.510 1064.280 977.387 -1.038
1774.688 778.931 1822.966 852.577 -1.038
995.400 1817.669 1037.976 1944.000 -1.039
2498.308 854.321 2580.733 971.637 -1.040
2500.002 775.052 2557.351 853.665 -1.041
761.565 319.470 803.186 421.947 -1.045
2099.843 949.231 2149.197 1022.710 -1.045
1733.765 1831.855 1793.429 1944.000 -1.047
2487.366 549.270 2548.515 615.573 -1.048
1870.972 1080.467 1921.732 1189.806 -1.049
567.611 1365.810 622.672 1537.540 -1.049
88.036 1651.377 101.778 1822.297 -1.051
1351.696 1798.084 1412.122 1944.000 -1.052
2041.302 779.596 2090.504 860.376 -1.053
1808.402 838.944 1865.564 938.798 -1.053
877.940 1847.709 903.854 1944.000 -1.054
2105.195 1407.465 2172.268 1529.107 -1.055
2005.968 449.647 2083.728 544.473 -1.055
913.709 1831.364 945.921 1944.000 -1.059
2211.270 765.983 2261.295 836.480 -1.059
2401.807 348.275 2465.138 401.074 -1.059
1840.883 552.040 1897.714 636.575 -1.060
1643.790 820.803 1696.380 913.624 -1.061
2432.932 1442.135 2575.436 1653.772 -1.061
2095.168 439.737 2188.528 555.621 -1.062
1442.912 1641.134 1485.507 1763.781 -1.063
2226.376 434.162 2287.084 495.785 -1.063
60.081 1648.325 105.052 1806.665 -1.064
2476.651 1052.320 2525.384 1136.177 -1.065
1903.835 432.218 1971.963 502.994 -1.065
2189.036 886.469 2235.027 977.311 -1.066
2330.391 862.628 2416.787 974.789 -1.066
272.117 1077.966 307.622 1180.832 -1.066
2273.795 281.262 2344.373 346.641 -1.068
577.333 1.000 1332.857 1179.843 -1.068
1090.036 1483.103 1147.778 1631.664 -1.068
1.000 1.000 461.875 644.018 -1.069
1684.557 1041.657 1904.415 1371.244 -1.070
2248.541 638.079 2304.542 697.129 -1.071
1761.969 430.351 1823.306 520.436 -1.073
1062.928 1467.252 1101.984 1576.903 -1.074
2198.021 245.653 2256.689 295.342 -1.075
1771.589 1414.298 1830.069 1546.733 -1.075
2077.253 1391.575 2120.735 1503.007 -1.076
1823.050 244.127 1886.487 298.840 -1.076
1012.073 1485.638 1063.958 1624.397 -1.077
2019.408 925.367 2073.085 1009.605 -1.078
1358.050 1492.235 1414.203 1618.760 -1.078
1220.621 600.260 2047.009 1877.892 -1.078
136.848 1499.870 164.758 1640.334 -1.078
2105.021 798.218 2173.608 906.304 -1.079
2219.205 1828.718 2251.665 1848.504 -1.080
2498.244 527.664 2552.526 573.361 -1.080
2269.899 995.434 2319.726 1087.798 -1.080
1812.089 1843.904 1867.470 1944.000 -1.081
810.972 1517.876 842.232 1629.803 -1.081
1546.223 1828.690 1590.985 1944.000 -1.082
501.718 1383.487 574.714 1567.528 -1.082
2053.506 919.474 2125.013 1034.482 -1.082
1655.787 212.012 1748.674 289.331 -1.082
680.310 1751.351 720.538 1879.826 -1.083
1003.935 1587.135 1045.884 1715.936 -1.083
861.669 1546.995 912.634 1682.023 -1.084
2402.287 1441.938 2462.268 1555.058 -1.084
2095.284 908.833 2160.584 990.076 -1.085
2218.148 795.985 2269.318 877.193 -1.085
1750.024 382.767 1831.730 514.792 -1.089
1186.693 1833.987 1227.509 1944.000 -1.089
2029.733 854.178 2076.779 926.918 -1.090
1120.505 45.790 1689.441 871.934 -1.090
878.865 1037.609 1373.527 1685.880 -1.090
1444.411 1836.233 1485.902 1944.000 -1.091
1897.263 383.349 1992.477 480.537 -1.091
470.990 563.079 537.900 638.743 -1.092
2209.854 121.685 2264.516 169.349 -1.092
2144.717 234.438 2208.910 278.852 -1.093
537.576 436.084 1526.364 1774.302 -1.093
2177.845 950.738 2245.032 1038.014 -1.094
1957.758 480.576 2025.377 559.410 -1.094
283.240 991.259 326.879 1092.865 -1.094
2189.121 513.162 2592.000 1588.301 -1.095
2148.971 321.322 2233.946 431.250 -1.095
2137.465 719.061 2190.706 800.110 -1.096
1854.463 263.100 1909.465 316.778 -1.097
2011.865 294.894 2068.184 358.419 -1.098
2472.607 1805.664 2538.277 1944.000 -1.099
1712.874 594.662 2592.000 1944.000 -1.099
1626.590 1.000 2009.076 512.372 -1.100
1283.179 1837.290 1328.021 1944.000 -1.101
2473.951 330.372 2537.584 385.357 -1.104
374.308 1491.402 416.858 1545.149 -1.104
2236.374 367.709 2288.402 412.783 -1.104
1.000 749.846 38.363 899.629 -1.107
1479.697 1833.037 1537.429 1944.000 -1.108
1997.976 270.080 2077.889 369.328 -1.108
5.300 697.985 68.472 839.538 -1.108
1675.024 1849.294 1719.455 1944.000 -1.109
934.938 1853.821 972.686 1944.000 -1.109
