399.796 2.771 1394.076 1231.615 2.099
1649.252 13.178 2544.995 1146.584 2.046
6.506 10.851 261.578 700.109 2.042
1144.836 11.430 2532.826 1671.198 1.757
14.926 1.000 1470.185 1730.919 1.314
2494.955 1552.432 2557.196 1742.084 1.022
2453.993 1563.668 2563.832 1807.731 0.655
2333.516 1487.531 2572.133 1896.871 0.244
2501.721 1095.638 2566.987 1247.578 0.139
2564.471 707.840 2565.023 915.046 0.057
1818.106 1645.651 1859.155 1799.903 0.014
31.613 1657.980 88.092 1835.261 0.001
1589.608 1599.324 1637.814 1764.981 -0.122
1700.132 1701.404 1897.998 1783.907 -0.182
2480.201 1.000 2576.507 15.677 -0.201
2520.201 597.244 2574.508 698.538 -0.212
134.060 1651.060 187.158 1821.167 -0.215
1431.576 1765.142 1457.044 1910.415 -0.388
2198.673 1351.349 2576.645 1919.479 -0.401
1889.902 1673.220 1907.713 1804.123 -0.402
99.905 1727.240 421.718 1928.634 -0.404
1863.601 1776.717 1902.779 1936.970 -0.449
2535.511 247.184 2579.970 463.268 -0.493
1389.937 1527.435 1618.425 1922.562 -0.501
22.450 955.791 20.522 1139.709 -0.516
2557.342 705.957 2563.108 917.052 -0.530
1.000 1778.978 148.542 1862.059 -0.543
2506.040 1.040 2586.204 94.185 -0.575
2582.595 1718.885 2538.820 1944.000 -0.590
939.037 1822.253 1113.800 1900.971 -0.601
1177.606 1697.046 1395.583 1807.421 -0.603
1414.207 1635.346 1878.154 1934.605 -0.630
2540.630 414.220 2574.968 648.963 -0.632
2526.415 891.496 2569.251 1005.584 -0.646
29.604 1622.281 136.136 1858.644 -0.652
1.000 1846.225 159.953 1938.983 -0.681
507.216 1674.397 710.018 1789.641 -0.694
1796.028 1850.731 1996.854 1922.086 -0.727
2505.320 1216.565 2565.835 1373.709 -0.738
1397.441 1341.059 1388.702 1616.239 -0.756
957.000 1700.768 1123.153 1769.302 -0.773
1298.226 1584.069 1451.621 1887.944 -0.777
2159.704 820.677 2156.962 1033.954 -0.785
2525.787 304.584 2591.121 609.812 -0.788
1807.906 1806.388 2002.843 1887.349 -0.791
1820.275 1327.691 1797.760 1572.063 -0.795
102.780 1578.723 94.781 1875.911 -0.801
25.537 1596.016 202.439 1897.568 -0.807
1027.817 1620.756 1195.705 1919.894 -0.826
1160.394 1643.275 1662.436 1930.783 -0.828
792.115 1694.148 802.973 1827.890 -0.830
2025.712 1845.557 2207.868 1912.874 -0.838
2523.081 743.901 2572.558 854.347 -0.841
412.708 1705.797 591.416 1810.848 -0.855
2023.008 1699.690 2205.658 1762.674 -0.866
697.178 1751.544 867.806 1825.519 -0.872
497.958 1761.210 674.969 1842.003 -0.880
2438.985 1.000 2546.608 24.197 -0.883
1829.461 1721.265 1998.262 1783.065 -0.915
34.821 1528.538 14.218 1773.472 -0.916
2546.520 1350.207 2545.370 1680.074 -0.943
2100.022 1746.655 2277.474 1803.742 -0.952
2526.161 1024.922 2568.525 1142.871 -0.954
2160.270 818.268 2152.961 1021.879 -0.958
778.041 1737.925 959.937 1822.394 -0.966
2587.145 1617.141 2544.316 1898.073 -0.967
595.679 1366.025 576.634 1595.323 -0.969
933.398 1775.248 1109.854 1854.156 -0.976
867.520 1846.367 1046.611 1927.950 -0.980
1775.067 1143.245 1757.291 1382.411 -0.996
2149.376 1661.087 2173.697 1794.003 -1.004
2042.714 1614.837 2083.250 1770.656 -1.013
2582.360 1461.104 2548.842 1724.964 -1.018
400.181 1779.543 599.464 1891.624 -1.025
2580.719 1715.271 2541.440 1944.000 -1.035
2431.973 886.033 2426.273 1099.365 -1.038
1743.326 1003.999 1742.308 1253.216 -1.043
2553.925 1618.838 2541.265 1944.000 -1.048
2510.968 211.757 2582.009 306.053 -1.049
24.554 1032.462 20.895 1232.156 -1.051
2053.635 1668.330 2102.652 1846.684 -1.051
1870.691 1836.973 2088.401 1921.887 -1.052
1823.910 1432.449 2592.000 1891.528 -1.054
1399.030 1334.336 1392.464 1615.133 -1.060
2520.994 683.392 2574.257 791.478 -1.065
2569.716 1665.933 2547.598 1944.000 -1.069
1147.364 1225.526 1137.652 1460.729 -1.070
2523.913 775.379 2567.473 1074.916 -1.081
1769.058 1145.759 1759.438 1384.504 -1.086
1769.841 1132.147 1758.146 1381.052 -1.086
733.520 1687.187 768.536 1843.955 -1.094
2493.972 1146.175 2578.663 1318.444 -1.095
619.546 1752.677 836.100 1862.404 -1.097
2512.840 118.195 2578.645 209.802 -1.108
2055.845 756.910 2054.196 955.364 -1.116
2573.720 709.601 2570.336 913.758 -1.122
2568.389 1607.330 2543.293 1929.060 -1.130
1828.763 1326.583 1806.507 1571.354 -1.152
90.805 1639.016 478.355 1856.680 -1.156
1765.210 1124.955 1763.218 1376.883 -1.163
2565.268 1663.444 2545.226 1944.000 -1.170
858.644 1801.419 1047.776 1885.778 -1.183
2544.204 573.091 2567.136 807.597 -1.183
670.970 1333.076 656.710 1582.329 -1.186
626.752 1695.835 799.022 1768.391 -1.197
483.563 1746.282 715.366 1877.559 -1.202
