81.662 161.387 157.513 201.085 -0.899
4.844 85.723 164.257 170.924 -0.961
117.025 184.670 191.572 256.000 -1.146
198.244 210.465 256.000 256.000 -1.146
107.283 86.735 200.087 193.415 -1.160
8.192 63.314 215.871 256.000 -1.184
192.010 167.158 256.000 226.581 -1.218
127.284 17.107 186.942 78.345 -1.248
195.844 80.909 256.000 145.494 -1.260
2.810 10.292 51.039 65.153 -1.285
163.393 1.153 218.678 46.908 -1.327
50.362 1.000 101.724 41.447 -1.331
1.000 1.000 98.490 69.272 -1.343
93.439 14.563 163.576 83.910 -1.352
188.645 21.448 256.000 82.092 -1.353
177.239 97.330 256.000 204.036 -1.354
168.983 39.248 256.000 110.015 -1.359
145.298 1.000 256.000 121.196 -1.372
1.000 3.570 111.566 129.631 -1.413
100.499 1.000 256.000 182.127 -1.429
