169.411 124.242 256.000 213.057 -0.943
208.674 8.757 256.000 65.589 -1.007
131.691 86.561 256.000 249.913 -1.040
69.968 78.641 146.157 181.141 -1.055
1.000 145.197 65.649 245.703 -1.071
42.266 40.676 252.448 256.000 -1.081
1.000 101.383 37.693 166.155 -1.103
1.000 28.572 36.992 125.568 -1.107
1.000 31.930 75.924 211.862 -1.109
31.822 6.928 99.727 81.339 -1.132
85.645 1.000 145.037 74.873 -1.132
181.282 1.000 230.483 30.045 -1.148
1.000 1.000 51.740 21.497 -1.150
154.071 1.000 253.378 75.920 -1.167
1.000 1.000 30.472 49.907 -1.168
10.889 1.000 61.876 35.676 -1.170
130.831 1.000 174.385 32.424 -1.192
1.000 1.000 256.000 88.329 -1.193
