145.844 75.274 256.000 221.701 -0.920
104.878 80.685 161.644 179.246 -0.954
1.000 160.504 55.732 225.709 -1.080
87.423 63.574 127.462 145.519 -1.083
106.444 169.653 168.897 256.000 -1.090
122.675 11.909 181.766 117.442 -1.095
47.068 33.938 128.537 187.749 -1.100
2.201 81.166 81.470 234.817 -1.114
90.393 24.800 228.540 204.409 -1.128
1.000 30.568 118.567 241.562 -1.160
49.914 158.642 209.315 256.000 -1.161
182.560 209.293 256.000 256.000 -1.223
1.000 97.386 232.787 256.000 -1.238
226.647 20.424 256.000 96.554 -1.255
198.507 11.544 253.904 111.455 -1.264
