1.000 1.000 227.438 177.302 1.789
220.232 1.000 256.000 44.076 1.646
1.000 243.753 24.759 256.000 1.616
1.000 175.907 130.574 256.000 1.615
216.594 237.595 256.000 256.000 1.608
186.482 221.608 256.000 256.000 1.597
101.425 199.813 256.000 256.000 1.592
88.504 127.610 256.000 256.000 1.579
202.214 1.000 256.000 70.265 1.540
1.000 257.545 69.195 256.000 1.495
214.639 66.508 256.000 165.811 1.356
1.000 121.243 165.399 256.000 1.350
143.654 258.475 240.406 256.000 1.326
148.373 259.091 233.489 256.000 1.284
206.777 7.943 256.000 140.492 1.279
46.036 260.126 128.907 256.000 1.261
17.526 258.490 94.639 256.000 1.193
59.473 258.163 149.874 256.000 1.101
134.582 258.190 246.144 256.000 1.100
144.876 257.795 223.348 256.000 1.089
84.507 257.730 157.024 256.000 1.074
37.092 260.526 120.725 256.000 1.056
72.892 262.157 146.963 256.000 0.984
136.423 258.812 210.244 256.000 0.982
178.114 1.000 256.000 234.757 0.923
176.168 258.388 247.866 256.000 0.711
4.483 77.853 256.000 256.000 0.638
105.852 257.915 176.301 256.000 0.473
