114.641 79.964 181.298 141.815 -0.967
160.018 203.320 218.333 235.669 -0.985
201.751 199.434 256.000 241.472 -0.988
137.991 125.368 250.172 226.817 -0.989
187.761 220.714 256.000 256.000 -0.992
106.954 54.409 162.364 104.961 -0.994
184.463 93.171 240.811 134.463 -1.018
122.593 54.628 198.749 115.128 -1.019
25.105 109.194 256.000 256.000 -1.021
109.989 48.176 223.971 152.591 -1.025
5.799 80.561 77.762 149.543 -1.036
200.851 61.998 256.000 96.421 -1.037
1.000 157.165 46.751 218.377 -1.037
18.019 24.949 73.858 90.861 -1.063
