97.944 162.530 202.709 222.167 -1.014
138.125 212.661 212.053 256.000 -1.051
1.000 153.674 89.003 217.918 -1.149
169.781 78.770 254.132 130.132 -1.158
119.511 78.915 256.000 163.243 -1.169
155.396 164.123 256.000 238.787 -1.177
1.000 12.717 77.164 73.417 -1.204
96.527 199.794 168.452 244.845 -1.216
57.040 173.792 124.679 221.857 -1.233
31.454 156.151 156.106 222.110 -1.241
108.604 196.400 220.190 256.000 -1.244
25.847 135.406 211.457 256.000 -1.254
89.970 22.157 190.784 90.693 -1.303
171.038 48.749 256.000 105.457 -1.322
46.258 74.713 168.317 159.571 -1.350
56.479 69.245 256.000 213.592 -1.355
