199.334 157.609 256.000 216.905 -1.061
88.320 206.307 153.763 256.000 -1.079
173.884 111.375 251.183 195.329 -1.080
45.720 83.358 99.833 145.245 -1.091
1.000 157.110 49.901 218.493 -1.093
162.488 33.277 256.000 106.244 -1.099
68.216 32.191 147.824 103.033 -1.113
1.000 118.076 74.865 207.665 -1.124
122.457 84.742 249.320 215.182 -1.131
1.000 66.193 255.502 256.000 -1.204
75.464 1.000 135.736 47.984 -1.253
17.632 1.000 138.632 119.415 -1.351
150.035 1.000 194.969 57.923 -1.362
128.074 4.795 224.635 86.604 -1.391
57.594 1.000 251.422 113.497 -1.403
