175.955 1.000 256.000 256.000 -0.091
1.000 1.728 14.823 163.067 -0.092
1.000 1.000 19.599 256.000 -0.107
1.000 1.000 48.268 256.000 -0.128
257.661 188.225 256.000 237.554 -0.135
1.000 1.000 -2.352 256.000 -0.136
1.000 1.000 -6.022 256.000 -0.136
1.000 1.000 -9.691 256.000 -0.136
1.000 1.000 -13.361 256.000 -0.136
1.000 1.000 -17.031 256.000 -0.136
271.150 1.000 256.000 256.000 -0.136
267.485 1.000 256.000 256.000 -0.136
263.821 1.000 256.000 256.000 -0.136
260.156 1.000 256.000 256.000 -0.136
1.000 1.000 -2.124 256.000 -0.136
1.000 1.000 -5.548 256.000 -0.136
1.000 1.000 -8.972 256.000 -0.136
1.000 1.000 -12.396 256.000 -0.136
1.000 1.000 -15.820 256.000 -0.136
1.000 1.000 -1.911 256.000 -0.136
1.000 1.000 -5.106 256.000 -0.136
1.000 1.000 -8.300 256.000 -0.136
1.000 1.000 -11.495 256.000 -0.136
1.000 1.000 -14.690 256.000 -0.136
277.936 2.524 256.000 256.000 -0.136
274.745 1.000 256.000 256.000 -0.136
271.555 1.000 256.000 256.000 -0.136
268.365 1.000 256.000 256.000 -0.136
265.175 1.000 256.000 256.000 -0.136
261.985 1.000 256.000 256.000 -0.136
258.795 1.000 256.000 256.000 -0.136
1.000 1.000 -1.712 256.000 -0.136
1.000 1.000 -4.693 256.000 -0.136
1.000 1.000 -7.674 256.000 -0.136
1.000 1.000 -10.655 256.000 -0.136
1.000 1.000 -13.635 256.000 -0.136
259.394 2.447 256.000 256.000 -0.136
1.000 1.000 -1.527 256.000 -0.136
1.000 1.000 -4.308 256.000 -0.136
1.000 1.000 -7.089 256.000 -0.136
1.000 1.000 -9.871 256.000 -0.136
1.000 1.000 -12.652 256.000 -0.136
278.439 49.494 256.000 256.000 -0.136
275.661 2.375 256.000 256.000 -0.136
272.884 1.000 256.000 256.000 -0.136
270.107 1.000 256.000 256.000 -0.136
267.330 1.000 256.000 256.000 -0.136
264.553 1.000 256.000 256.000 -0.136
261.776 1.000 256.000 256.000 -0.136
258.999 1.000 256.000 256.000 -0.136
1.000 1.000 -1.354 256.000 -0.136
1.000 1.000 -3.949 256.000 -0.136
1.000 1.000 -6.544 256.000 -0.136
1.000 1.000 -9.139 256.000 -0.136
1.000 1.000 -11.734 256.000 -0.136
259.863 46.271 256.000 256.000 -0.136
257.272 2.308 256.000 256.000 -0.136
1.000 1.000 -1.193 256.000 -0.136
1.000 1.000 -3.614 256.000 -0.136
1.000 1.000 -6.035 256.000 -0.136
1.000 1.000 -8.456 256.000 -0.136
1.000 1.000 -10.877 256.000 -0.136
274.172 84.284 256.000 256.000 -0.136
271.754 43.265 256.000 256.000 -0.136
269.336 2.245 256.000 256.000 -0.136
266.919 1.000 256.000 256.000 -0.136
264.501 1.000 256.000 256.000 -0.136
262.084 1.000 256.000 256.000 -0.136
259.666 1.000 256.000 256.000 -0.136
257.248 1.000 256.000 256.000 -0.136
1.000 1.000 -1.042 256.000 -0.136
1.000 1.000 -3.301 256.000 -0.136
1.000 1.000 -5.560 256.000 -0.136
1.000 1.000 -7.819 256.000 -0.136
1.000 1.000 -10.078 256.000 -0.136
1.000 1.000 -0.902 256.000 -0.136
1.000 1.000 -3.010 256.000 -0.136
1.000 1.000 -5.117 256.000 -0.136
1.000 1.000 -7.225 256.000 -0.136
1.000 1.000 -9.333 251.202 -0.136
266.361 109.260 256.000 256.000 -0.136
264.257 73.551 256.000 256.000 -0.136
262.152 37.842 256.000 256.000 -0.136
260.048 2.132 256.000 256.000 -0.136
257.943 1.000 256.000 256.000 -0.136
1.000 1.000 -0.771 256.000 -0.136
1.000 1.000 -2.738 256.000 -0.136
1.000 1.000 -4.704 256.000 -0.136
1.000 1.000 -6.671 250.765 -0.136
1.000 1.000 -8.637 234.422 -0.136
274.294 135.354 256.000 256.000 -0.136
272.331 102.036 256.000 256.000 -0.136
270.367 68.718 256.000 256.000 -0.136
268.403 35.400 256.000 256.000 -0.136
266.440 2.082 256.000 256.000 -0.136
264.476 1.000 256.000 256.000 -0.136
262.512 1.000 256.000 256.000 -0.136
260.548 1.000 256.000 256.000 -0.136
258.585 1.000 256.000 256.000 -0.136
1.000 1.000 -0.649 256.000 -0.136
1.000 1.000 -2.484 256.000 -0.136
1.000 1.000 -4.319 249.263 -0.136
1.000 1.000 -6.153 234.014 -0.136
1.000 1.000 -7.988 218.765 -0.136
1.000 1.000 -0.535 256.000 -0.136
1.000 1.000 -2.247 246.840 -0.136
1.000 1.000 -3.959 232.612 -0.136
1.000 1.000 -5.671 218.385 -0.136
1.000 1.000 -7.383 204.157 -0.136
261.297 147.015 256.000 256.000 -0.136
259.587 118.010 256.000 256.000 -0.136
257.878 89.005 256.000 256.000 -0.136
1.000 1.000 -0.428 243.626 -0.136
1.000 1.000 -2.026 230.352 -0.136
1.000 1.000 -3.623 217.077 -0.136
1.000 1.000 -5.220 203.802 -0.136
1.000 1.000 -6.818 190.528 -0.136
264.744 164.324 256.000 256.000 -0.136
263.149 137.262 256.000 256.000 -0.136
261.554 110.199 256.000 256.000 -0.136
259.959 83.137 256.000 256.000 -0.136
258.364 56.074 256.000 256.000 -0.136
1.000 1.000 -0.329 227.354 -0.136
1.000 1.000 -1.819 214.968 -0.136
1.000 1.000 -3.310 202.582 -0.136
1.000 1.000 -4.800 190.196 -0.136
1.000 1.000 -6.291 177.811 -0.136
266.562 178.662 256.000 256.000 -0.136
265.074 153.412 256.000 256.000 -0.136
263.586 128.162 256.000 256.000 -0.136
262.098 102.911 256.000 256.000 -0.136
260.610 77.661 256.000 256.000 -0.136
259.121 52.411 256.000 256.000 -0.136
257.633 27.161 256.000 256.000 -0.136
1.000 1.000 -0.236 212.171 -0.136
1.000 1.000 -1.627 200.614 -0.136
1.000 1.000 -3.018 189.058 -0.136
1.000 1.000 -4.408 177.502 -0.136
1.000 1.000 -5.799 165.945 -0.136
266.955 190.349 256.000 256.000 -0.136
265.566 166.790 256.000 256.000 -0.136
264.178 143.231 256.000 256.000 -0.136
262.789 119.671 256.000 256.000 -0.136
261.401 96.112 256.000 256.000 -0.136
260.012 72.552 256.000 256.000 -0.136
258.623 48.993 256.000 251.916 -0.136
257.235 25.434 256.000 241.134 -0.136
1.000 1.000 -0.150 198.004 -0.136
1.000 1.000 -1.447 187.222 -0.136
1.000 1.000 -2.745 176.439 -0.136
1.000 1.000 -4.042 165.657 -0.136
1.000 1.000 -5.340 154.875 -0.136
266.104 199.676 256.000 256.000 -0.136
264.808 177.694 256.000 256.000 -0.136
263.513 155.712 256.000 256.000 -0.136
262.217 133.731 256.000 256.000 -0.136
260.922 111.749 256.000 256.000 -0.136
259.626 89.767 256.000 255.209 -0.136
258.330 67.786 256.000 245.149 -0.136
257.035 45.804 256.000 235.088 -0.136
1.000 1.000 -0.069 184.787 -0.136
1.000 1.000 -1.280 174.726 -0.136
1.000 1.000 -2.490 164.666 -0.136
1.000 1.000 -3.701 154.606 -0.136
1.000 1.000 -4.912 144.545 -0.136
264.174 206.906 256.000 256.000 -0.136
262.966 186.396 256.000 256.000 -0.136
261.757 165.886 256.000 256.000 -0.136
260.548 145.377 256.000 256.000 -0.136
259.339 124.867 256.000 256.000 -0.136
258.130 104.358 256.000 247.547 -0.136
1.000 1.000 -1.124 163.067 -0.136
1.000 1.000 -2.253 153.681 -0.136
1.000 1.000 -3.383 144.294 -0.136
1.000 1.000 -4.512 134.908 -0.136
261.315 212.278 256.000 256.000 -0.136
260.187 193.142 256.000 256.000 -0.136
259.059 174.006 256.000 256.000 -0.136
257.931 154.870 256.000 256.000 -0.136
1.000 1.000 -0.978 152.189 -0.136
1.000 1.000 -2.032 143.431 -0.136
1.000 1.000 -3.085 134.673 -0.136
1.000 1.000 -4.139 125.915 -0.136
271.430 233.864 256.000 256.000 -0.136
270.378 216.009 256.000 256.000 -0.136
269.326 198.154 256.000 256.000 -0.136
268.273 180.300 256.000 256.000 -0.136
267.221 162.445 256.000 248.270 -0.136
266.169 144.590 256.000 240.098 -0.136
265.116 126.736 256.000 231.927 -0.136
264.064 108.881 256.000 223.755 -0.136
263.012 91.026 256.000 215.584 -0.136
261.959 73.172 256.000 207.412 -0.136
260.907 55.317 256.000 199.241 -0.136
259.855 37.462 256.000 191.069 -0.136
258.802 19.608 256.000 182.898 -0.136
257.750 1.753 256.000 174.726 -0.136
1.000 1.000 -0.842 142.040 -0.136
1.000 1.000 -1.825 133.868 -0.136
1.000 1.000 -2.808 125.697 -0.136
1.000 1.000 -3.791 117.525 -0.136
266.174 234.954 256.000 256.000 -0.136
265.192 218.295 256.000 256.000 -0.136
264.210 201.636 256.000 254.559 -0.136
263.229 184.977 256.000 246.935 -0.136
262.247 168.318 256.000 239.310 -0.136
261.265 151.659 256.000 231.686 -0.136
260.283 135.000 256.000 224.062 -0.136
259.301 118.341 256.000 216.437 -0.136
258.319 101.682 256.000 208.813 -0.136
257.337 85.023 256.000 201.189 -0.136
1.000 1.000 -0.715 132.570 -0.136
1.000 1.000 -1.632 124.946 -0.136
1.000 1.000 -2.550 117.321 -0.136
1.000 1.000 -3.467 109.697 -0.136
272.399 250.398 256.000 256.000 -0.136
271.482 234.855 256.000 256.000 -0.136
270.566 219.311 256.000 251.782 -0.136
269.650 203.768 256.000 244.668 -0.136
268.734 188.225 256.000 237.554 -0.136
267.818 172.681 256.000 230.440 -0.136
266.902 157.138 256.000 223.327 -0.136
265.986 141.595 256.000 216.213 -0.136
265.070 126.051 256.000 209.099 -0.136
264.154 110.508 256.000 201.985 -0.136
263.238 94.964 256.000 194.872 -0.136
262.321 79.421 256.000 187.758 -0.136
261.405 63.878 256.000 180.644 -0.136
260.489 48.334 256.000 173.530 -0.136
259.573 32.791 256.000 166.417 -0.136
258.657 17.247 256.000 159.303 -0.136
257.741 1.704 256.000 152.189 -0.136
261.326 250.398 256.000 256.000 -0.136
260.409 234.855 256.000 256.000 -0.136
259.493 219.311 256.000 251.782 -0.136
258.577 203.768 256.000 244.668 -0.136
1.000 1.000 -0.596 123.734 -0.136
1.000 1.000 -1.452 116.621 -0.136
1.000 1.000 -2.308 109.507 -0.136
1.000 1.000 -3.164 102.393 -0.136
265.414 248.224 256.000 254.875 -0.136
264.559 233.722 256.000 248.237 -0.136
263.705 219.219 256.000 241.600 -0.136
262.850 204.717 256.000 234.963 -0.136
261.995 190.214 256.000 228.325 -0.136
261.140 175.712 256.000 221.688 -0.136
260.286 161.209 256.000 215.051 -0.136
259.431 146.707 256.000 208.413 -0.136
258.576 132.204 256.000 201.776 -0.136
257.721 117.702 256.000 195.139 -0.136
1.000 1.000 -0.486 115.490 -0.136
1.000 1.000 -1.284 108.853 -0.136
1.000 1.000 -2.083 102.216 -0.136
1.000 1.000 -2.882 95.578 -0.136
268.586 258.756 256.000 250.234 -0.136
267.788 245.225 256.000 244.041 -0.136
266.991 231.693 256.000 237.849 -0.136
266.193 218.162 256.000 231.656 -0.136
265.395 204.631 256.000 225.463 -0.136
264.598 191.100 256.000 219.270 -0.136
263.800 177.568 256.000 213.077 -0.136
263.003 164.037 256.000 206.884 -0.136
262.205 150.506 256.000 200.691 -0.136
261.408 136.974 256.000 194.499 -0.136
260.610 123.443 256.000 188.306 -0.136
259.813 109.912 256.000 182.113 -0.136
259.015 96.380 256.000 175.920 -0.136
258.218 82.849 256.000 169.727 -0.136
257.420 69.318 256.000 163.534 -0.136
1.000 258.756 16.757 250.234 -0.136
1.000 245.225 16.012 244.041 -0.136
1.000 1.000 -0.383 107.798 -0.136
1.000 1.000 -1.128 101.605 -0.136
1.000 1.000 -1.873 95.413 -0.136
1.000 1.000 -2.618 89.220 -0.136
270.147 266.770 256.000 245.075 -0.136
269.403 254.145 256.000 239.297 -0.136
268.658 241.520 256.000 233.519 -0.136
267.914 228.895 256.000 227.741 -0.136
267.170 216.270 256.000 221.963 -0.136
266.426 203.644 256.000 216.185 -0.136
265.682 191.019 256.000 210.406 -0.136
264.938 178.394 256.000 204.628 -0.136
264.194 165.769 256.000 198.850 -0.136
263.450 153.144 256.000 193.072 -0.136
262.706 140.519 256.000 187.294 -0.136
261.961 127.894 256.000 181.516 -0.136
261.217 115.268 256.000 175.737 -0.136
260.473 102.643 256.000 169.959 -0.136
259.729 90.018 256.000 164.181 -0.136
258.985 77.393 256.000 158.403 -0.136
258.241 64.768 256.000 152.625 -0.136
257.497 52.143 256.000 146.847 -0.136
1.000 266.770 17.096 245.075 -0.136
1.000 254.145 16.401 239.297 -0.136
1.000 241.520 15.705 233.519 -0.136
1.000 228.895 15.010 227.741 -0.136
1.000 1.000 -0.286 100.622 -0.136
1.000 1.000 -0.982 94.843 -0.136
1.000 1.000 -1.677 89.065 -0.136
1.000 1.000 -2.372 83.287 -0.136
270.299 272.557 256.000 239.488 -0.136
269.605 260.777 256.000 234.097 -0.136
268.910 248.997 256.000 228.705 -0.136
268.216 237.218 256.000 223.314 -0.136
267.522 225.438 256.000 217.923 -0.136
266.828 213.658 256.000 212.532 -0.136
266.133 201.879 256.000 207.141 -0.136
265.439 190.099 256.000 201.749 -0.136
264.745 178.319 256.000 196.358 -0.136
264.050 166.540 256.000 190.967 -0.136
263.356 154.760 256.000 185.576 -0.136
262.662 142.980 256.000 180.185 -0.136
261.968 131.201 256.000 174.793 -0.136
261.273 119.421 256.000 169.402 -0.136
260.579 107.641 256.000 164.011 -0.136
259.885 95.862 256.000 158.620 -0.136
259.190 84.082 256.000 153.229 -0.136
258.496 72.302 256.000 147.837 -0.136
257.802 60.523 256.000 142.446 -0.136
257.108 48.743 256.000 137.055 -0.136
1.000 272.557 17.319 239.488 -0.136
1.000 260.777 16.670 234.097 -0.136
1.000 248.997 16.022 228.705 -0.136
1.000 237.218 15.373 223.314 -0.136
1.000 225.438 14.724 217.923 -0.136
1.000 213.658 14.075 212.532 -0.136
1.000 1.000 -0.196 93.925 -0.136
1.000 1.000 -0.845 88.534 -0.136
1.000 1.000 -1.494 83.143 -0.136
1.000 1.000 -2.143 77.752 -0.136
269.224 276.378 256.000 233.553 -0.136
268.576 265.387 256.000 228.522 -0.136
267.929 254.396 256.000 223.492 -0.136
267.281 243.406 256.000 218.462 -0.136
266.633 232.415 256.000 213.432 -0.136
265.985 221.424 256.000 208.402 -0.136
265.337 210.433 256.000 203.372 -0.136
264.690 199.442 256.000 198.341 -0.136
264.042 188.451 256.000 193.311 -0.136
263.394 177.461 256.000 188.281 -0.136
262.746 166.470 256.000 183.251 -0.136
262.098 155.479 256.000 178.221 -0.136
261.451 144.488 256.000 173.190 -0.136
260.803 133.497 256.000 168.160 -0.136
260.155 122.506 256.000 163.130 -0.136
259.507 111.516 256.000 158.100 -0.136
258.860 100.525 256.000 153.070 -0.136
258.212 89.534 256.000 148.040 -0.136
257.564 78.543 256.000 143.009 -0.136
1.000 276.378 17.440 233.553 -0.136
1.000 265.387 16.835 228.522 -0.136
1.000 254.396 16.230 223.492 -0.136
1.000 243.406 15.625 218.462 -0.136
1.000 232.415 15.019 213.432 -0.136
1.000 221.424 14.414 208.402 -0.136
1.000 210.433 13.809 203.372 -0.136
1.000 199.442 13.203 198.341 -0.136
1.000 1.000 -0.113 87.677 -0.136
1.000 1.000 -0.718 82.647 -0.136
1.000 1.000 -1.323 77.617 -0.136
1.000 1.000 -1.929 72.587 -0.136
1.000 245.225 25.651 244.041 -0.137
1.000 241.520 24.699 233.519 -0.137
260.276 238.671 256.000 239.284 -0.139
258.711 233.864 256.000 256.000 -0.143
261.394 276.378 256.000 233.553 -0.143
1.000 254.145 25.395 239.297 -0.144
1.000 243.406 23.454 218.462 -0.144
1.000 248.997 24.413 228.705 -0.144
1.000 237.218 23.765 223.314 -0.145
1.000 228.895 24.004 227.741 -0.145
1.000 254.396 24.060 223.492 -0.147
257.658 216.009 256.000 256.000 -0.147
258.946 258.756 256.000 250.234 -0.147
1.000 258.756 26.397 250.234 -0.147
261.153 266.770 256.000 245.075 -0.147
260.408 254.145 256.000 239.297 -0.147
259.664 241.520 256.000 233.519 -0.147
1.000 266.770 26.090 245.075 -0.147
261.907 272.557 256.000 239.488 -0.147
261.213 260.777 256.000 234.097 -0.147
260.519 248.997 256.000 228.705 -0.147
1.000 272.557 25.711 239.488 -0.147
1.000 260.777 25.062 234.097 -0.147
260.746 265.387 256.000 228.522 -0.147
260.099 254.396 256.000 223.492 -0.147
1.000 276.378 25.270 233.553 -0.147
1.000 265.387 24.665 228.522 -0.147
1.000 221.424 22.244 208.402 -0.151
1.000 232.415 22.849 213.432 -0.152
256.819 225.438 256.000 217.923 -0.154
1.000 213.658 22.467 212.532 -0.155
256.647 232.415 256.000 213.432 -0.160
259.451 243.406 256.000 218.462 -0.160
1.000 225.438 23.116 217.923 -0.160
1.000 204.968 26.988 203.781 -0.162
259.824 237.218 256.000 223.314 -0.162
257.390 222.625 256.000 239.571 -0.162
258.176 216.270 256.000 221.963 -0.162
257.432 203.644 256.000 216.185 -0.162
258.436 213.658 256.000 212.532 -0.162
257.741 201.879 256.000 207.141 -0.162
257.047 190.099 256.000 201.749 -0.162
258.155 221.424 256.000 208.402 -0.162
257.508 210.433 256.000 203.372 -0.162
256.860 199.442 256.000 198.341 -0.162
1.000 247.635 33.094 237.958 -0.166
1.000 245.225 32.637 244.041 -0.169
250.076 239.242 256.000 237.608 -0.174
1.000 1.000 96.614 256.000 -0.189
1.000 271.576 35.921 235.822 -0.199
2.946 246.381 36.223 221.204 -0.205
1.000 248.997 30.495 228.705 -0.206
1.000 254.703 32.246 232.847 -0.208
253.777 243.406 256.000 218.462 -0.210
257.906 231.512 256.000 219.172 -0.211
253.147 241.520 256.000 233.519 -0.218
1.000 263.903 34.252 219.301 -0.222
1.000 277.040 37.194 230.854 -0.224
253.129 232.415 256.000 213.432 -0.224
253.994 240.211 256.000 219.827 -0.226
1.000 263.906 36.933 240.317 -0.227
1.000 254.396 29.734 223.492 -0.228
258.601 243.292 256.000 224.564 -0.228
1.000 246.288 33.952 215.328 -0.230
1.000 280.562 33.829 225.497 -0.232
1.000 232.205 36.062 224.140 -0.234
254.555 272.195 256.000 241.608 -0.256
249.580 242.923 256.000 227.456 -0.271
245.070 252.440 256.000 228.705 -0.271
86.074 1.000 238.555 256.000 -0.276
259.434 274.147 256.000 249.371 -0.277
258.828 217.450 256.000 227.922 -0.284
262.318 273.280 256.000 246.414 -0.286
251.414 246.720 256.000 239.146 -0.288
5.856 246.399 26.911 202.874 -0.306
257.229 265.387 256.000 228.522 -0.307
249.893 248.729 256.000 222.327 -0.307
1.000 210.433 27.312 203.372 -0.312
250.274 254.703 256.000 232.847 -0.319
2.734 251.779 46.943 248.799 -0.321
15.371 282.046 39.901 234.718 -0.321
2.904 232.205 45.056 224.140 -0.324
1.408 228.231 25.639 221.487 -0.327
239.666 258.756 256.000 250.234 -0.338
250.267 282.046 256.000 234.718 -0.338
240.266 266.483 256.000 238.239 -0.340
10.152 272.557 42.495 239.488 -0.344
1.000 215.157 37.912 199.290 -0.344
258.247 180.099 256.000 215.220 -0.347
258.501 179.910 256.000 206.241 -0.353
248.370 273.280 256.000 246.414 -0.354
1.000 173.535 32.599 172.061 -0.359
1.000 234.232 44.510 218.706 -0.359
6.840 266.770 41.602 245.075 -0.366
8.099 246.720 48.931 239.146 -0.367
1.000 250.375 45.827 234.124 -0.371
10.558 248.030 39.029 234.858 -0.383
246.755 221.732 256.000 206.742 -0.389
255.718 205.110 256.000 199.507 -0.392
247.338 188.242 256.000 181.847 -0.399
21.040 273.280 49.414 246.414 -0.399
1.000 252.440 45.402 228.705 -0.403
2.290 254.703 40.638 232.847 -0.406
258.901 184.403 256.000 187.203 -0.408
24.191 277.862 42.691 242.774 -0.410
7.065 251.779 51.274 248.799 -0.414
6.453 248.997 38.886 228.705 -0.423
31.208 265.180 38.199 256.000 -0.439
151.166 263.589 170.581 256.000 -0.439
235.751 224.010 256.000 192.564 -0.439
9.238 228.231 33.469 221.487 -0.440
252.779 250.883 256.000 194.241 -0.440
224.447 251.779 256.000 248.799 -0.440
7.387 254.396 37.563 223.492 -0.443
150.239 268.011 168.269 249.663 -0.450
1.000 263.903 42.082 219.301 -0.453
238.062 246.325 256.000 224.266 -0.460
26.498 276.378 56.590 233.553 -0.465
251.380 257.020 256.000 244.633 -0.471
242.004 216.621 256.000 206.023 -0.474
9.789 251.955 40.753 216.493 -0.477
223.041 258.756 256.000 250.234 -0.478
256.031 257.884 256.000 252.613 -0.482
168.373 278.631 194.756 240.737 -0.484
18.880 192.835 32.621 182.296 -0.489
246.210 278.631 256.000 240.737 -0.492
251.492 246.305 256.000 198.225 -0.493
243.110 158.169 256.000 146.519 -0.495
36.125 268.475 57.572 255.668 -0.495
241.853 273.280 256.000 246.414 -0.496
240.694 157.643 256.000 151.599 -0.498
35.165 274.147 55.084 249.371 -0.499
153.932 276.378 184.024 233.553 -0.501
156.663 263.669 171.182 256.000 -0.501
248.781 237.442 256.000 235.602 -0.502
236.120 228.721 256.000 225.936 -0.504
30.470 266.483 68.773 238.239 -0.505
75.964 260.408 120.226 236.989 -0.506
249.418 244.514 256.000 237.339 -0.509
157.450 276.378 187.541 233.553 -0.510
158.429 273.280 186.803 246.414 -0.517
210.976 260.260 252.126 243.736 -0.519
249.030 244.956 256.000 174.841 -0.520
253.974 158.093 256.000 150.980 -0.521
249.720 269.495 256.000 256.000 -0.522
224.370 213.764 256.000 205.070 -0.522
12.740 246.720 53.573 239.146 -0.523
1.000 218.246 51.473 195.930 -0.525
92.284 272.195 116.344 241.608 -0.525
30.787 266.527 60.408 240.442 -0.526
126.240 266.770 161.002 245.075 -0.527
171.968 282.046 196.498 234.718 -0.528
164.069 272.711 187.738 253.104 -0.529
246.991 243.615 256.000 229.927 -0.532
15.767 225.438 48.292 217.923 -0.541
19.449 203.236 45.401 196.668 -0.541
172.143 278.631 198.526 240.737 -0.542
124.103 278.631 150.486 240.737 -0.543
136.284 258.756 173.646 250.234 -0.544
155.124 272.557 187.467 239.488 -0.545
141.713 268.073 167.592 248.121 -0.548
223.584 255.454 256.000 252.990 -0.548
123.755 270.711 159.407 232.387 -0.548
216.413 278.631 242.796 240.737 -0.551
72.866 251.779 117.075 248.799 -0.552
176.417 273.280 204.791 246.414 -0.555
213.402 258.756 250.764 250.234 -0.555
114.770 266.770 149.532 245.075 -0.555
173.708 272.711 197.378 253.104 -0.555
224.805 278.631 251.188 240.737 -0.559
169.899 273.280 198.274 246.414 -0.560
130.028 260.260 171.178 243.736 -0.564
104.464 273.280 132.838 246.414 -0.568
120.457 276.378 150.548 233.553 -0.568
89.449 272.557 121.791 239.488 -0.569
3.313 213.315 39.966 200.237 -0.570
132.495 278.631 158.878 240.737 -0.574
115.711 278.631 142.094 240.737 -0.576
212.878 268.011 230.908 249.663 -0.577
217.713 270.711 253.365 232.387 -0.577
246.375 248.729 256.000 222.327 -0.578
97.946 273.280 126.320 246.414 -0.579
67.069 260.260 108.219 243.736 -0.580
188.398 272.195 212.459 241.608 -0.581
100.151 272.557 132.494 239.488 -0.582
11.458 224.209 29.896 212.702 -0.586
136.887 266.527 166.508 240.442 -0.586
17.189 206.797 49.115 185.873 -0.587
11.472 253.481 50.370 220.072 -0.589
48.754 265.043 89.967 231.221 -0.592
14.346 241.520 49.205 233.519 -0.592
99.123 276.378 129.214 233.553 -0.592
102.641 276.378 132.732 233.553 -0.593
