1.000 1.000 250.334 221.617 1.882
1.000 213.237 107.309 256.000 1.835
160.447 202.652 256.000 256.000 1.803
1.000 261.759 25.497 256.000 1.631
1.000 259.948 31.307 256.000 1.614
1.000 258.808 33.608 256.000 1.606
1.000 262.342 45.134 256.000 1.537
1.000 257.566 29.099 256.000 1.530
48.871 265.314 146.260 256.000 1.524
1.000 257.654 23.697 256.000 1.509
1.000 191.431 190.080 256.000 1.500
1.000 257.268 56.348 256.000 1.497
26.825 265.194 121.168 256.000 1.497
1.000 265.222 51.542 256.000 1.494
1.000 258.838 23.291 256.000 1.485
12.709 268.202 109.602 256.000 1.453
1.000 261.625 62.307 256.000 1.448
1.000 259.745 18.948 256.000 1.447
1.000 257.128 41.339 256.000 1.372
10.213 259.597 137.657 256.000 1.309
10.121 270.421 111.766 256.000 1.306
1.000 257.841 61.152 256.000 1.298
9.943 260.816 114.989 256.000 1.288
112.163 260.238 214.812 256.000 1.284
40.939 263.082 139.508 256.000 1.270
39.424 260.582 119.314 256.000 1.246
155.664 257.956 238.900 256.000 1.243
1.000 261.969 80.653 256.000 1.221
135.489 262.127 244.268 256.000 1.217
46.580 260.739 124.716 256.000 1.215
18.476 262.225 104.740 256.000 1.213
49.499 258.349 136.067 256.000 1.210
9.979 260.176 96.741 256.000 1.170
45.977 257.876 134.844 256.000 1.158
173.949 257.994 250.439 256.000 1.157
19.389 267.001 97.745 256.000 1.153
21.608 262.466 107.160 256.000 1.152
109.379 261.648 189.898 256.000 1.150
32.537 264.305 110.565 256.000 1.149
55.745 259.514 138.535 256.000 1.140
167.633 261.005 251.169 256.000 1.137
24.448 262.024 101.259 256.000 1.136
92.424 264.559 172.504 256.000 1.133
28.685 263.972 100.330 256.000 1.128
47.433 257.665 121.736 256.000 1.118
6.645 263.613 87.624 256.000 1.109
86.001 262.914 165.533 256.000 1.099
108.037 261.136 191.439 256.000 1.089
15.101 263.089 90.521 256.000 1.088
95.374 259.952 184.559 256.000 1.080
50.553 258.849 136.389 256.000 1.079
30.006 270.078 94.494 256.000 1.073
52.855 259.776 145.521 256.000 1.069
77.068 258.123 156.386 256.000 1.067
112.667 259.541 217.141 256.000 1.066
70.729 260.003 144.619 256.000 1.061
94.767 264.429 176.189 256.000 1.058
139.888 260.477 225.682 256.000 1.051
126.803 257.006 236.472 256.000 1.041
245.804 86.668 256.000 151.689 1.039
82.124 257.670 165.774 256.000 1.039
96.702 261.409 168.994 256.000 1.032
140.926 260.843 218.213 256.000 1.012
3.700 263.974 71.991 256.000 1.005
83.681 257.314 161.747 256.000 0.978
104.414 261.068 221.100 256.000 0.977
85.010 257.186 231.730 256.000 0.956
65.923 261.546 178.838 256.000 0.938
87.608 260.558 205.783 256.000 0.902
44.616 257.969 123.634 256.000 0.704
46.276 261.189 119.206 256.000 0.703
33.462 260.531 106.531 256.000 0.579
249.380 103.050 256.000 256.000 0.538
2.548 257.291 76.120 256.000 0.482
166.280 258.074 237.644 256.000 0.412
42.857 266.051 127.412 256.000 0.347
11.359 270.165 79.776 256.000 0.343
18.223 263.022 92.680 256.000 0.259
123.810 258.554 202.159 256.000 0.178
16.757 258.514 103.341 256.000 0.111
175.107 259.165 234.872 256.000 -0.447
