34.193 55.960 91.228 88.485 -0.966
8.903 24.059 102.586 76.585 -0.994
134.334 8.756 234.450 77.414 -1.037
35.854 44.354 140.107 112.218 -1.041
59.980 18.424 174.949 97.528 -1.050
149.020 61.209 232.723 105.233 -1.077
44.041 95.425 104.922 137.110 -1.079
47.028 191.590 137.391 253.258 -1.085
127.306 52.905 232.094 124.917 -1.112
45.727 148.490 222.076 256.000 -1.115
1.000 1.000 191.506 114.175 -1.125
11.452 216.601 77.234 256.000 -1.145
1.000 129.588 64.088 178.050 -1.178
193.374 214.753 256.000 256.000 -1.194
52.307 83.629 167.986 159.182 -1.211
15.985 108.715 256.000 207.318 -1.213
34.703 42.980 243.230 160.261 -1.216
1.000 3.692 256.000 215.133 -1.244
1.000 190.061 65.491 248.050 -1.462
1.000 244.014 18.078 256.000 -1.797
169.256 1.000 228.677 4.442 -1.859
