1.000 1.000 6.657 73.637 -0.293
78.412 1.000 104.792 32.362 -0.305
26.035 1.000 170.495 83.959 -0.310
323.694 1.000 256.000 29.440 -0.323
252.994 1.000 119.431 37.806 -0.340
138.220 1.000 245.091 22.935 -0.340
1.000 75.790 -129.290 156.321 -0.343
292.672 1.000 256.000 22.087 -0.345
165.151 1.000 256.000 190.296 -0.345
1.000 1.000 241.241 166.337 -0.353
336.464 1.000 256.000 12.185 -0.356
217.338 1.000 164.697 70.303 -0.361
358.826 1.000 256.000 13.440 -0.363
1.000 1.000 -56.337 79.317 -0.374
315.393 1.000 256.000 25.649 -0.376
1.000 77.307 -113.592 165.881 -0.378
1.000 1.000 -122.912 114.417 -0.384
1.000 49.799 -59.330 97.671 -0.385
420.052 1.000 256.000 57.918 -0.385
258.136 1.000 256.000 170.306 -0.386
283.087 1.000 256.000 46.798 -0.387
428.810 1.000 256.000 19.452 -0.388
272.540 1.000 256.000 93.260 -0.390
1.000 1.000 -31.351 11.959 -0.391
1.000 1.000 -25.752 33.332 -0.394
341.687 1.000 256.000 -2.853 -0.394
335.067 1.000 256.000 17.407 -0.394
499.600 1.000 256.000 130.695 -0.395
339.339 1.000 256.000 45.881 -0.397
315.586 1.000 256.000 21.588 -0.397
160.918 1.000 149.771 31.952 -0.398
281.200 1.000 256.000 9.354 -0.398
329.434 1.000 256.000 38.886 -0.401
209.612 1.000 182.565 22.583 -0.402
1.000 159.981 30.905 211.538 -0.402
1.000 51.923 -29.321 120.873 -0.402
24.353 155.008 103.266 205.244 -0.403
260.547 1.000 256.000 6.691 -0.404
1.000 1.000 -138.514 75.044 -0.405
260.666 1.000 256.000 30.585 -0.406
1.000 58.986 -24.330 135.525 -0.406
1.000 1.000 -101.465 233.942 -0.407
260.357 148.244 256.000 203.869 -0.409
297.285 1.000 256.000 245.055 -0.411
1.000 1.000 -99.153 121.318 -0.411
1.000 1.000 -31.009 48.611 -0.412
559.072 1.000 256.000 126.723 -0.413
1.000 1.000 -33.341 52.093 -0.413
1.000 1.000 -137.294 93.011 -0.413
263.759 11.363 256.000 73.565 -0.414
1.000 110.928 -14.151 147.666 -0.414
364.478 1.000 256.000 13.990 -0.415
277.550 1.000 256.000 14.280 -0.415
276.241 1.000 250.270 14.828 -0.416
261.806 10.595 256.000 68.648 -0.416
204.422 1.000 27.168 28.244 -0.417
1.000 93.071 -22.192 142.691 -0.417
1.000 62.162 -91.442 135.158 -0.418
279.133 1.000 256.000 77.871 -0.418
222.262 1.000 162.427 15.437 -0.418
85.154 184.650 256.000 256.000 -0.418
1.000 165.796 -12.908 211.948 -0.418
275.528 1.000 256.000 33.406 -0.418
1.000 1.000 -104.080 157.722 -0.418
1.000 1.000 -97.011 147.166 -0.419
1.000 58.029 -85.219 126.113 -0.420
376.156 1.000 256.000 38.066 -0.420
317.980 1.000 256.000 20.444 -0.420
287.460 1.000 240.114 36.284 -0.422
1.000 1.000 -21.493 34.401 -0.422
184.179 1.000 158.717 16.989 -0.423
271.189 1.000 256.000 27.334 -0.423
258.414 1.000 256.000 36.614 -0.423
1.000 81.896 -23.234 141.164 -0.423
334.010 1.000 103.866 25.130 -0.424
1.000 47.218 -68.941 102.454 -0.424
1.000 1.000 -35.841 55.825 -0.424
1.000 1.000 -59.714 57.297 -0.425
1.000 227.355 25.623 256.000 -0.425
268.952 1.000 256.000 19.694 -0.425
1.000 70.676 -46.013 161.012 -0.425
1.000 1.000 -28.406 60.625 -0.426
1.000 1.000 -26.804 42.331 -0.426
145.805 1.000 132.503 28.992 -0.426
1.000 1.000 -38.040 72.970 -0.427
1.000 1.000 -119.776 181.161 -0.427
435.843 1.000 256.000 150.759 -0.427
1.000 216.480 40.051 256.000 -0.427
1.000 1.000 -70.532 54.439 -0.428
367.631 1.000 230.770 37.832 -0.428
257.978 1.000 256.000 7.662 -0.429
1.000 88.325 -24.544 141.752 -0.429
1.000 1.000 -61.210 47.405 -0.429
1.000 21.956 -16.672 61.563 -0.429
259.962 1.000 256.000 7.160 -0.429
1.000 71.352 -20.035 122.903 -0.430
1.000 76.029 -29.303 129.364 -0.430
1.000 1.000 -18.058 37.861 -0.431
1.000 1.000 -72.051 106.345 -0.431
1.000 1.000 -20.963 43.477 -0.431
273.014 1.000 256.000 60.310 -0.431
1.000 80.886 -26.673 130.434 -0.432
1.000 1.000 -65.709 50.800 -0.432
172.578 1.000 163.829 20.039 -0.433
196.926 1.000 117.186 21.766 -0.433
1.000 74.688 -86.535 149.300 -0.434
1.000 1.000 -45.330 47.924 -0.435
1.000 1.000 -57.748 114.579 -0.435
1.000 70.144 -69.716 152.007 -0.435
1.000 187.629 -93.111 256.000 -0.435
260.816 1.000 256.000 41.309 -0.435
1.000 1.000 -14.717 28.862 -0.437
193.301 1.000 174.164 17.331 -0.437
466.874 1.000 256.000 55.997 -0.437
1.000 41.960 -25.331 81.457 -0.438
260.567 1.000 256.000 23.216 -0.438
1.000 73.433 -59.005 144.617 -0.438
1.000 1.000 -41.629 24.640 -0.439
1.000 1.000 -10.759 51.113 -0.439
227.708 1.000 219.858 2.189 -0.439
1.000 1.000 -62.300 46.865 -0.439
1.000 1.000 -29.403 31.651 -0.441
259.984 1.000 256.000 24.871 -0.441
1.000 1.000 -111.656 169.035 -0.441
1.000 52.944 -60.756 105.599 -0.441
264.023 176.744 256.000 206.045 -0.441
1.000 1.000 -4.435 75.766 -0.442
243.417 1.000 164.334 39.494 -0.443
261.353 1.000 256.000 45.250 -0.443
1.000 1.000 -67.127 99.229 -0.444
288.660 1.000 256.000 55.866 -0.444
1.000 1.000 -9.509 44.776 -0.444
1.000 38.437 -55.720 83.236 -0.444
1.000 201.263 118.249 256.000 -0.444
1.000 55.944 -63.121 101.533 -0.444
430.885 1.000 256.000 184.954 -0.445
1.000 1.000 -113.780 117.864 -0.445
188.411 1.000 152.499 27.515 -0.445
361.658 1.000 256.000 106.675 -0.445
1.000 1.000 -24.909 39.502 -0.446
1.000 1.000 -38.286 165.852 -0.446
1.000 1.000 -29.534 33.387 -0.446
1.000 44.484 -67.164 94.674 -0.446
1.000 1.000 -31.619 33.916 -0.446
1.000 1.000 -38.519 59.825 -0.447
1.000 1.000 -43.171 95.864 -0.447
60.923 1.000 55.706 22.950 -0.448
1.000 39.916 -25.238 90.565 -0.449
268.247 125.789 256.000 177.321 -0.449
272.634 1.000 256.000 29.285 -0.449
1.000 1.000 -41.390 64.112 -0.450
1.000 1.000 -5.314 87.017 -0.450
1.000 1.000 -65.000 71.457 -0.450
1.000 156.796 -7.511 201.444 -0.450
1.000 74.781 -38.263 153.337 -0.451
1.000 51.301 -44.938 115.531 -0.452
1.000 1.000 -19.464 64.823 -0.452
1.000 1.000 -17.512 42.887 -0.452
327.022 1.000 256.000 32.947 -0.452
