48.828 81.747 90.296 149.358 0.162
168.594 17.542 254.313 173.723 -0.093
14.336 5.997 78.839 109.156 -0.613
86.008 85.190 139.115 173.225 -0.736
145.555 17.203 183.372 86.626 -0.802
118.154 84.658 163.244 153.022 -0.903
62.295 74.950 169.369 152.237 -0.987
148.108 182.887 217.518 256.000 -1.018
68.160 29.449 118.831 89.890 -1.030
1.000 168.934 41.429 256.000 -1.031
34.142 44.473 105.778 134.601 -1.039
22.134 122.215 136.635 252.572 -1.041
217.828 178.298 256.000 244.729 -1.048
85.565 18.249 225.056 177.240 -1.052
161.577 147.461 256.000 253.917 -1.060
62.561 116.152 218.468 256.000 -1.062
1.000 79.251 34.525 134.559 -1.069
1.000 6.001 19.819 77.023 -1.071
27.831 46.772 146.115 181.769 -1.071
8.113 1.000 245.841 244.726 -1.075
242.171 1.000 256.000 31.440 -1.160
