62.630 1.000 198.167 93.196 -1.026
127.270 118.231 154.768 138.464 -1.032
67.969 96.646 114.264 148.692 -1.052
78.618 59.860 149.481 130.579 -1.054
199.699 37.336 251.646 85.791 -1.080
128.038 82.975 184.823 140.789 -1.097
200.567 107.455 238.640 137.576 -1.104
130.506 59.960 256.000 131.856 -1.111
65.484 135.018 75.742 159.053 -1.115
8.962 107.694 74.128 114.328 -1.116
48.941 74.309 101.577 140.703 -1.119
60.212 82.314 167.573 174.940 -1.127
193.099 9.664 256.000 65.781 -1.131
1.000 46.658 55.980 102.135 -1.133
28.520 14.238 70.986 91.252 -1.135
6.877 13.980 93.144 120.645 -1.141
181.730 1.000 256.000 154.933 -1.179
49.584 205.424 81.634 256.000 -1.193
58.122 185.539 126.469 256.000 -1.194
171.570 190.381 209.024 252.120 -1.194
100.982 25.562 256.000 114.103 -1.201
115.577 151.468 227.347 255.326 -1.207
5.414 53.542 150.006 140.964 -1.210
140.071 98.062 204.967 176.694 -1.223
11.962 196.979 66.614 256.000 -1.223
21.861 39.890 256.000 256.000 -1.226
1.000 107.597 84.062 94.648 -1.258
1.000 144.934 33.559 231.974 -1.273
169.404 244.335 178.670 235.989 -1.281
