1.000 1.000 24.038 83.772 -0.353
204.975 10.827 256.000 200.900 -0.365
1.000 85.101 26.895 144.653 -0.374
1.000 1.000 49.739 72.685 -0.379
1.000 223.232 31.285 256.000 -0.392
194.437 190.457 256.000 256.000 -0.396
1.000 134.476 29.639 203.644 -0.403
1.000 107.723 42.466 210.309 -0.409
1.000 182.849 17.482 249.229 -0.413
1.000 127.338 129.946 256.000 -0.416
148.049 1.000 256.000 78.061 -0.417
135.570 131.490 256.000 256.000 -0.428
1.000 1.000 70.350 216.550 -0.446
40.124 1.000 147.945 67.193 -0.461
7.807 1.000 248.450 133.630 -0.464
149.948 1.000 256.000 256.000 -0.479
1.000 1.000 158.311 256.000 -0.522
