33.307 82.265 125.398 168.183 -0.870
192.767 19.117 256.000 80.525 -0.893
33.290 78.954 246.243 158.364 -0.954
3.460 119.870 71.598 188.570 -0.992
17.266 134.524 218.737 255.176 -0.997
134.662 17.534 235.666 114.088 -1.000
54.111 25.670 126.664 94.061 -1.014
10.955 47.460 84.527 115.857 -1.041
27.117 1.947 93.065 62.270 -1.047
4.135 18.737 236.252 108.113 -1.074
199.623 202.699 256.000 256.000 -1.083
114.480 29.821 256.000 179.017 -1.085
1.000 83.048 55.988 146.426 -1.096
1.000 66.261 230.695 208.758 -1.107
