176.880 46.199 217.789 127.510 -0.949
77.551 24.859 117.832 112.729 -0.950
224.786 82.217 256.000 197.021 -0.969
112.908 27.663 170.340 148.729 -0.977
29.948 27.856 72.592 120.051 -0.998
25.664 79.626 54.311 183.598 -1.025
163.313 23.357 191.796 125.931 -1.041
92.873 24.897 126.606 159.597 -1.079
203.726 22.016 233.369 128.235 -1.089
68.664 28.197 111.916 190.135 -1.091
167.502 38.877 231.505 174.163 -1.104
2.023 1.000 32.761 104.469 -1.113
3.756 1.000 71.711 210.194 -1.119
205.276 138.901 250.329 230.320 -1.127
73.065 25.738 180.131 205.708 -1.133
166.702 1.000 244.080 256.000 -1.148
