133.648 95.841 256.000 251.401 -0.985
1.000 101.426 82.000 159.519 -1.021
60.022 4.771 230.226 162.247 -1.046
28.819 84.285 98.193 176.975 -1.130
13.879 20.995 88.549 95.064 -1.145
105.241 215.726 151.942 246.044 -1.177
87.174 213.173 118.590 247.941 -1.186
97.306 180.452 145.171 256.000 -1.192
46.249 202.448 110.770 251.698 -1.195
14.058 49.593 102.047 134.578 -1.207
9.643 43.641 74.837 241.974 -1.214
1.000 1.000 256.000 256.000 -1.245
208.786 161.770 185.598 246.649 -1.266
150.457 199.499 132.625 256.000 -1.271
