26.107 22.340 70.192 89.734 -1.022
72.775 62.980 132.776 152.218 -1.071
186.425 16.374 253.179 120.351 -1.077
77.660 224.613 146.716 256.000 -1.078
12.909 94.297 64.882 177.948 -1.078
108.189 90.667 176.517 133.992 -1.107
124.750 29.901 232.371 113.671 -1.108
102.450 74.697 196.347 142.930 -1.113
1.000 18.629 73.137 128.363 -1.115
144.857 163.499 215.267 216.183 -1.118
91.260 163.422 161.107 207.456 -1.118
122.031 223.828 214.393 256.000 -1.118
178.776 94.350 223.718 155.688 -1.119
182.430 181.805 241.840 256.000 -1.120
206.776 131.103 256.000 178.365 -1.138
68.700 86.220 252.510 233.097 -1.141
28.251 217.546 109.118 256.000 -1.145
29.789 191.609 161.421 256.000 -1.148
59.835 2.039 250.994 138.987 -1.153
1.000 126.493 130.398 249.384 -1.171
