239.461 23.532 256.000 70.912 -0.352
194.437 190.457 256.000 256.000 -0.369
227.002 14.246 256.000 74.053 -0.372
1.000 3.097 30.277 103.395 -0.379
239.915 60.787 256.000 108.740 -0.393
1.000 76.659 72.995 255.300 -0.400
1.000 1.000 75.284 110.000 -0.401
147.037 160.716 256.000 256.000 -0.405
223.766 97.859 256.000 192.340 -0.408
223.717 5.095 256.000 117.622 -0.411
58.480 142.763 256.000 256.000 -0.414
209.278 7.366 256.000 206.147 -0.419
1.000 1.000 132.436 129.337 -0.442
147.707 1.000 256.000 94.269 -0.454
1.000 58.539 132.789 256.000 -0.460
131.447 8.024 256.000 256.000 -0.475
116.700 1.000 177.318 19.092 -0.579
96.644 1.000 175.181 50.334 -0.587
1.000 1.000 236.597 161.018 -0.607
