108.002 1.000 256.000 101.694 1.895
51.505 1.000 256.000 247.516 1.826
1.000 1.000 74.814 36.164 1.767
1.000 246.391 44.792 256.000 1.750
1.000 199.591 113.837 256.000 1.714
1.000 1.000 75.647 71.675 1.668
1.000 131.860 108.521 256.000 1.647
207.896 248.791 256.000 256.000 1.616
1.000 264.312 21.956 256.000 1.573
141.822 243.025 235.987 256.000 1.572
1.000 1.000 97.416 112.321 1.568
1.000 258.503 33.372 256.000 1.554
1.000 263.970 26.652 256.000 1.534
1.000 69.493 46.784 174.186 1.526
1.000 259.663 31.086 256.000 1.512
71.653 244.595 177.714 256.000 1.457
31.144 260.399 132.467 256.000 1.286
42.687 258.245 128.152 256.000 1.236
55.936 257.516 147.414 256.000 1.229
92.533 259.838 161.843 256.000 1.225
43.912 257.572 128.370 256.000 1.222
65.351 260.958 145.226 256.000 1.217
62.685 262.469 136.103 256.000 1.207
71.776 258.067 152.190 256.000 1.192
61.853 263.277 145.244 256.000 1.189
71.905 261.698 143.739 256.000 1.183
1.000 3.784 95.371 244.909 1.179
53.168 265.643 152.714 256.000 1.150
69.235 259.286 154.621 256.000 1.147
64.872 257.100 153.051 256.000 1.131
9.713 267.472 86.922 256.000 1.112
1.000 257.002 75.010 256.000 1.068
1.000 264.991 68.771 256.000 1.064
16.912 264.293 87.367 256.000 1.052
10.342 263.801 89.835 256.000 0.952
133.410 267.728 207.969 256.000 0.706
1.000 259.905 67.793 256.000 0.495
47.539 262.884 116.685 256.000 0.490
126.599 267.546 216.099 256.000 0.456
